221 1992.627702 2.194E-34 4.780E-09.0314.0314 3247.45710.500.000000              1              0                    O 40q     000000 0 1 1 0 0 0   462.0  486.0
221 2001.698893 2.333E-34 4.893E-09.0319.0319 3089.76050.500.000000              1              0                    O 39q     000000 0 1 1 0 0 0   225.0  237.0
221 2010.745740 9.731E-34 5.009E-09.0325.0325 2935.93570.500.000000              1              0                    O 38q     000000 0 1 1 0 0 0   438.0  462.0
221 2019.767981 9.949E-34 5.127E-09.0330.0330 2785.98810.500.000000              1              0                    O 37q     000000 0 1 1 0 0 0   213.0  225.0
221 2028.765353 3.989E-33 5.246E-09.0336.0336 2639.92280.500.000000              1              0                    O 36q     000000 0 1 1 0 0 0   414.0  438.0
221 2037.737593 3.921E-33 5.368E-09.0341.0341 2497.74500.500.000000              1              0                    O 35q     000000 0 1 1 0 0 0   201.0  213.0
221 2046.684438 1.511E-32 5.492E-09.0346.0346 2359.45950.500.000000              1              0                    O 34q     000000 0 1 1 0 0 0   390.0  414.0
221 2055.605624 1.427E-32 5.618E-09.0352.0352 2225.07130.500.000000              1              0                    O 33q     000000 0 1 1 0 0 0   189.0  201.0
221 2064.500885 5.285E-32 5.747E-09.0357.0357 2094.58490.500.000000              1              0                    O 32q     000000 0 1 1 0 0 0   366.0  390.0
221 2073.369957 4.795E-32 5.878E-09.0363.0363 1968.00490.500.000000              1              0                    O 31q     000000 0 1 1 0 0 0   177.0  189.0
221 2082.212574 1.705E-31 6.010E-09.0368.0368 1845.33580.500.000000              1              0                    O 30q     000000 0 1 1 0 0 0   342.0  366.0
221 2091.028471 1.486E-31 6.147E-09.0373.0373 1726.58160.500.000000              1              0                    O 29q     000000 0 1 1 0 0 0   165.0  177.0
221 2099.817381 5.075E-31 6.286E-09.0379.0379 1611.74670.500.000000              1              0                    O 28q     000000 0 1 1 0 0 0   318.0  342.0
221 2108.579037 4.245E-31 6.427E-09.0384.0384 1500.83500.500.000000              1              0                    O 27q     000000 0 1 1 0 0 0   153.0  165.0
221 2117.313172 1.391E-30 6.570E-09.0390.0390 1393.85030.500.000000              1              0                    O 26q     000000 0 1 1 0 0 0   294.0  318.0
221 2126.019518 1.117E-30 6.721E-09.0395.0395 1290.79630.500.000000              1              0                    O 25q     000000 0 1 1 0 0 0   141.0  153.0
221 2134.697807 3.511E-30 6.870E-09.0400.0400 1191.67660.500.000000              1              0                    O 24q     000000 0 1 1 0 0 0   270.0  294.0
221 2143.347771 2.702E-30 7.024E-09.0406.0406 1096.49480.500.000000              1              0                    O 23q     000000 0 1 1 0 0 0   129.0  141.0
221 2151.969141 8.144E-30 7.183E-09.0411.0411 1005.25400.500.000000              1              0                    O 22q     000000 0 1 1 0 0 0   246.0  270.0
221 2160.561647 6.006E-30 7.344E-09.0417.0417  917.95740.500.000000              1              0                    O 21q     000000 0 1 1 0 0 0   117.0  129.0
221 2169.125020 1.734E-29 7.512E-09.0422.0422  834.60810.500.000000              1              0                    O 20q     000000 0 1 1 0 0 0   222.0  246.0
221 2177.658990 1.224E-29 7.681E-09.0427.0427  755.20900.500.000000              1              0                    O 19q     000000 0 1 1 0 0 0   105.0  117.0
221 2186.163285 3.381E-29 7.859E-09.0433.0433  679.76280.500.000000              1              0                    O 18q     000000 0 1 1 0 0 0   198.0  222.0
221 2194.637636 2.282E-29 8.040E-09.0438.0438  608.27220.500.000000              1              0                    O 17q     000000 0 1 1 0 0 0    93.0  105.0
221 2203.081771 6.022E-29 8.229E-09.0444.0444  540.73950.500.000000              1              0                    O 16q     000000 0 1 1 0 0 0   174.0  198.0
221 2211.495418 3.880E-29 8.426E-09.0449.0449  477.16730.500.000000              1              0                    O 15q     000000 0 1 1 0 0 0    81.0   93.0
221 2219.878306 9.763E-29 8.634E-09.0454.0454  417.55760.500.000000              1              0                    O 14q     000000 0 1 1 0 0 0   150.0  174.0
221 2228.230162 5.990E-29 8.853E-09.0460.0460  361.91260.500.000000              1              0                    O 13q     000000 0 1 1 0 0 0    69.0   81.0
221 2236.550715 1.432E-28 9.084E-09.0465.0465  310.23410.500.000000              1              0                    O 12q     000000 0 1 1 0 0 0   126.0  150.0
221 2244.839689 8.335E-29 9.337E-09.0471.0471  262.52400.500.000000              1              0                    O 11q     000000 0 1 1 0 0 0    57.0   69.0
221 2253.096814 1.885E-28 9.610E-09.0476.0476  218.78390.500.000000              1              0                    O 10q     000000 0 1 1 0 0 0   102.0  126.0
221 2261.321814 1.034E-28 9.921E-09.0481.0481  179.01540.500.000000              1              0                    O  9q     000000 0 1 1 0 0 0    45.0   57.0
221 2269.514417 2.193E-28 1.027E-08.0487.0487  143.21970.500.000000              1              0                    O  8q     000000 0 1 1 0 0 0    78.0  102.0
221 2277.674348 1.119E-28 1.069E-08.0492.0492  111.39830.500.000000              1              0                    O  7q     000000 0 1 1 0 0 0    33.0   45.0
221 2285.801332 2.187E-28 1.123E-08.0498.0498   83.55210.500.000000              1              0                    O  6q     000000 0 1 1 0 0 0    54.0   78.0
221 2293.895094 1.011E-28 1.198E-08.0503.0503   59.68210.500.000000              1              0                    O  5q     000000 0 1 1 0 0 0    21.0   33.0
221 2301.399874 2.312E-34 6.387E-09.0314.0314 3247.45710.500.000000              1              0                    Q 40q     000000 0 1 1 0 0 0   486.0  486.0
221 2301.955361 1.737E-28 1.317E-08.0508.0508   39.78920.500.000000              1              0                    O  4q     000000 0 1 1 0 0 0    30.0   54.0
221 2302.791953 2.431E-34 6.406E-09.0319.0319 3089.76050.500.000000              1              0                    Q 39q     000000 0 1 1 0 0 0   237.0  237.0
221 2304.149105 1.003E-33 6.427E-09.0325.0325 2935.93570.500.000000              1              0                    Q 38q     000000 0 1 1 0 0 0   462.0  462.0
221 2305.471339 1.014E-33 6.444E-09.0330.0330 2785.98810.500.000000              1              0                    Q 37q     000000 0 1 1 0 0 0   225.0  225.0
221 2306.758666 4.023E-33 6.465E-09.0336.0336 2639.92280.500.000000              1              0                    Q 36q     000000 0 1 1 0 0 0   438.0  438.0
221 2308.011093 3.911E-33 6.482E-09.0341.0341 2497.74500.500.000000              1              0                    Q 35q     000000 0 1 1 0 0 0   213.0  213.0
221 2309.228630 1.491E-32 6.499E-09.0346.0346 2359.45950.500.000000              1              0                    Q 34q     000000 0 1 1 0 0 0   414.0  414.0
221 2309.981856 6.637E-29 1.563E-08.0514.0514   23.87410.500.000000              1              0                    O  3q     000000 0 1 1 0 0 0     9.0   21.0
221 2310.411285 1.394E-32 6.519E-09.0352.0352 2225.07130.500.000000              1              0                    Q 33q     000000 0 1 1 0 0 0   201.0  201.0
221 2311.559067 5.107E-32 6.534E-09.0357.0357 2094.58490.500.000000              1              0                    Q 32q     000000 0 1 1 0 0 0   390.0  390.0
221 2312.671983 4.586E-32 6.550E-09.0363.0363 1968.00490.500.000000              1              0                    Q 31q     000000 0 1 1 0 0 0   189.0  189.0
221 2313.750041 1.615E-31 6.568E-09.0368.0368 1845.33580.500.000000              1              0                    Q 30q     000000 0 1 1 0 0 0   366.0  366.0
221 2314.793248 1.393E-31 6.583E-09.0373.0373 1726.58160.500.000000              1              0                    Q 29q     000000 0 1 1 0 0 0   177.0  177.0
221 2315.801613 4.709E-31 6.596E-09.0379.0379 1611.74670.500.000000              1              0                    Q 28q     000000 0 1 1 0 0 0   342.0  342.0
221 2316.775142 3.901E-31 6.612E-09.0384.0384 1500.83500.500.000000              1              0                    Q 27q     000000 0 1 1 0 0 0   165.0  165.0
221 2317.713842 1.266E-30 6.624E-09.0390.0390 1393.85030.500.000000              1              0                    Q 26q     000000 0 1 1 0 0 0   318.0  318.0
221 2317.974304 7.897E-29 2.651E-08.0519.0519   11.93730.500.000000              1              0                    O  2q     000000 0 1 1 0 0 0     6.0   30.0
221 2318.617719 1.007E-30 6.642E-09.0395.0395 1290.79630.500.000000              1              0                    Q 25q     000000 0 1 1 0 0 0   153.0  153.0
221 2319.486780 3.136E-30 6.653E-09.0400.0400 1191.67660.500.000000              1              0                    Q 24q     000000 0 1 1 0 0 0   294.0  294.0
221 2320.321031 2.392E-30 6.667E-09.0406.0406 1096.49480.500.000000              1              0                    Q 23q     000000 0 1 1 0 0 0   141.0  141.0
221 2321.120478 7.144E-30 6.678E-09.0411.0411 1005.25400.500.000000              1              0                    Q 22q     000000 0 1 1 0 0 0   270.0  270.0
221 2321.885126 5.224E-30 6.691E-09.0417.0417  917.95740.500.000000              1              0                    Q 21q     000000 0 1 1 0 0 0   129.0  129.0
221 2322.614980 1.495E-29 6.701E-09.0422.0422  834.60810.500.000000              1              0                    Q 20q     000000 0 1 1 0 0 0   246.0  246.0
221 2323.310047 1.047E-29 6.712E-09.0427.0427  755.20900.500.000000              1              0                    Q 19q     000000 0 1 1 0 0 0   117.0  117.0
221 2323.970330 2.871E-29 6.726E-09.0433.0433  679.76280.500.000000              1              0                    Q 18q     000000 0 1 1 0 0 0   222.0  222.0
221 2324.595834 1.924E-29 6.736E-09.0438.0438  608.27220.500.000000              1              0                    Q 17q     000000 0 1 1 0 0 0   105.0  105.0
221 2325.186564 5.044E-29 6.747E-09.0444.0444  540.73950.500.000000              1              0                    Q 16q     000000 0 1 1 0 0 0   198.0  198.0
221 2325.742524 3.230E-29 6.757E-09.0449.0449  477.16730.500.000000              1              0                    Q 15q     000000 0 1 1 0 0 0    93.0   93.0
221 2326.263717 8.085E-29 6.769E-09.0454.0454  417.55760.500.000000              1              0                    Q 14q     000000 0 1 1 0 0 0   174.0  174.0
221 2326.750148 4.938E-29 6.779E-09.0460.0460  361.91260.500.000000              1              0                    Q 13q     000000 0 1 1 0 0 0    81.0   81.0
221 2327.201819 1.177E-28 6.790E-09.0465.0465  310.23410.500.000000              1              0                    Q 12q     000000 0 1 1 0 0 0   150.0  150.0
221 2327.618735 6.838E-29 6.803E-09.0471.0471  262.52400.500.000000              1              0                    Q 11q     000000 0 1 1 0 0 0    69.0   69.0
221 2328.000897 1.547E-28 6.816E-09.0476.0476  218.78390.500.000000              1              0                    Q 10q     000000 0 1 1 0 0 0   126.0  126.0
221 2328.348308 8.508E-29 6.832E-09.0481.0481  179.01540.500.000000              1              0                    Q  9q     000000 0 1 1 0 0 0    57.0   57.0
221 2328.660972 1.816E-28 6.850E-09.0487.0487  143.21970.500.000000              1              0                    Q  8q     000000 0 1 1 0 0 0   102.0  102.0
221 2328.938889 9.386E-29 6.876E-09.0492.0492  111.39830.500.000000              1              0                    Q  7q     000000 0 1 1 0 0 0    45.0   45.0
221 2329.182063 1.872E-28 6.912E-09.0498.0498   83.55210.500.000000              1              0                    Q  6q     000000 0 1 1 0 0 0    78.0   78.0
221 2329.390494 8.961E-29 6.965E-09.0503.0503   59.68210.500.000000              1              0                    Q  5q     000000 0 1 1 0 0 0    33.0   33.0
221 2329.564185 1.637E-28 7.060E-09.0508.0508   39.78920.500.000000              1              0                    Q  4q     000000 0 1 1 0 0 0    54.0   54.0
221 2329.703136 7.061E-29 7.249E-09.0514.0514   23.87410.500.000000              1              0                    Q  3q     000000 0 1 1 0 0 0    21.0   21.0
221 2329.807348 1.145E-28 7.765E-09.0519.0519   11.93730.500.000000              1              0                    Q  2q     000000 0 1 1 0 0 0    30.0   30.0
221 2329.876823 5.001E-29 1.088E-08.0525.0525    3.97910.500.000000              1              0                    Q  1q     000000 0 1 1 0 0 0     9.0    9.0
221 2341.744605 8.629E-29 5.579E-09.0530.0530    0.00000.500.000000              1              0                    S  0q     000000 0 1 1 0 0 0    30.0    6.0
221 2349.598103 7.694E-29 7.294E-09.0525.0525    3.97910.500.000000              1              0                    S  1q     000000 0 1 1 0 0 0    21.0    9.0
221 2357.416172 2.136E-28 8.239E-09.0519.0519   11.93730.500.000000              1              0                    S  2q     000000 0 1 1 0 0 0    54.0   30.0
221 2365.198536 1.319E-28 8.881E-09.0514.0514   23.87410.500.000000              1              0                    S  3q     000000 0 1 1 0 0 0    33.0   21.0
221 2372.944916 3.027E-28 9.378E-09.0508.0508   39.78920.500.000000              1              0                    S  4q     000000 0 1 1 0 0 0    78.0   54.0
221 2380.655036 1.644E-28 9.788E-09.0503.0503   59.68210.500.000000              1              0                    S  5q     000000 0 1 1 0 0 0    45.0   33.0
221 2388.328618 3.415E-28 1.014E-08.0498.0498   83.55210.500.000000              1              0                    S  6q     000000 0 1 1 0 0 0   102.0   78.0
221 2395.965383 1.708E-28 1.046E-08.0492.0492  111.39830.500.000000              1              0                    S  7q     000000 0 1 1 0 0 0    57.0   45.0
221 2403.565055 3.305E-28 1.075E-08.0487.0487  143.21970.500.000000              1              0                    S  8q     000000 0 1 1 0 0 0   126.0  102.0
221 2411.127354 1.550E-28 1.103E-08.0481.0481  179.01540.500.000000              1              0                    S  9q     000000 0 1 1 0 0 0    69.0   57.0
221 2418.652002 2.825E-28 1.129E-08.0476.0476  218.78390.500.000000              1              0                    S 10q     000000 0 1 1 0 0 0   150.0  126.0
221 2426.138720 1.253E-28 1.154E-08.0471.0471  262.52400.500.000000              1              0                    S 11q     000000 0 1 1 0 0 0    81.0   69.0
221 2433.587230 2.167E-28 1.178E-08.0465.0465  310.23410.500.000000              1              0                    S 12q     000000 0 1 1 0 0 0   174.0  150.0
221 2440.997254 9.138E-29 1.203E-08.0460.0460  361.91260.500.000000              1              0                    S 13q     000000 0 1 1 0 0 0    93.0   81.0
221 2448.368511 1.504E-28 1.226E-08.0454.0454  417.55760.500.000000              1              0                    S 14q     000000 0 1 1 0 0 0   198.0  174.0
221 2455.700722 6.048E-29 1.249E-08.0449.0449  477.16730.500.000000              1              0                    S 15q     000000 0 1 1 0 0 0   105.0   93.0
221 2462.993609 9.503E-29 1.272E-08.0444.0444  540.73950.500.000000              1              0                    S 16q     000000 0 1 1 0 0 0   222.0  198.0
221 2470.246892 3.650E-29 1.295E-08.0438.0438  608.27220.500.000000              1              0                    S 17q     000000 0 1 1 0 0 0   117.0  105.0
221 2477.460290 5.484E-29 1.318E-08.0433.0433  679.76280.500.000000              1              0                    S 18q     000000 0 1 1 0 0 0   246.0  222.0
221 2484.633526 2.015E-29 1.340E-08.0427.0427  755.20900.500.000000              1              0                    S 19q     000000 0 1 1 0 0 0   129.0  117.0
221 2491.766317 2.898E-29 1.362E-08.0422.0422  834.60810.500.000000              1              0                    S 20q     000000 0 1 1 0 0 0   270.0  246.0
221 2498.858386 1.020E-29 1.384E-08.0417.0417  917.95740.500.000000              1              0                    S 21q     000000 0 1 1 0 0 0   141.0  129.0
221 2505.909451 1.406E-29 1.407E-08.0411.0411 1005.25400.500.000000              1              0                    S 22q     000000 0 1 1 0 0 0   294.0  270.0
221 2512.919233 4.742E-30 1.429E-08.0406.0406 1096.49480.500.000000              1              0                    S 23q     000000 0 1 1 0 0 0   153.0  141.0
221 2519.887451 6.267E-30 1.451E-08.0400.0400 1191.67660.500.000000              1              0                    S 24q     000000 0 1 1 0 0 0   318.0  294.0
221 2526.813825 2.028E-30 1.473E-08.0395.0395 1290.79630.500.000000              1              0                    S 25q     000000 0 1 1 0 0 0   165.0  153.0
221 2533.698074 2.571E-30 1.495E-08.0390.0390 1393.85030.500.000000              1              0                    S 26q     000000 0 1 1 0 0 0   342.0  318.0
221 2540.539920 7.986E-31 1.517E-08.0384.0384 1500.83500.500.000000              1              0                    S 27q     000000 0 1 1 0 0 0   177.0  165.0
221 2547.339080 9.720E-31 1.539E-08.0379.0379 1611.74670.500.000000              1              0                    S 28q     000000 0 1 1 0 0 0   366.0  342.0
221 2554.095274 2.898E-31 1.561E-08.0373.0373 1726.58160.500.000000              1              0                    S 29q     000000 0 1 1 0 0 0   189.0  177.0
221 2560.808223 3.388E-31 1.584E-08.0368.0368 1845.33580.500.000000              1              0                    S 30q     000000 0 1 1 0 0 0   390.0  366.0
221 2567.477644 9.702E-32 1.606E-08.0363.0363 1968.00490.500.000000              1              0                    S 31q     000000 0 1 1 0 0 0   201.0  189.0
221 2574.103259 1.089E-31 1.628E-08.0357.0357 2094.58490.500.000000              1              0                    S 32q     000000 0 1 1 0 0 0   414.0  390.0
221 2580.684785 2.998E-32 1.651E-08.0352.0352 2225.07130.500.000000              1              0                    S 33q     000000 0 1 1 0 0 0   213.0  201.0
221 2587.221943 3.235E-32 1.673E-08.0346.0346 2359.45950.500.000000              1              0                    S 34q     000000 0 1 1 0 0 0   438.0  414.0
221 2593.714452 8.554E-33 1.695E-08.0341.0341 2497.74500.500.000000              1              0                    S 35q     000000 0 1 1 0 0 0   225.0  213.0
221 2600.162031 8.872E-33 1.717E-08.0336.0336 2639.92280.500.000000              1              0                    S 36q     000000 0 1 1 0 0 0   462.0  438.0
221 2606.564399 2.256E-33 1.740E-08.0330.0330 2785.98810.500.000000              1              0                    S 37q     000000 0 1 1 0 0 0   237.0  225.0
221 2612.921276 2.249E-33 1.762E-08.0325.0325 2935.93570.500.000000              1              0                    S 38q     000000 0 1 1 0 0 0   486.0  462.0
221 2619.232382 5.499E-34 1.784E-08.0319.0319 3089.76050.500.000000              1              0                    S 39q     000000 0 1 1 0 0 0   249.0  237.0
221 2625.497436 5.273E-34 1.807E-08.0314.0314 3247.45710.500.000000              1              0                    S 40q     000000 0 1 1 0 0 0   510.0  486.0
