   668.123019  6.999D-11  3.633D-05  1339.8316 .0877 .75   3
   668.128712  8.282D-11  4.600D-05  1342.9649 .0863 .74   4
   668.135827  8.854D-11  5.516D-05  1346.8815 .0849 .74   5
   668.144364  9.164D-11  6.372D-05  1351.5814 .0836 .73   6
   668.154325  9.353D-11  7.159D-05  1357.0645 .0823 .72   7
   668.165704  9.477D-11  7.870D-05  1363.3309 .0811 .71   8
   668.178510  9.563D-11  8.500D-05  1370.3805 .0800 .70   9
   668.192729  9.625D-11  9.044D-05  1378.2133 .0790 .70  10
   668.208380  9.671D-11  9.499D-05  1386.8292 .0780 .69  11
   668.225433  9.706D-11  9.864D-05  1396.2283 .0771 .69  12
   668.243929  9.734D-11  1.014D-04  1406.4104 .0762 .69  13
   668.263811  9.756D-11  1.032D-04  1417.3756 .0754 .69  14
   668.285153  9.774D-11  1.042D-04  1429.1237 .0747 .70  15
   668.307858  9.789D-11  1.044D-04  1441.6548 .0740 .71  16
   668.332046  9.801D-11  1.038D-04  1454.9687 .0734 .73  17
   668.357567  9.811D-11  1.025D-04  1469.0656 .0728 .74  18
   668.384600  9.820D-11  1.005D-04  1483.9451 .0722 .75  19
   668.412929  9.827D-11  9.787D-05  1499.6074 .0717 .76  20
   668.442808  9.834D-11  9.476D-05  1516.0522 .0713 .76  21
   668.473938  9.839D-11  9.120D-05  1533.2798 .0708 .77  22
   668.506659  9.844D-11  8.727D-05  1551.2896 .0704 .77  23
   668.540585  9.849D-11  8.304D-05  1570.0821 .0701 .78  24
   668.576145  9.853D-11  7.859D-05  1589.6567 .0698 .78  25
   668.612862  9.856D-11  7.397D-05  1610.0138 .0695 .78  26
   668.651251  9.859D-11  6.927D-05  1631.1528 .0692 .78  27
   668.690759  9.862D-11  6.453D-05  1653.0742 .0690 .78  28
   668.731966  9.864D-11  5.982D-05  1675.7773 .0687 .78  29
   668.774268  9.866D-11  5.517D-05  1699.2625 .0686 .78  30
   668.818275  9.868D-11  5.064D-05  1723.5293 .0684 .78  31
   668.863381  9.870D-11  4.626D-05  1748.5780 .0682 .78  32
   668.910161  9.872D-11  4.206D-05  1774.4080 .0681 .78  33
   668.958089  9.873D-11  3.806D-05  1801.0198 .0679 .78  34
   669.007607  9.875D-11  3.428D-05  1828.4127 .0678 .78  35
   669.058385  9.876D-11  3.073D-05  1856.5870 .0677 .78  36
   669.110591  9.877D-11  2.743D-05  1885.5423 .0676 .78  37
   669.164261  9.878D-11  2.437D-05  1915.2787 .0675 .78  38
   669.219093  9.879D-11  2.156D-05  1945.7960 .0674 .78  39
   669.275712  9.880D-11  1.898D-05  1977.0938 .0673 .78  40
   669.333088  9.881D-11  1.664D-05  2009.1726 .0672 .78  41
   669.392732  9.882D-11  1.453D-05  2042.0313 .0671 .78  42
   669.452549  9.883D-11  1.263D-05  2075.6712 .0670 .78  43
   669.515318  9.883D-11  1.093D-05  2110.0901 .0668 .78  44
   669.577448  9.884D-11  9.416D-06  2145.2906 .0667 .77  45
   669.643467  9.884D-11  8.079D-06  2181.2690 .0666 .77  46
   669.707754  9.885D-11  6.903D-06  2218.0296 .0664 .77  47
   669.777180  9.885D-11  5.873D-06  2255.5668 .0663 .77  48
   669.843432  9.886D-11  4.975D-06  2293.8869 .0661 .76  49
   669.916457  9.886D-11  4.197D-06  2332.9821 .0660 .76  50
   669.984445  9.887D-11  3.526D-06  2372.8614 .0658 .76  51
   670.061304  9.887D-11  2.950D-06  2413.5136 .0656 .75  52
   670.130753  9.888D-11  2.458D-06  2454.9517 .0654 .75  53
   670.211725  9.888D-11  2.039D-06  2497.1599 .0652 .75  54
   670.282311  9.888D-11  1.685D-06  2540.1563 .0650 .74  55
   670.367732  9.889D-11  1.387D-06  2583.9196 .0647 .74  56
   670.439073  9.889D-11  1.136D-06  2628.4739 .0645 .73  57
   670.529336  9.889D-11  9.276D-07  2673.7912 .0643 .73  58
   670.600988  9.890D-11  7.540D-07  2719.9030 .0640 .73  59
   670.696555  9.890D-11  6.105D-07  2766.7729 .0638 .72  60
   670.768001  9.890D-11  4.922D-07  2814.4419 .0636 .72  61
   670.869407  9.890D-11  3.953D-07  2862.8633 .0633 .71  62
   670.940052  9.890D-11  3.162D-07  2912.0891 .0631 .71  63
   671.047917  9.891D-11  2.519D-07  2962.0606 .0628 .70  64
   671.117078  9.891D-11  1.999D-07  3012.8430 .0626 .70  65
   671.232114  9.891D-11  1.580D-07  3064.3629 .0623 .69  66
   671.299010  9.891D-11  1.243D-07  3116.7018 .0620 .69  67
   671.422031  9.891D-11  9.748D-08  3169.7686 .0618 .68  68
   671.485776  9.892D-11  7.611D-08  3223.6638 .0615 .68  69
   671.617707  9.892D-11  5.920D-08  3278.2758 .0613 .67  70
   671.677296  9.892D-11  4.586D-08  3333.7271 .0610 .67  71
   671.819187  9.892D-11  3.539D-08  3389.8823 .0608 .66  72
   671.873487  9.892D-11  2.720D-08  3446.8900 .0605 .66  73
   672.026520  9.892D-11  2.083D-08  3504.5864 .0603 .66  74
   672.074260  9.892D-11  1.588D-08  3563.1504 .0601 .65  75
   672.239765  9.893D-11  1.206D-08  3622.3858 .0598 .65  76
   672.279518  9.893D-11  9.123D-09  3682.5065 .0596 .64  77
   672.458983  9.893D-11  6.877D-09  3743.2784 .0594 .64  78
   672.489159  9.893D-11  5.161D-09  3804.9562 .0592 .63  79
   672.684247  9.893D-11  3.860D-09  3867.2621 .0589 .63  80
   672.703076  9.893D-11  2.874D-09  3930.4974 .0587 .62  81
   672.915635  9.893D-11  2.133D-09  3994.3345 .0585 .62  82
   672.921151  9.893D-11  1.576D-09  4059.1280 .0583 .61  83
   673.153233  9.893D-11  1.161D-09  4124.4934 .0581 .61  84
   673.143264  9.893D-11  8.506D-10  4190.8458 .0579 .60  85
   673.397137  9.894D-11  6.217D-10  4257.7362 .0578 .60  86
