 -4.816D-03  7.771D-01
 -3.193D-03  7.728D-01
 -5.090D-03  7.726D-01
 -1.657D-03  7.752D-01
 -4.250D-03  7.642D-01
 -4.984D-03  7.667D-01
 -1.238D-03  7.726D-01
 -2.095D-03  7.693D-01
 -4.987D-03  7.534D-01
 -4.783D-03  7.598D-01
 -8.866D-04  7.748D-01
 -1.692D-03  7.636D-01
 -2.321D-03  7.622D-01
 -5.555D-03  7.405D-01
 -4.558D-03  7.519D-01
 -7.146D-04  7.735D-01
 -1.184D-03  7.682D-01
 -2.024D-03  7.525D-01
 -2.442D-03  7.543D-01
 -6.007D-03  7.257D-01
 -4.335D-03  7.432D-01
 -5.722D-04  7.754D-01
 -9.867D-04  7.648D-01
 -1.372D-03  7.606D-01
 -2.291D-03  7.395D-01
 -2.500D-03  7.457D-01
 -6.368D-03  7.092D-01
 -4.122D-03  7.341D-01
 -4.829D-04  7.749D-01
 -7.824D-04  7.687D-01
 -1.187D-03  7.542D-01
 -1.501D-03  7.524D-01
 -2.516D-03  7.248D-01
 -2.519D-03  7.367D-01
 -6.656D-03  6.912D-01
 -3.921D-03  7.246D-01
 -4.084D-04  7.766D-01
 -6.721D-04  7.668D-01
 -9.270D-04  7.611D-01
 -1.350D-03  7.419D-01
 -1.590D-03  7.437D-01
 -2.706D-03  7.088D-01
 -2.512D-03  7.275D-01
 -6.881D-03  6.718D-01
 -3.732D-03  7.150D-01
 -3.553D-04  7.765D-01
 -5.664D-04  7.701D-01
 -8.123D-04  7.571D-01
 -1.034D-03  7.531D-01
 -1.487D-03  7.284D-01
 -1.651D-03  7.348D-01
 -2.868D-03  6.917D-01
 -2.486D-03  7.182D-01
 -7.052D-03  6.514D-01
 -3.557D-03  7.056D-01
 -3.103D-04  7.779D-01
 -4.978D-04  7.692D-01
 -6.795D-04  7.630D-01
 -9.266D-04  7.462D-01
 -1.116D-03  7.448D-01
 -1.606D-03  7.138D-01
 -1.690D-03  7.260D-01
 -3.004D-03  6.736D-01
 -2.449D-03  7.091D-01
 -7.176D-03  6.299D-01
 -3.393D-03  6.964D-01
 -2.757D-04  7.781D-01
 -4.345D-04  7.720D-01
 -6.045D-04  7.607D-01
 -7.672D-04  7.555D-01
 -1.023D-03  7.342D-01
 -1.178D-03  7.365D-01
 -1.709D-03  6.984D-01
 -1.713D-03  7.174D-01
 -3.118D-03  6.548D-01
 -2.403D-03  7.004D-01
 -7.258D-03  6.076D-01
 -3.241D-03  6.877D-01
 -2.460D-04  7.793D-01
 -3.887D-04  7.717D-01
 -5.257D-04  7.656D-01
 -6.917D-04  7.512D-01
 -8.370D-04  7.479D-01
 -1.107D-03  7.215D-01
 -1.225D-03  7.285D-01
 -1.798D-03  6.823D-01
 -1.723D-03  7.093D-01
 -3.211D-03  6.354D-01
 -2.352D-03  6.922D-01
 -7.304D-03  5.847D-01
 -3.099D-03  6.797D-01
 -2.220D-04  7.796D-01
 -3.469D-04  7.741D-01
 -4.740D-04  7.644D-01
 -5.982D-04  7.589D-01
 -7.658D-04  7.410D-01
 -8.932D-04  7.406D-01
 -1.180D-03  7.082D-01
 -1.260D-03  7.209D-01
 -1.874D-03  6.659D-01
 -1.723D-03  7.017D-01
 -3.286D-03  6.157D-01
 -2.298D-03  6.847D-01
 -7.318D-03  5.613D-01
 -2.966D-03  6.724D-01
 -2.011D-04  7.807D-01
 -3.146D-04  7.742D-01
 -4.225D-04  7.684D-01
 -5.441D-04  7.564D-01
 -6.577D-04  7.523D-01
 -8.301D-04  7.302D-01
 -9.383D-04  7.335D-01
 -1.244D-03  6.946D-01
 -1.285D-03  7.138D-01
 -1.939D-03  6.492D-01
 -1.716D-03  6.947D-01
 -3.343D-03  5.958D-01
 -2.241D-03  6.780D-01
 -7.304D-03  5.376D-01
 -2.842D-03  6.661D-01
 -1.837D-04  7.810D-01
 -2.853D-04  7.761D-01
 -3.852D-04  7.680D-01
 -4.836D-04  7.627D-01
 -6.039D-04  7.478D-01
 -7.069D-04  7.459D-01
 -8.863D-04  7.192D-01
 -9.742D-04  7.270D-01
 -1.300D-03  6.808D-01
 -1.302D-03  7.074D-01
 -1.994D-03  6.325D-01
 -1.703D-03  6.886D-01
 -3.385D-03  5.759D-01
 -2.184D-03  6.722D-01
 -7.266D-03  5.137D-01
 -2.726D-03  6.608D-01
 -1.683D-04  7.818D-01
 -2.615D-04  7.764D-01
 -3.492D-04  7.713D-01
 -4.436D-04  7.613D-01
 -5.347D-04  7.570D-01
 -6.560D-04  7.390D-01
 -7.478D-04  7.399D-01
 -9.358D-04  7.080D-01
 -1.003D-03  7.211D-01
 -1.348D-03  6.670D-01
 -1.311D-03  7.018D-01
 -2.039D-03  6.159D-01
 -1.685D-03  6.834D-01
 -3.414D-03  5.560D-01
 -2.127D-03  6.675D-01
 -7.207D-03  4.898D-01
 -2.618D-03  6.565D-01
 -1.551D-04  7.821D-01
 -2.399D-04  7.780D-01
 -3.214D-04  7.712D-01
 -4.017D-04  7.664D-01
 -4.937D-04  7.543D-01
 -5.778D-04  7.516D-01
 -7.017D-04  7.300D-01
 -7.819D-04  7.345D-01
 -9.793D-04  6.968D-01
 -1.025D-03  7.159D-01
 -1.390D-03  6.534D-01
 -1.316D-03  6.970D-01
 -2.076D-03  5.995D-01
 -1.664D-03  6.791D-01
 -3.429D-03  5.364D-01
 -2.070D-03  6.637D-01
 -7.129D-03  4.660D-01
 -2.516D-03  6.533D-01
 -1.434D-04  7.828D-01
 -2.218D-04  7.783D-01
 -2.949D-04  7.739D-01
 -3.712D-04  7.658D-01
 -4.460D-04  7.617D-01
 -5.374D-04  7.471D-01
 -6.145D-04  7.467D-01
 -7.421D-04  7.210D-01
 -8.100D-04  7.297D-01
 -1.018D-03  6.857D-01
 -1.041D-03  7.115D-01
 -1.425D-03  6.400D-01
 -1.316D-03  6.932D-01
 -2.104D-03  5.835D-01
 -1.640D-03  6.759D-01
 -3.434D-03  5.171D-01
 -2.015D-03  6.610D-01
 -7.035D-03  4.424D-01
 -2.422D-03  6.513D-01
 -1.332D-04  7.830D-01
 -2.053D-04  7.795D-01
 -2.735D-04  7.741D-01
 -3.406D-04  7.699D-01
 -4.142D-04  7.601D-01
 -4.841D-04  7.573D-01
 -5.760D-04  7.400D-01
 -6.458D-04  7.423D-01
 -7.779D-04  7.121D-01
 -8.331D-04  7.256D-01
 -1.051D-03  6.749D-01
 -1.053D-03  7.079D-01
 -1.455D-03  6.270D-01
 -1.312D-03  6.902D-01
 -2.125D-03  5.679D-01
 -1.615D-03  6.736D-01
 -3.429D-03  4.983D-01
 -1.961D-03  6.593D-01
 -6.928D-03  4.191D-01
 -2.333D-03  6.503D-01
 -1.240D-04  7.834D-01
 -1.912D-04  7.798D-01
 -2.534D-04  7.762D-01
 -3.169D-04  7.696D-01
 -3.796D-04  7.660D-01
 -4.519D-04  7.544D-01
 -5.170D-04  7.533D-01
 -6.102D-04  7.329D-01
 -6.724D-04  7.386D-01
 -8.096D-04  7.035D-01
 -8.519D-04  7.223D-01
 -1.080D-03  6.645D-01
 -1.061D-03  7.052D-01
 -1.480D-03  6.145D-01
 -1.306D-03  6.882D-01
 -2.140D-03  5.529D-01
 -1.589D-03  6.722D-01
 -3.414D-03  4.800D-01
 -1.909D-03  6.587D-01
 -6.810D-03  3.963D-01
 -2.250D-03  6.505D-01
 -1.159D-04  7.835D-01
 -1.782D-04  7.807D-01
 -2.365D-04  7.764D-01
 -2.936D-04  7.729D-01
 -3.545D-04  7.651D-01
 -4.134D-04  7.625D-01
 -4.853D-04  7.488D-01
 -5.455D-04  7.499D-01
 -6.408D-04  7.260D-01
 -6.950D-04  7.354D-01
 -8.377D-04  6.952D-01
 -8.670D-04  7.197D-01
 -1.105D-03  6.545D-01
 -1.066D-03  7.033D-01
 -1.500D-03  6.025D-01
 -1.297D-03  6.871D-01
 -2.149D-03  5.384D-01
 -1.561D-03  6.719D-01
 -3.392D-03  4.623D-01
 -1.859D-03  6.591D-01
 -6.683D-03  3.740D-01
 -2.173D-03  6.516D-01
 -1.086D-04  7.838D-01
 -1.669D-04  7.809D-01
 -2.207D-04  7.780D-01
 -2.747D-04  7.728D-01
 -3.283D-04  7.698D-01
 -3.876D-04  7.606D-01
 -4.431D-04  7.594D-01
 -5.152D-04  7.433D-01
 -5.703D-04  7.470D-01
 -6.680D-04  7.194D-01
 -7.142D-04  7.330D-01
 -8.624D-04  6.872D-01
 -8.789D-04  7.179D-01
 -1.127D-03  6.450D-01
 -1.068D-03  7.023D-01
 -1.516D-03  5.911D-01
 -1.286D-03  6.868D-01
 -2.152D-03  5.247D-01
 -1.534D-03  6.724D-01
 -3.364D-03  4.453D-01
 -1.810D-03  6.604D-01
 -6.548D-03  3.522D-01
 -2.100D-03  6.537D-01
 -1.020D-04  7.838D-01
 -1.565D-04  7.816D-01
 -2.071D-04  7.781D-01
 -2.565D-04  7.753D-01
 -3.080D-04  7.692D-01
 -3.586D-04  7.670D-01
 -4.171D-04  7.563D-01
 -4.691D-04  7.567D-01
 -5.419D-04  7.380D-01
 -5.918D-04  7.447D-01
 -6.923D-04  7.131D-01
 -7.303D-04  7.312D-01
 -8.842D-04  6.796D-01
 -8.881D-04  7.168D-01
 -1.145D-03  6.360D-01
 -1.068D-03  7.020D-01
 -1.528D-03  5.803D-01
 -1.274D-03  6.873D-01
 -2.150D-03  5.116D-01
 -1.507D-03  6.738D-01
 -3.329D-03  4.291D-01
 -1.764D-03  6.626D-01
 -6.406D-03  3.312D-01
 -2.032D-03  6.567D-01
 -9.601D-05  7.838D-01
 -1.473D-04  7.816D-01
 -1.944D-04  7.793D-01
 -2.412D-04  7.753D-01
 -2.876D-04  7.729D-01
 -3.376D-04  7.657D-01
 -3.855D-04  7.645D-01
 -4.435D-04  7.520D-01
 -4.921D-04  7.545D-01
 -5.659D-04  7.330D-01
 -6.105D-04  7.429D-01
 -7.140D-04  7.071D-01
 -7.438D-04  7.301D-01
 -9.032D-04  6.725D-01
 -8.949D-04  7.165D-01
 -1.160D-03  6.275D-01
 -1.067D-03  7.024D-01
 -1.536D-03  5.702D-01
 -1.261D-03  6.886D-01
 -2.144D-03  4.993D-01
 -1.480D-03  6.759D-01
 -3.289D-03  4.136D-01
 -1.720D-03  6.655D-01
 -6.261D-03  3.108D-01
 -1.969D-03  6.604D-01
 -9.060D-05  7.837D-01
 -1.389D-04  7.820D-01
 -1.833D-04  7.793D-01
 -2.266D-04  7.772D-01
 -2.711D-04  7.725D-01
 -3.151D-04  7.706D-01
 -3.640D-04  7.624D-01
 -4.093D-04  7.625D-01
 -4.674D-04  7.480D-01
 -5.123D-04  7.528D-01
 -5.875D-04  7.283D-01
 -6.267D-04  7.418D-01
 -7.334D-04  7.015D-01
 -7.550D-04  7.296D-01
 -9.198D-04  6.659D-01
 -8.997D-04  7.167D-01
 -1.173D-03  6.196D-01
 -1.063D-03  7.035D-01
 -1.542D-03  5.608D-01
 -1.247D-03  6.906D-01
 -2.135D-03  4.877D-01
 -1.453D-03  6.787D-01
 -3.245D-03  3.990D-01
 -1.677D-03  6.691D-01
 -6.112D-03  2.913D-01
 -1.909D-03  6.648D-01
 -8.564D-05  7.836D-01
 -1.312D-04  7.819D-01
 -1.729D-04  7.801D-01
 -2.140D-04  7.771D-01
 -2.547D-04  7.752D-01
 -2.976D-04  7.697D-01
 -3.395D-04  7.687D-01
 -3.878D-04  7.591D-01
 -4.305D-04  7.608D-01
 -4.889D-04  7.443D-01
 -5.302D-04  7.516D-01
 -6.069D-04  7.238D-01
 -6.407D-04  7.411D-01
 -7.506D-04  6.963D-01
 -7.642D-04  7.297D-01
 -9.341D-04  6.597D-01
 -9.029D-04  7.176D-01
 -1.183D-03  6.123D-01
 -1.059D-03  7.052D-01
 -1.544D-03  5.520D-01
 -1.233D-03  6.931D-01
 -2.122D-03  4.769D-01
 -1.427D-03  6.821D-01
 -3.198D-03  3.851D-01
 -1.637D-03  6.733D-01
 -5.961D-03  2.725D-01
 -1.853D-03  6.697D-01
 -8.112D-05  7.833D-01
 -1.242D-04  7.820D-01
 -1.636D-04  7.800D-01
 -2.020D-04  7.784D-01
 -2.410D-04  7.748D-01
 -2.797D-04  7.734D-01
 -3.215D-04  7.671D-01
 -3.614D-04  7.672D-01
 -4.093D-04  7.561D-01
 -4.495D-04  7.596D-01
 -5.084D-04  7.407D-01
 -5.460D-04  7.509D-01
 -6.244D-04  7.197D-01
 -6.528D-04  7.410D-01
 -7.658D-04  6.914D-01
 -7.717D-04  7.303D-01
 -9.463D-04  6.541D-01
 -9.046D-04  7.190D-01
 -1.190D-03  6.056D-01
 -1.053D-03  7.074D-01
 -1.543D-03  5.439D-01
 -1.219D-03  6.962D-01
 -2.106D-03  4.669D-01
 -1.401D-03  6.859D-01
 -3.148D-03  3.722D-01
 -1.599D-03  6.780D-01
 -5.808D-03  2.546D-01
 -1.801D-03  6.751D-01
 -7.697D-05  7.830D-01
 -1.178D-04  7.818D-01
 -1.550D-04  7.805D-01
 -1.915D-04  7.782D-01
 -2.276D-04  7.768D-01
 -2.651D-04  7.727D-01
 -3.021D-04  7.720D-01
 -3.432D-04  7.647D-01
 -3.811D-04  7.660D-01
 -4.289D-04  7.533D-01
 -4.665D-04  7.588D-01
 -5.261D-04  7.375D-01
 -5.599D-04  7.506D-01
 -6.401D-04  7.159D-01
 -6.631D-04  7.414D-01
 -7.792D-04  6.870D-01
 -7.776D-04  7.314D-01
 -9.566D-04  6.488D-01
 -9.051D-04  7.208D-01
 -1.196D-03  5.994D-01
 -1.047D-03  7.101D-01
 -1.541D-03  5.365D-01
 -1.204D-03  6.996D-01
 -2.087D-03  4.576D-01
 -1.377D-03  6.902D-01
 -3.095D-03  3.601D-01
 -1.562D-03  6.830D-01
 -5.655D-03  2.376D-01
 -1.752D-03  6.807D-01
 -7.315D-05  7.826D-01
 -1.119D-04  7.817D-01
 -1.472D-04  7.802D-01
 -1.815D-04  7.791D-01
 -2.161D-04  7.764D-01
 -2.504D-04  7.754D-01
 -2.869D-04  7.707D-01
 -3.223D-04  7.708D-01
 -3.629D-04  7.624D-01
 -3.988D-04  7.651D-01
 -4.467D-04  7.506D-01
 -4.817D-04  7.584D-01
 -5.421D-04  7.344D-01
 -5.722D-04  7.507D-01
 -6.543D-04  7.124D-01
 -6.720D-04  7.421D-01
 -7.910D-04  6.829D-01
 -7.823D-04  7.328D-01
 -9.652D-04  6.441D-01
 -9.046D-04  7.230D-01
 -1.199D-03  5.938D-01
 -1.040D-03  7.130D-01
 -1.536D-03  5.297D-01
 -1.189D-03  7.034D-01
 -2.067D-03  4.492D-01
 -1.353D-03  6.947D-01
 -3.040D-03  3.488D-01
 -1.528D-03  6.882D-01
 -5.503D-03  2.214D-01
 -1.706D-03  6.866D-01
 -6.961D-05  7.822D-01
 -1.065D-04  7.813D-01
 -1.399D-04  7.804D-01
 -1.726D-04  7.787D-01
 -2.049D-04  7.778D-01
 -2.381D-04  7.747D-01
 -2.711D-04  7.743D-01
 -3.068D-04  7.688D-01
 -3.405D-04  7.698D-01
 -3.808D-04  7.602D-01
 -4.149D-04  7.645D-01
 -4.630D-04  7.482D-01
 -4.953D-04  7.582D-01
 -5.567D-04  7.316D-01
 -5.831D-04  7.511D-01
 -6.669D-04  7.091D-01
 -6.795D-04  7.431D-01
 -8.013D-04  6.791D-01
 -7.858D-04  7.345D-01
 -9.722D-04  6.397D-01
 -9.032D-04  7.255D-01
 -1.201D-03  5.887D-01
 -1.033D-03  7.163D-01
 -1.529D-03  5.235D-01
 -1.175D-03  7.074D-01
 -2.044D-03  4.414D-01
 -1.330D-03  6.995D-01
 -2.984D-03  3.384D-01
 -1.495D-03  6.937D-01
 -5.351D-03  2.061D-01
 -1.663D-03  6.926D-01
 -6.635D-05  7.816D-01
 -1.014D-04  7.810D-01
 -1.333D-04  7.800D-01
 -1.642D-04  7.792D-01
 -1.951D-04  7.772D-01
 -2.260D-04  7.766D-01
 -2.582D-04  7.731D-01
 -2.898D-04  7.733D-01
 -3.249D-04  7.670D-01
 -3.572D-04  7.692D-01
 -3.973D-04  7.582D-01
 -4.293D-04  7.642D-01
 -4.778D-04  7.459D-01
 -5.075D-04  7.584D-01
 -5.699D-04  7.290D-01
 -5.926D-04  7.518D-01
 -6.782D-04  7.062D-01
 -6.859D-04  7.445D-01
 -8.102D-04  6.757D-01
 -7.884D-04  7.365D-01
 -9.777D-04  6.358D-01
 -9.012D-04  7.282D-01
 -1.202D-03  5.841D-01
 -1.025D-03  7.197D-01
 -1.521D-03  5.180D-01
 -1.161D-03  7.115D-01
 -2.020D-03  4.344D-01
 -1.308D-03  7.043D-01
 -2.927D-03  3.288D-01
 -1.464D-03  6.992D-01
 -5.201D-03  1.918D-01
 -1.623D-03  6.987D-01
 -6.332D-05  7.810D-01
 -9.677D-05  7.804D-01
 -1.271D-04  7.798D-01
 -1.566D-04  7.787D-01
 -1.857D-04  7.781D-01
 -2.155D-04  7.759D-01
 -2.450D-04  7.756D-01
 -2.765D-04  7.716D-01
 -3.068D-04  7.726D-01
 -3.415D-04  7.653D-01
 -3.723D-04  7.687D-01
 -4.124D-04  7.564D-01
 -4.425D-04  7.642D-01
 -4.914D-04  7.439D-01
 -5.184D-04  7.588D-01
 -5.819D-04  7.267D-01
 -6.010D-04  7.528D-01
 -6.883D-04  7.035D-01
 -6.912D-04  7.460D-01
 -8.178D-04  6.726D-01
 -7.901D-04  7.387D-01
 -9.819D-04  6.322D-01
 -8.985D-04  7.310D-01
 -1.201D-03  5.799D-01
 -1.017D-03  7.232D-01
 -1.511D-03  5.130D-01
 -1.146D-03  7.157D-01
 -1.995D-03  4.280D-01
 -1.286D-03  7.092D-01
 -2.869D-03  3.200D-01
 -1.434D-03  7.046D-01
 -5.054D-03  1.783D-01
 -1.585D-03  7.046D-01
 -6.051D-05  7.803D-01
 -9.243D-05  7.799D-01
 -1.214D-04  7.792D-01
 -1.494D-04  7.788D-01
 -1.773D-04  7.774D-01
 -2.052D-04  7.771D-01
 -2.339D-04  7.745D-01
 -2.624D-04  7.748D-01
 -2.932D-04  7.702D-01
 -3.224D-04  7.720D-01
 -3.567D-04  7.638D-01
 -3.861D-04  7.685D-01
 -4.262D-04  7.546D-01
 -4.544D-04  7.643D-01
 -5.038D-04  7.419D-01
 -5.282D-04  7.595D-01
 -5.927D-04  7.244D-01
 -6.083D-04  7.539D-01
 -6.972D-04  7.009D-01
 -6.957D-04  7.477D-01
 -8.243D-04  6.698D-01
 -7.911D-04  7.410D-01
 -9.850D-04  6.290D-01
 -8.954D-04  7.339D-01
 -1.198D-03  5.762D-01
 -1.009D-03  7.268D-01
 -1.500D-03  5.085D-01
 -1.133D-03  7.199D-01
 -1.968D-03  4.223D-01
 -1.266D-03  7.140D-01
 -2.811D-03  3.120D-01
 -1.406D-03  7.100D-01
 -4.908D-03  1.657D-01
 -1.549D-03  7.104D-01
 -5.789D-05  7.796D-01
 -8.842D-05  7.792D-01
 -1.161D-04  7.789D-01
 -1.429D-04  7.781D-01
 -1.693D-04  7.778D-01
 -1.961D-04  7.762D-01
 -2.228D-04  7.762D-01
 -2.509D-04  7.733D-01
 -2.783D-04  7.742D-01
 -3.087D-04  7.688D-01
 -3.366D-04  7.716D-01
 -3.708D-04  7.623D-01
 -3.986D-04  7.685D-01
 -4.389D-04  7.530D-01
 -4.652D-04  7.647D-01
 -5.152D-04  7.401D-01
 -5.369D-04  7.602D-01
 -6.025D-04  7.224D-01
 -6.147D-04  7.551D-01
 -7.052D-04  6.986D-01
 -6.994D-04  7.495D-01
 -8.298D-04  6.671D-01
 -7.915D-04  7.433D-01
 -9.869D-04  6.260D-01
 -8.919D-04  7.369D-01
 -1.195D-03  5.728D-01
 -1.001D-03  7.303D-01
 -1.488D-03  5.045D-01
 -1.119D-03  7.241D-01
 -1.941D-03  4.172D-01
 -1.246D-03  7.187D-01
 -2.753D-03  3.048D-01
 -1.380D-03  7.152D-01
 -4.765D-03  1.540D-01
 -1.515D-03  7.159D-01
 -5.545D-05  7.788D-01
 -8.466D-05  7.786D-01
 -1.111D-04  7.781D-01
 -1.367D-04  7.779D-01
 -1.620D-04  7.770D-01
 -1.873D-04  7.769D-01
 -2.133D-04  7.751D-01
 -2.390D-04  7.755D-01
 -2.665D-04  7.721D-01
 -2.929D-04  7.737D-01
 -3.229D-04  7.676D-01
 -3.497D-04  7.714D-01
 -3.838D-04  7.609D-01
 -4.101D-04  7.686D-01
 -4.507D-04  7.515D-01
 -4.750D-04  7.651D-01
 -5.256D-04  7.383D-01
 -5.448D-04  7.611D-01
 -6.113D-04  7.204D-01
 -6.204D-04  7.565D-01
 -7.121D-04  6.964D-01
 -7.023D-04  7.513D-01
 -8.342D-04  6.647D-01
 -7.914D-04  7.457D-01
 -9.879D-04  6.233D-01
 -8.881D-04  7.397D-01
 -1.191D-03  5.698D-01
 -9.929D-04  7.337D-01
 -1.475D-03  5.010D-01
 -1.106D-03  7.280D-01
 -1.913D-03  4.127D-01
 -1.227D-03  7.232D-01
 -2.695D-03  2.982D-01
 -1.355D-03  7.201D-01
 -4.626D-03  1.431D-01
 -1.484D-03  7.212D-01
 -5.316D-05  7.779D-01
 -8.116D-05  7.777D-01
 -1.065D-04  7.775D-01
 -1.310D-04  7.771D-01
 -1.551D-04  7.770D-01
 -1.795D-04  7.759D-01
 -2.038D-04  7.761D-01
 -2.290D-04  7.740D-01
 -2.539D-04  7.749D-01
 -2.809D-04  7.710D-01
 -3.063D-04  7.733D-01
 -3.361D-04  7.663D-01
 -3.617D-04  7.713D-01
 -3.958D-04  7.596D-01
 -4.207D-04  7.687D-01
 -4.615D-04  7.500D-01
 -4.838D-04  7.657D-01
 -5.351D-04  7.367D-01
 -5.518D-04  7.620D-01
 -6.193D-04  7.186D-01
 -6.252D-04  7.578D-01
 -7.182D-04  6.944D-01
 -7.047D-04  7.531D-01
 -8.378D-04  6.625D-01
 -7.908D-04  7.479D-01
 -9.880D-04  6.209D-01
 -8.840D-04  7.425D-01
 -1.185D-03  5.671D-01
 -9.847D-04  7.370D-01
 -1.462D-03  4.979D-01
 -1.093D-03  7.318D-01
 -1.885D-03  4.087D-01
 -1.209D-03  7.274D-01
 -2.637D-03  2.924D-01
 -1.331D-03  7.248D-01
 -4.489D-03  1.331D-01
 -1.454D-03  7.261D-01
 -5.102D-05  7.770D-01
 -7.787D-05  7.769D-01
 -1.022D-04  7.767D-01
 -1.256D-04  7.766D-01
 -1.488D-04  7.760D-01
 -1.719D-04  7.761D-01
 -1.954D-04  7.749D-01
 -2.189D-04  7.754D-01
 -2.436D-04  7.729D-01
 -2.676D-04  7.744D-01
 -2.942D-04  7.698D-01
 -3.187D-04  7.730D-01
 -3.483D-04  7.651D-01
 -3.728D-04  7.712D-01
 -4.069D-04  7.583D-01
 -4.303D-04  7.690D-01
 -4.714D-04  7.485D-01
 -4.919D-04  7.662D-01
 -5.437D-04  7.350D-01
 -5.581D-04  7.629D-01
 -6.265D-04  7.168D-01
 -6.294D-04  7.591D-01
 -7.235D-04  6.924D-01
 -7.065D-04  7.548D-01
 -8.406D-04  6.604D-01
 -7.898D-04  7.501D-01
 -9.873D-04  6.187D-01
 -8.797D-04  7.451D-01
 -1.179D-03  5.647D-01
 -9.767D-04  7.401D-01
 -1.448D-03  4.951D-01
 -1.081D-03  7.353D-01
 -1.856D-03  4.052D-01
 -1.192D-03  7.313D-01
 -2.580D-03  2.872D-01
 -1.308D-03  7.291D-01
 -4.356D-03  1.238D-01
 -1.425D-03  7.305D-01
 -4.902D-05  7.760D-01
 -7.480D-05  7.759D-01
 -9.810D-05  7.759D-01
 -1.206D-04  7.756D-01
 -1.427D-04  7.757D-01
 -1.650D-04  7.750D-01
 -1.872D-04  7.753D-01
 -2.102D-04  7.739D-01
 -2.329D-04  7.748D-01
 -2.571D-04  7.719D-01
 -2.803D-04  7.739D-01
 -3.066D-04  7.687D-01
 -3.302D-04  7.728D-01
 -3.596D-04  7.639D-01
 -3.830D-04  7.712D-01
 -4.172D-04  7.569D-01
 -4.392D-04  7.692D-01
 -4.805D-04  7.470D-01
 -4.992D-04  7.667D-01
 -5.516D-04  7.334D-01
 -5.637D-04  7.638D-01
 -6.329D-04  7.150D-01
 -6.331D-04  7.603D-01
 -7.280D-04  6.905D-01
 -7.078D-04  7.564D-01
 -8.427D-04  6.584D-01
 -7.884D-04  7.520D-01
 -9.858D-04  6.166D-01
 -8.753D-04  7.475D-01
 -1.173D-03  5.625D-01
 -9.686D-04  7.429D-01
 -1.433D-03  4.927D-01
 -1.069D-03  7.385D-01
 -1.828D-03  4.022D-01
 -1.175D-03  7.349D-01
 -2.524D-03  2.826D-01
 -1.286D-03  7.329D-01
 -4.227D-03  1.153D-01
 -1.398D-03  7.346D-01
 -4.713D-05  7.749D-01
 -7.191D-05  7.749D-01
 -9.430D-05  7.748D-01
 -1.159D-04  7.749D-01
 -1.372D-04  7.746D-01
 -1.584D-04  7.748D-01
 -1.799D-04  7.740D-01
 -2.014D-04  7.746D-01
 -2.238D-04  7.729D-01
 -2.458D-04  7.742D-01
 -2.696D-04  7.708D-01
 -2.921D-04  7.735D-01
 -3.181D-04  7.676D-01
 -3.408D-04  7.726D-01
 -3.702D-04  7.627D-01
 -3.924D-04  7.712D-01
 -4.267D-04  7.556D-01
 -4.473D-04  7.695D-01
 -4.890D-04  7.456D-01
 -5.059D-04  7.672D-01
 -5.588D-04  7.318D-01
 -5.687D-04  7.645D-01
 -6.386D-04  7.133D-01
 -6.362D-04  7.614D-01
 -7.319D-04  6.887D-01
 -7.087D-04  7.578D-01
 -8.440D-04  6.565D-01
 -7.868D-04  7.538D-01
 -9.837D-04  6.147D-01
 -8.707D-04  7.496D-01
 -1.166D-03  5.606D-01
 -9.607D-04  7.454D-01
 -1.417D-03  4.906D-01
 -1.057D-03  7.414D-01
 -1.799D-03  3.995D-01
 -1.159D-03  7.381D-01
 -2.469D-03  2.785D-01
 -1.265D-03  7.364D-01
 -4.101D-03  1.076D-01
 -1.373D-03  7.381D-01
 -4.536D-05  7.738D-01
 -6.919D-05  7.738D-01
 -9.072D-05  7.739D-01
 -1.114D-04  7.738D-01
 -1.319D-04  7.739D-01
 -1.523D-04  7.736D-01
 -1.728D-04  7.740D-01
 -1.937D-04  7.730D-01
 -2.145D-04  7.739D-01
 -2.365D-04  7.718D-01
 -2.578D-04  7.736D-01
 -2.813D-04  7.698D-01
 -3.030D-04  7.731D-01
 -3.289D-04  7.665D-01
 -3.507D-04  7.723D-01
 -3.799D-04  7.615D-01
 -4.011D-04  7.712D-01
 -4.355D-04  7.542D-01
 -4.547D-04  7.696D-01
 -4.967D-04  7.440D-01
 -5.119D-04  7.676D-01
 -5.653D-04  7.301D-01
 -5.731D-04  7.652D-01
 -6.436D-04  7.115D-01
 -6.388D-04  7.623D-01
 -7.351D-04  6.869D-01
 -7.093D-04  7.590D-01
 -8.448D-04  6.546D-01
 -7.849D-04  7.553D-01
 -9.810D-04  6.128D-01
 -8.660D-04  7.515D-01
 -1.158D-03  5.587D-01
 -9.528D-04  7.475D-01
 -1.402D-03  4.887D-01
 -1.045D-03  7.439D-01
 -1.770D-03  3.972D-01
 -1.143D-03  7.409D-01
 -2.414D-03  2.750D-01
 -1.246D-03  7.394D-01
 -3.979D-03  1.006D-01
 -1.349D-03  7.412D-01
 -4.368D-05  7.726D-01
 -6.663D-05  7.727D-01
 -8.735D-05  7.727D-01
 -1.073D-04  7.729D-01
 -1.269D-04  7.727D-01
 -1.465D-04  7.730D-01
 -1.663D-04  7.726D-01
 -1.861D-04  7.732D-01
 -2.065D-04  7.720D-01
 -2.267D-04  7.732D-01
 -2.483D-04  7.708D-01
 -2.690D-04  7.731D-01
 -2.922D-04  7.687D-01
 -3.132D-04  7.727D-01
 -3.389D-04  7.653D-01
 -3.598D-04  7.721D-01
 -3.891D-04  7.601D-01
 -4.091D-04  7.711D-01
 -4.436D-04  7.528D-01
 -4.615D-04  7.697D-01
 -5.038D-04  7.425D-01
 -5.174D-04  7.679D-01
 -5.712D-04  7.284D-01
 -5.771D-04  7.657D-01
 -6.481D-04  7.097D-01
 -6.410D-04  7.630D-01
 -7.377D-04  6.850D-01
 -7.094D-04  7.600D-01
 -8.449D-04  6.528D-01
 -7.828D-04  7.566D-01
 -9.778D-04  6.110D-01
 -8.613D-04  7.530D-01
 -1.150D-03  5.570D-01
 -9.451D-04  7.494D-01
 -1.386D-03  4.870D-01
 -1.034D-03  7.460D-01
 -1.741D-03  3.953D-01
 -1.128D-03  7.432D-01
 -2.361D-03  2.719D-01
 -1.227D-03  7.419D-01
 -3.860D-03  9.419D-02
 -1.326D-03  7.437D-01
 -4.211D-05  7.714D-01
 -6.422D-05  7.714D-01
 -8.417D-05  7.716D-01
 -1.034D-04  7.716D-01
 -1.222D-04  7.718D-01
 -1.411D-04  7.717D-01
 -1.600D-04  7.721D-01
 -1.792D-04  7.715D-01
 -1.984D-04  7.724D-01
 -2.184D-04  7.709D-01
 -2.381D-04  7.725D-01
 -2.593D-04  7.697D-01
 -2.794D-04  7.725D-01
 -3.024D-04  7.675D-01
 -3.227D-04  7.723D-01
 -3.482D-04  7.640D-01
 -3.682D-04  7.717D-01
 -3.975D-04  7.587D-01
 -4.165D-04  7.709D-01
 -4.512D-04  7.512D-01
 -4.677D-04  7.697D-01
 -5.104D-04  7.408D-01
 -5.223D-04  7.681D-01
 -5.766D-04  7.267D-01
 -5.806D-04  7.660D-01
 -6.520D-04  7.079D-01
 -6.428D-04  7.636D-01
 -7.398D-04  6.831D-01
 -7.093D-04  7.607D-01
 -8.446D-04  6.510D-01
 -7.805D-04  7.576D-01
 -9.741D-04  6.093D-01
 -8.565D-04  7.542D-01
 -1.141D-03  5.554D-01
 -9.375D-04  7.508D-01
 -1.370D-03  4.855D-01
 -1.023D-03  7.476D-01
 -1.713D-03  3.936D-01
 -1.114D-03  7.451D-01
 -2.308D-03  2.693D-01
 -1.209D-03  7.439D-01
 -3.746D-03  8.846D-02
 -1.304D-03  7.457D-01
 -4.061D-05  7.701D-01
 -6.193D-05  7.702D-01
 -8.117D-05  7.703D-01
 -9.965D-05  7.705D-01
 -1.179D-04  7.705D-01
 -1.360D-04  7.708D-01
 -1.542D-04  7.706D-01
 -1.725D-04  7.712D-01
 -1.913D-04  7.704D-01
 -2.100D-04  7.716D-01
 -2.296D-04  7.698D-01
 -2.487D-04  7.718D-01
 -2.696D-04  7.685D-01
 -2.891D-04  7.719D-01
 -3.119D-04  7.662D-01
 -3.315D-04  7.717D-01
 -3.569D-04  7.626D-01
 -3.761D-04  7.713D-01
 -4.054D-04  7.572D-01
 -4.233D-04  7.706D-01
 -4.582D-04  7.496D-01
 -4.735D-04  7.695D-01
 -5.164D-04  7.390D-01
 -5.268D-04  7.680D-01
 -5.814D-04  7.248D-01
 -5.836D-04  7.661D-01
 -6.554D-04  7.059D-01
 -6.442D-04  7.638D-01
 -7.413D-04  6.812D-01
 -7.089D-04  7.612D-01
 -8.438D-04  6.491D-01
 -7.780D-04  7.582D-01
 -9.699D-04  6.076D-01
 -8.516D-04  7.551D-01
 -1.132D-03  5.539D-01
 -9.299D-04  7.519D-01
 -1.354D-03  4.841D-01
 -1.013D-03  7.489D-01
 -1.684D-03  3.921D-01
 -1.100D-03  7.465D-01
 -2.257D-03  2.670D-01
 -1.191D-03  7.454D-01
 -3.635D-03  8.333D-02
 -1.283D-03  7.471D-01
 -3.920D-05  7.687D-01
 -5.978D-05  7.688D-01
 -7.833D-05  7.690D-01
 -9.616D-05  7.691D-01
 -1.137D-04  7.694D-01
 -1.312D-04  7.694D-01
 -1.487D-04  7.698D-01
 -1.664D-04  7.695D-01
 -1.842D-04  7.703D-01
 -2.026D-04  7.693D-01
 -2.207D-04  7.707D-01
 -2.400D-04  7.687D-01
 -2.586D-04  7.710D-01
 -2.793D-04  7.673D-01
 -2.982D-04  7.712D-01
 -3.208D-04  7.649D-01
 -3.397D-04  7.711D-01
 -3.651D-04  7.611D-01
 -3.834D-04  7.708D-01
 -4.128D-04  7.556D-01
 -4.297D-04  7.701D-01
 -4.647D-04  7.478D-01
 -4.787D-04  7.691D-01
 -5.219D-04  7.371D-01
 -5.308D-04  7.677D-01
 -5.857D-04  7.228D-01
 -5.863D-04  7.660D-01
 -6.583D-04  7.039D-01
 -6.453D-04  7.638D-01
 -7.424D-04  6.792D-01
 -7.083D-04  7.613D-01
 -8.425D-04  6.472D-01
 -7.754D-04  7.585D-01
 -9.654D-04  6.058D-01
 -8.467D-04  7.555D-01
 -1.123D-03  5.524D-01
 -9.225D-04  7.525D-01
 -1.338D-03  4.828D-01
 -1.003D-03  7.497D-01
 -1.656D-03  3.909D-01
 -1.087D-03  7.474D-01
 -2.207D-03  2.651D-01
 -1.175D-03  7.463D-01
 -3.527D-03  7.876D-02
 -1.263D-03  7.480D-01
 -3.787D-05  7.673D-01
 -5.774D-05  7.675D-01
 -7.565D-05  7.676D-01
 -9.284D-05  7.678D-01
 -1.098D-04  7.679D-01
 -1.266D-04  7.683D-01
 -1.435D-04  7.682D-01
 -1.605D-04  7.688D-01
 -1.778D-04  7.683D-01
 -1.951D-04  7.693D-01
 -2.131D-04  7.681D-01
 -2.308D-04  7.698D-01
 -2.498D-04  7.674D-01
 -2.679D-04  7.702D-01
 -2.884D-04  7.659D-01
 -3.066D-04  7.704D-01
 -3.292D-04  7.634D-01
 -3.473D-04  7.704D-01
 -3.727D-04  7.595D-01
 -3.902D-04  7.701D-01
 -4.196D-04  7.539D-01
 -4.355D-04  7.695D-01
 -4.707D-04  7.459D-01
 -4.835D-04  7.686D-01
 -5.269D-04  7.351D-01
 -5.344D-04  7.673D-01
 -5.896D-04  7.207D-01
 -5.886D-04  7.656D-01
 -6.607D-04  7.017D-01
 -6.462D-04  7.635D-01
 -7.431D-04  6.771D-01
 -7.074D-04  7.611D-01
 -8.408D-04  6.452D-01
 -7.726D-04  7.585D-01
 -9.606D-04  6.041D-01
 -8.418D-04  7.556D-01
 -1.114D-03  5.509D-01
 -9.152D-04  7.527D-01
 -1.321D-03  4.816D-01
 -9.927D-04  7.500D-01
 -1.629D-03  3.898D-01
 -1.074D-03  7.478D-01
 -2.158D-03  2.635D-01
 -1.159D-03  7.468D-01
 -3.423D-03  7.472D-02
 -1.244D-03  7.484D-01
 -3.660D-05  7.659D-01
 -5.580D-05  7.660D-01
 -7.310D-05  7.662D-01
 -8.972D-05  7.663D-01
 -1.060D-04  7.666D-01
 -1.223D-04  7.667D-01
 -1.386D-04  7.672D-01
 -1.550D-04  7.670D-01
 -1.715D-04  7.677D-01
 -1.884D-04  7.671D-01
 -2.053D-04  7.683D-01
 -2.230D-04  7.668D-01
 -2.402D-04  7.688D-01
 -2.590D-04  7.660D-01
 -2.766D-04  7.692D-01
 -2.969D-04  7.644D-01
 -3.146D-04  7.695D-01
 -3.370D-04  7.618D-01
 -3.545D-04  7.695D-01
 -3.798D-04  7.578D-01
 -3.965D-04  7.692D-01
 -4.260D-04  7.520D-01
 -4.409D-04  7.687D-01
 -4.762D-04  7.439D-01
 -4.879D-04  7.678D-01
 -5.314D-04  7.330D-01
 -5.377D-04  7.665D-01
 -5.930D-04  7.185D-01
 -5.905D-04  7.649D-01
 -6.628D-04  6.995D-01
 -6.467D-04  7.629D-01
 -7.433D-04  6.749D-01
 -7.064D-04  7.606D-01
 -8.388D-04  6.431D-01
 -7.697D-04  7.581D-01
 -9.554D-04  6.022D-01
 -8.369D-04  7.553D-01
 -1.104D-03  5.494D-01
 -9.080D-04  7.525D-01
 -1.305D-03  4.804D-01
 -9.830D-04  7.499D-01
 -1.602D-03  3.888D-01
 -1.062D-03  7.477D-01
 -2.110D-03  2.622D-01
 -1.143D-03  7.467D-01
 -3.323D-03  7.115D-02
 -1.226D-03  7.482D-01
 -3.540D-05  7.643D-01
 -5.396D-05  7.645D-01
 -7.069D-05  7.647D-01
 -8.674D-05  7.649D-01
 -1.025D-04  7.651D-01
 -1.182D-04  7.654D-01
 -1.339D-04  7.654D-01
 -1.497D-04  7.660D-01
 -1.658D-04  7.657D-01
 -1.818D-04  7.666D-01
 -1.984D-04  7.658D-01
 -2.148D-04  7.672D-01
 -2.323D-04  7.654D-01
 -2.491D-04  7.678D-01
 -2.677D-04  7.645D-01
 -2.847D-04  7.682D-01
 -3.049D-04  7.628D-01
 -3.220D-04  7.684D-01
 -3.443D-04  7.600D-01
 -3.611D-04  7.684D-01
 -3.865D-04  7.559D-01
 -4.023D-04  7.682D-01
 -4.319D-04  7.499D-01
 -4.458D-04  7.676D-01
 -4.813D-04  7.417D-01
 -4.918D-04  7.668D-01
 -5.355D-04  7.306D-01
 -5.406D-04  7.655D-01
 -5.960D-04  7.161D-01
 -5.922D-04  7.640D-01
 -6.644D-04  6.971D-01
 -6.470D-04  7.620D-01
 -7.432D-04  6.725D-01
 -7.051D-04  7.598D-01
 -8.364D-04  6.409D-01
 -7.667D-04  7.573D-01
 -9.499D-04  6.003D-01
 -8.319D-04  7.546D-01
 -1.094D-03  5.478D-01
 -9.009D-04  7.519D-01
 -1.289D-03  4.793D-01
 -9.735D-04  7.493D-01
 -1.575D-03  3.879D-01
 -1.049D-03  7.472D-01
 -2.064D-03  2.611D-01
 -1.128D-03  7.461D-01
 -3.226D-03  6.803D-02
 -1.208D-03  7.474D-01
 -3.426D-05  7.628D-01
 -5.222D-05  7.629D-01
 -6.839D-05  7.631D-01
 -8.392D-05  7.633D-01
 -9.916D-05  7.636D-01
 -1.143D-04  7.637D-01
 -1.295D-04  7.642D-01
 -1.448D-04  7.641D-01
 -1.601D-04  7.648D-01
 -1.758D-04  7.644D-01
 -1.915D-04  7.654D-01
 -2.078D-04  7.644D-01
 -2.238D-04  7.660D-01
 -2.410D-04  7.639D-01
 -2.574D-04  7.666D-01
 -2.758D-04  7.629D-01
 -2.924D-04  7.670D-01
 -3.124D-04  7.611D-01
 -3.289D-04  7.672D-01
 -3.512D-04  7.581D-01
 -3.674D-04  7.672D-01
 -3.927D-04  7.538D-01
 -4.078D-04  7.670D-01
 -4.374D-04  7.477D-01
 -4.504D-04  7.664D-01
 -4.859D-04  7.393D-01
 -4.955D-04  7.655D-01
 -5.393D-04  7.281D-01
 -5.431D-04  7.643D-01
 -5.986D-04  7.135D-01
 -5.936D-04  7.627D-01
 -6.656D-04  6.945D-01
 -6.470D-04  7.608D-01
 -7.428D-04  6.700D-01
 -7.036D-04  7.586D-01
 -8.337D-04  6.386D-01
 -7.636D-04  7.561D-01
 -9.442D-04  5.983D-01
 -8.269D-04  7.535D-01
 -1.084D-03  5.462D-01
 -8.938D-04  7.508D-01
 -1.272D-03  4.781D-01
 -9.641D-04  7.482D-01
 -1.548D-03  3.871D-01
 -1.038D-03  7.461D-01
 -2.018D-03  2.602D-01
 -1.114D-03  7.450D-01
 -3.133D-03  6.532D-02
 -1.191D-03  7.462D-01
 -3.317D-05  7.612D-01
 -5.056D-05  7.613D-01
 -6.622D-05  7.615D-01
 -8.123D-05  7.617D-01
 -9.598D-05  7.619D-01
 -1.106D-04  7.623D-01
 -1.253D-04  7.623D-01
 -1.400D-04  7.629D-01
 -1.550D-04  7.627D-01
 -1.699D-04  7.635D-01
 -1.853D-04  7.629D-01
 -2.006D-04  7.641D-01
 -2.167D-04  7.628D-01
 -2.323D-04  7.647D-01
 -2.493D-04  7.623D-01
 -2.652D-04  7.653D-01
 -2.834D-04  7.611D-01
 -2.995D-04  7.656D-01
 -3.194D-04  7.591D-01
 -3.355D-04  7.658D-01
 -3.577D-04  7.560D-01
 -3.732D-04  7.658D-01
 -3.985D-04  7.515D-01
 -4.128D-04  7.655D-01
 -4.424D-04  7.452D-01
 -4.546D-04  7.649D-01
 -4.902D-04  7.367D-01
 -4.987D-04  7.640D-01
 -5.426D-04  7.255D-01
 -5.454D-04  7.627D-01
 -6.009D-04  7.107D-01
 -5.947D-04  7.612D-01
 -6.665D-04  6.917D-01
 -6.468D-04  7.592D-01
 -7.420D-04  6.674D-01
 -7.020D-04  7.570D-01
 -8.307D-04  6.361D-01
 -7.604D-04  7.546D-01
 -9.383D-04  5.961D-01
 -8.219D-04  7.519D-01
 -1.074D-03  5.444D-01
 -8.868D-04  7.493D-01
 -1.256D-03  4.769D-01
 -9.550D-04  7.467D-01
 -1.522D-03  3.863D-01
 -1.026D-03  7.446D-01
 -1.974D-03  2.595D-01
 -1.100D-03  7.435D-01
 -3.043D-03  6.298D-02
 -1.175D-03  7.444D-01
 -3.214D-05  7.595D-01
 -4.898D-05  7.597D-01
 -6.414D-05  7.598D-01
 -7.868D-05  7.600D-01
 -9.295D-05  7.603D-01
 -1.071D-04  7.604D-01
 -1.213D-04  7.609D-01
 -1.356D-04  7.609D-01
 -1.499D-04  7.615D-01
 -1.645D-04  7.612D-01
 -1.791D-04  7.621D-01
 -1.942D-04  7.613D-01
 -2.092D-04  7.627D-01
 -2.250D-04  7.612D-01
 -2.403D-04  7.633D-01
 -2.571D-04  7.605D-01
 -2.726D-04  7.638D-01
 -2.907D-04  7.592D-01
 -3.063D-04  7.641D-01
 -3.261D-04  7.570D-01
 -3.416D-04  7.643D-01
 -3.637D-04  7.538D-01
 -3.786D-04  7.642D-01
 -4.039D-04  7.491D-01
 -4.175D-04  7.638D-01
 -4.471D-04  7.426D-01
 -4.585D-04  7.632D-01
 -4.941D-04  7.340D-01
 -5.017D-04  7.622D-01
 -5.456D-04  7.226D-01
 -5.473D-04  7.609D-01
 -6.027D-04  7.078D-01
 -5.955D-04  7.593D-01
 -6.671D-04  6.888D-01
 -6.465D-04  7.574D-01
 -7.409D-04  6.646D-01
 -7.003D-04  7.551D-01
 -8.275D-04  6.335D-01
 -7.570D-04  7.527D-01
 -9.322D-04  5.938D-01
 -8.169D-04  7.500D-01
 -1.064D-03  5.426D-01
 -8.799D-04  7.473D-01
 -1.240D-03  4.756D-01
 -9.460D-04  7.448D-01
 -1.497D-03  3.856D-01
 -1.015D-03  7.426D-01
 -1.931D-03  2.589D-01
 -1.086D-03  7.414D-01
 -2.956D-03  6.098D-02
 -1.159D-03  7.421D-01
 -3.115D-05  7.578D-01
 -4.747D-05  7.579D-01
 -6.216D-05  7.581D-01
 -7.624D-05  7.583D-01
 -9.007D-05  7.585D-01
 -1.038D-04  7.588D-01
 -1.175D-04  7.589D-01
 -1.313D-04  7.594D-01
 -1.452D-04  7.593D-01
 -1.592D-04  7.600D-01
 -1.735D-04  7.596D-01
 -1.878D-04  7.606D-01
 -2.027D-04  7.596D-01
 -2.172D-04  7.612D-01
 -2.329D-04  7.593D-01
 -2.478D-04  7.618D-01
 -2.644D-04  7.586D-01
 -2.795D-04  7.622D-01
 -2.974D-04  7.571D-01
 -3.126D-04  7.624D-01
 -3.323D-04  7.548D-01
 -3.473D-04  7.625D-01
 -3.694D-04  7.513D-01
 -3.836D-04  7.623D-01
 -4.089D-04  7.464D-01
 -4.218D-04  7.619D-01
 -4.515D-04  7.398D-01
 -4.620D-04  7.612D-01
 -4.977D-04  7.310D-01
 -5.044D-04  7.601D-01
 -5.483D-04  7.195D-01
 -5.490D-04  7.588D-01
 -6.043D-04  7.047D-01
 -5.962D-04  7.571D-01
 -6.674D-04  6.857D-01
 -6.459D-04  7.551D-01
 -7.395D-04  6.616D-01
 -6.983D-04  7.529D-01
 -8.240D-04  6.308D-01
 -7.536D-04  7.504D-01
 -9.259D-04  5.914D-01
 -8.119D-04  7.477D-01
 -1.054D-03  5.407D-01
 -8.731D-04  7.450D-01
 -1.224D-03  4.742D-01
 -9.372D-04  7.424D-01
 -1.472D-03  3.848D-01
 -1.004D-03  7.402D-01
 -1.890D-03  2.583D-01
 -1.073D-03  7.388D-01
 -2.872D-03  5.928D-02
 -1.143D-03  7.393D-01
 -3.021D-05  7.560D-01
 -4.603D-05  7.562D-01
 -6.028D-05  7.563D-01
 -7.393D-05  7.565D-01
 -8.732D-05  7.568D-01
 -1.006D-04  7.569D-01
 -1.139D-04  7.573D-01
 -1.273D-04  7.573D-01
 -1.407D-04  7.578D-01
 -1.543D-04  7.577D-01
 -1.679D-04  7.584D-01
 -1.820D-04  7.579D-01
 -1.960D-04  7.590D-01
 -2.106D-04  7.578D-01
 -2.249D-04  7.596D-01
 -2.403D-04  7.574D-01
 -2.548D-04  7.600D-01
 -2.713D-04  7.564D-01
 -2.860D-04  7.604D-01
 -3.038D-04  7.548D-01
 -3.186D-04  7.606D-01
 -3.382D-04  7.523D-01
 -3.526D-04  7.605D-01
 -3.747D-04  7.486D-01
 -3.883D-04  7.603D-01
 -4.136D-04  7.436D-01
 -4.258D-04  7.597D-01
 -4.555D-04  7.368D-01
 -4.652D-04  7.589D-01
 -5.009D-04  7.279D-01
 -5.067D-04  7.578D-01
 -5.506D-04  7.163D-01
 -5.505D-04  7.564D-01
 -6.056D-04  7.014D-01
 -5.965D-04  7.546D-01
 -6.673D-04  6.825D-01
 -6.451D-04  7.526D-01
 -7.378D-04  6.584D-01
 -6.963D-04  7.503D-01
 -8.202D-04  6.279D-01
 -7.502D-04  7.477D-01
 -9.194D-04  5.889D-01
 -8.068D-04  7.450D-01
 -1.044D-03  5.386D-01
 -8.663D-04  7.422D-01
 -1.209D-03  4.727D-01
 -9.286D-04  7.396D-01
 -1.447D-03  3.839D-01
 -9.934D-04  7.373D-01
 -1.849D-03  2.579D-01
 -1.060D-03  7.358D-01
 -2.791D-03  5.784D-02
 -1.128D-03  7.361D-01
 -2.931D-05  7.542D-01
 -4.466D-05  7.544D-01
 -5.848D-05  7.545D-01
 -7.171D-05  7.547D-01
 -8.470D-05  7.549D-01
 -9.758D-05  7.551D-01
 -1.105D-04  7.552D-01
 -1.234D-04  7.556D-01
 -1.364D-04  7.556D-01
 -1.495D-04  7.562D-01
 -1.629D-04  7.559D-01
 -1.762D-04  7.567D-01
 -1.900D-04  7.560D-01
 -2.037D-04  7.573D-01
 -2.181D-04  7.558D-01
 -2.321D-04  7.578D-01
 -2.473D-04  7.552D-01
 -2.615D-04  7.581D-01
 -2.778D-04  7.541D-01
 -2.922D-04  7.584D-01
 -3.099D-04  7.523D-01
 -3.242D-04  7.585D-01
 -3.437D-04  7.496D-01
 -3.576D-04  7.583D-01
 -3.796D-04  7.458D-01
 -3.927D-04  7.580D-01
 -4.180D-04  7.405D-01
 -4.295D-04  7.573D-01
 -4.592D-04  7.336D-01
 -4.682D-04  7.564D-01
 -5.038D-04  7.245D-01
 -5.088D-04  7.552D-01
 -5.526D-04  7.128D-01
 -5.516D-04  7.537D-01
 -6.065D-04  6.979D-01
 -5.967D-04  7.518D-01
 -6.670D-04  6.790D-01
 -6.442D-04  7.497D-01
 -7.359D-04  6.551D-01
 -6.941D-04  7.473D-01
 -8.163D-04  6.248D-01
 -7.466D-04  7.447D-01
 -9.128D-04  5.861D-01
 -8.018D-04  7.419D-01
 -1.033D-03  5.364D-01
 -8.596D-04  7.391D-01
 -1.193D-03  4.712D-01
 -9.201D-04  7.363D-01
 -1.423D-03  3.830D-01
 -9.830D-04  7.339D-01
 -1.810D-03  2.574D-01
 -1.048D-03  7.323D-01
 -2.714D-03  5.663D-02
 -1.114D-03  7.323D-01
 -2.845D-05  7.524D-01
 -4.335D-05  7.525D-01
 -5.676D-05  7.526D-01
 -6.960D-05  7.528D-01
 -8.219D-05  7.530D-01
 -9.469D-05  7.531D-01
 -1.072D-04  7.534D-01
 -1.197D-04  7.535D-01
 -1.323D-04  7.539D-01
 -1.450D-04  7.538D-01
 -1.578D-04  7.544D-01
 -1.709D-04  7.540D-01
 -1.840D-04  7.549D-01
 -1.976D-04  7.540D-01
 -2.110D-04  7.554D-01
 -2.252D-04  7.537D-01
 -2.389D-04  7.558D-01
 -2.540D-04  7.529D-01
 -2.678D-04  7.561D-01
 -2.840D-04  7.516D-01
 -2.980D-04  7.562D-01
 -3.156D-04  7.496D-01
 -3.294D-04  7.562D-01
 -3.489D-04  7.467D-01
 -3.623D-04  7.559D-01
 -3.842D-04  7.427D-01
 -3.967D-04  7.554D-01
 -4.220D-04  7.373D-01
 -4.329D-04  7.547D-01
 -4.625D-04  7.301D-01
 -4.708D-04  7.536D-01
 -5.064D-04  7.209D-01
 -5.107D-04  7.523D-01
 -5.543D-04  7.091D-01
 -5.526D-04  7.506D-01
 -6.072D-04  6.942D-01
 -5.967D-04  7.487D-01
 -6.664D-04  6.753D-01
 -6.430D-04  7.465D-01
 -7.338D-04  6.515D-01
 -6.918D-04  7.440D-01
 -8.122D-04  6.215D-01
 -7.429D-04  7.413D-01
 -9.061D-04  5.832D-01
 -7.967D-04  7.384D-01
 -1.023D-03  5.340D-01
 -8.529D-04  7.355D-01
 -1.177D-03  4.694D-01
 -9.116D-04  7.327D-01
 -1.400D-03  3.821D-01
 -9.727D-04  7.302D-01
 -1.771D-03  2.570D-01
 -1.036D-03  7.284D-01
 -2.638D-03  5.563D-02
 -1.100D-03  7.282D-01
 -2.763D-05  7.505D-01
 -4.210D-05  7.506D-01
 -5.512D-05  7.507D-01
 -6.758D-05  7.509D-01
 -7.980D-05  7.510D-01
 -9.192D-05  7.512D-01
 -1.040D-04  7.513D-01
 -1.162D-04  7.516D-01
 -1.284D-04  7.516D-01
 -1.407D-04  7.521D-01
 -1.532D-04  7.519D-01
 -1.657D-04  7.525D-01
 -1.786D-04  7.519D-01
 -1.914D-04  7.530D-01
 -2.048D-04  7.518D-01
 -2.179D-04  7.534D-01
 -2.320D-04  7.513D-01
 -2.453D-04  7.536D-01
 -2.602D-04  7.504D-01
 -2.738D-04  7.538D-01
 -2.898D-04  7.490D-01
 -3.034D-04  7.538D-01
 -3.209D-04  7.468D-01
 -3.343D-04  7.537D-01
 -3.537D-04  7.436D-01
 -3.667D-04  7.533D-01
 -3.886D-04  7.394D-01
 -4.005D-04  7.526D-01
 -4.257D-04  7.338D-01
 -4.360D-04  7.517D-01
 -4.656D-04  7.265D-01
 -4.732D-04  7.505D-01
 -5.087D-04  7.171D-01
 -5.123D-04  7.491D-01
 -5.558D-04  7.053D-01
 -5.533D-04  7.473D-01
 -6.076D-04  6.903D-01
 -5.965D-04  7.452D-01
 -6.656D-04  6.715D-01
 -6.418D-04  7.429D-01
 -7.314D-04  6.478D-01
 -6.893D-04  7.403D-01
 -8.079D-04  6.180D-01
 -7.392D-04  7.375D-01
 -8.993D-04  5.801D-01
 -7.915D-04  7.346D-01
 -1.013D-03  5.314D-01
 -8.462D-04  7.316D-01
 -1.162D-03  4.676D-01
 -9.033D-04  7.286D-01
 -1.377D-03  3.810D-01
 -9.627D-04  7.260D-01
 -1.734D-03  2.566D-01
 -1.024D-03  7.240D-01
 -2.566D-03  5.479D-02
 -1.086D-03  7.236D-01
 -2.685D-05  7.485D-01
 -4.090D-05  7.486D-01
 -5.354D-05  7.487D-01
 -6.565D-05  7.489D-01
 -7.751D-05  7.490D-01
 -8.928D-05  7.491D-01
 -1.010D-04  7.494D-01
 -1.128D-04  7.494D-01
 -1.246D-04  7.497D-01
 -1.366D-04  7.496D-01
 -1.486D-04  7.501D-01
 -1.609D-04  7.498D-01
 -1.731D-04  7.505D-01
 -1.858D-04  7.498D-01
 -1.984D-04  7.509D-01
 -2.116D-04  7.495D-01
 -2.244D-04  7.511D-01
 -2.383D-04  7.488D-01
 -2.514D-04  7.513D-01
 -2.662D-04  7.478D-01
 -2.794D-04  7.514D-01
 -2.953D-04  7.461D-01
 -3.085D-04  7.512D-01
 -3.259D-04  7.437D-01
 -3.389D-04  7.509D-01
 -3.583D-04  7.403D-01
 -3.707D-04  7.504D-01
 -3.926D-04  7.359D-01
 -4.040D-04  7.496D-01
 -4.291D-04  7.301D-01
 -4.388D-04  7.485D-01
 -4.684D-04  7.226D-01
 -4.753D-04  7.472D-01
 -5.108D-04  7.131D-01
 -5.136D-04  7.456D-01
 -5.569D-04  7.012D-01
 -5.539D-04  7.437D-01
 -6.078D-04  6.862D-01
 -5.960D-04  7.415D-01
 -6.645D-04  6.674D-01
 -6.403D-04  7.390D-01
 -7.289D-04  6.439D-01
 -6.867D-04  7.363D-01
 -8.034D-04  6.143D-01
 -7.354D-04  7.334D-01
 -8.923D-04  5.768D-01
 -7.864D-04  7.304D-01
 -1.003D-03  5.287D-01
 -8.396D-04  7.272D-01
 -1.147D-03  4.655D-01
 -8.951D-04  7.242D-01
 -1.354D-03  3.798D-01
 -9.527D-04  7.214D-01
 -1.698D-03  2.561D-01
 -1.012D-03  7.193D-01
 -2.496D-03  5.409D-02
 -1.072D-03  7.186D-01
 -2.609D-05  7.466D-01
 -3.975D-05  7.466D-01
 -5.204D-05  7.467D-01
 -6.380D-05  7.468D-01
 -7.532D-05  7.469D-01
 -8.674D-05  7.471D-01
 -9.815D-05  7.472D-01
 -1.096D-04  7.474D-01
 -1.211D-04  7.474D-01
 -1.326D-04  7.477D-01
 -1.444D-04  7.475D-01
 -1.561D-04  7.481D-01
 -1.682D-04  7.476D-01
 -1.802D-04  7.484D-01
 -1.927D-04  7.474D-01
 -2.050D-04  7.486D-01
 -2.180D-04  7.470D-01
 -2.306D-04  7.488D-01
 -2.444D-04  7.462D-01
 -2.571D-04  7.488D-01
 -2.718D-04  7.449D-01
 -2.847D-04  7.487D-01
 -3.005D-04  7.430D-01
 -3.133D-04  7.484D-01
 -3.307D-04  7.404D-01
 -3.433D-04  7.479D-01
 -3.625D-04  7.368D-01
 -3.745D-04  7.472D-01
 -3.963D-04  7.322D-01
 -4.072D-04  7.463D-01
 -4.323D-04  7.262D-01
 -4.414D-04  7.451D-01
 -4.709D-04  7.185D-01
 -4.772D-04  7.436D-01
 -5.125D-04  7.089D-01
 -5.148D-04  7.418D-01
 -5.579D-04  6.969D-01
 -5.542D-04  7.398D-01
 -6.077D-04  6.818D-01
 -5.954D-04  7.374D-01
 -6.633D-04  6.631D-01
 -6.387D-04  7.348D-01
 -7.261D-04  6.397D-01
 -6.841D-04  7.320D-01
 -7.988D-04  6.104D-01
 -7.315D-04  7.290D-01
 -8.853D-04  5.733D-01
 -7.812D-04  7.258D-01
 -9.922D-04  5.258D-01
 -8.330D-04  7.226D-01
 -1.132D-03  4.633D-01
 -8.870D-04  7.194D-01
 -1.332D-03  3.784D-01
 -9.430D-04  7.165D-01
 -1.663D-03  2.556D-01
 -1.001D-03  7.142D-01
 -2.429D-03  5.351D-02
 -1.059D-03  7.132D-01
 -2.537D-05  7.445D-01
 -3.865D-05  7.446D-01
 -5.060D-05  7.447D-01
 -6.203D-05  7.447D-01
 -7.322D-05  7.449D-01
 -8.432D-05  7.449D-01
 -9.539D-05  7.451D-01
 -1.065D-04  7.451D-01
 -1.176D-04  7.454D-01
 -1.289D-04  7.452D-01
 -1.402D-04  7.456D-01
 -1.517D-04  7.453D-01
 -1.632D-04  7.459D-01
 -1.751D-04  7.452D-01
 -1.869D-04  7.460D-01
 -1.992D-04  7.449D-01
 -2.112D-04  7.462D-01
 -2.242D-04  7.443D-01
 -2.364D-04  7.462D-01
 -2.501D-04  7.433D-01
 -2.625D-04  7.461D-01
 -2.771D-04  7.418D-01
 -2.897D-04  7.458D-01
 -3.054D-04  7.397D-01
 -3.179D-04  7.454D-01
 -3.351D-04  7.369D-01
 -3.473D-04  7.447D-01
 -3.665D-04  7.331D-01
 -3.780D-04  7.438D-01
 -3.998D-04  7.282D-01
 -4.101D-04  7.427D-01
 -4.352D-04  7.221D-01
 -4.437D-04  7.413D-01
 -4.731D-04  7.143D-01
 -4.789D-04  7.397D-01
 -5.140D-04  7.045D-01
 -5.157D-04  7.378D-01
 -5.585D-04  6.923D-01
 -5.543D-04  7.356D-01
 -6.074D-04  6.773D-01
 -5.947D-04  7.331D-01
 -6.618D-04  6.586D-01
 -6.370D-04  7.303D-01
 -7.232D-04  6.354D-01
 -6.813D-04  7.274D-01
 -7.940D-04  6.063D-01
 -7.276D-04  7.242D-01
 -8.782D-04  5.697D-01
 -7.760D-04  7.209D-01
 -9.819D-04  5.226D-01
 -8.264D-04  7.175D-01
 -1.117D-03  4.609D-01
 -8.789D-04  7.142D-01
 -1.310D-03  3.769D-01
 -9.334D-04  7.111D-01
 -1.629D-03  2.550D-01
 -9.894D-04  7.086D-01
 -2.364D-03  5.301D-02
 -1.046D-03  7.074D-01
 -2.468D-05  7.424D-01
 -3.760D-05  7.425D-01
 -4.921D-05  7.425D-01
 -6.033D-05  7.426D-01
 -7.121D-05  7.427D-01
 -8.200D-05  7.428D-01
 -9.276D-05  7.428D-01
 -1.035D-04  7.430D-01
 -1.144D-04  7.429D-01
 -1.253D-04  7.432D-01
 -1.363D-04  7.430D-01
 -1.474D-04  7.434D-01
 -1.587D-04  7.429D-01
 -1.700D-04  7.435D-01
 -1.817D-04  7.427D-01
 -1.932D-04  7.436D-01
 -2.054D-04  7.422D-01
 -2.172D-04  7.436D-01
 -2.300D-04  7.414D-01
 -2.420D-04  7.434D-01
 -2.555D-04  7.402D-01
 -2.677D-04  7.432D-01
 -2.821D-04  7.385D-01
 -2.944D-04  7.427D-01
 -3.100D-04  7.362D-01
 -3.221D-04  7.421D-01
 -3.393D-04  7.331D-01
 -3.511D-04  7.413D-01
 -3.702D-04  7.292D-01
 -3.813D-04  7.402D-01
 -4.029D-04  7.241D-01
 -4.129D-04  7.389D-01
 -4.378D-04  7.177D-01
 -4.458D-04  7.374D-01
 -4.751D-04  7.097D-01
 -4.803D-04  7.355D-01
 -5.153D-04  6.998D-01
 -5.164D-04  7.334D-01
 -5.590D-04  6.876D-01
 -5.542D-04  7.311D-01
 -6.069D-04  6.725D-01
 -5.937D-04  7.284D-01
 -6.601D-04  6.539D-01
 -6.351D-04  7.255D-01
 -7.200D-04  6.308D-01
 -6.784D-04  7.224D-01
 -7.892D-04  6.021D-01
 -7.235D-04  7.191D-01
 -8.710D-04  5.658D-01
 -7.707D-04  7.157D-01
 -9.717D-04  5.193D-01
 -8.199D-04  7.122D-01
 -1.103D-03  4.584D-01
 -8.709D-04  7.087D-01
 -1.289D-03  3.753D-01
 -9.239D-04  7.055D-01
 -1.595D-03  2.543D-01
 -9.783D-04  7.028D-01
 -2.302D-03  5.257D-02
 -1.034D-03  7.013D-01
 -2.402D-05  7.403D-01
 -3.659D-05  7.403D-01
 -4.789D-05  7.404D-01
 -5.870D-05  7.404D-01
 -6.928D-05  7.405D-01
 -7.977D-05  7.405D-01
 -9.023D-05  7.406D-01
 -1.007D-04  7.406D-01
 -1.112D-04  7.408D-01
 -1.218D-04  7.406D-01
 -1.325D-04  7.409D-01
 -1.433D-04  7.406D-01
 -1.542D-04  7.409D-01
 -1.653D-04  7.403D-01
 -1.764D-04  7.410D-01
 -1.879D-04  7.399D-01
 -1.992D-04  7.409D-01
 -2.113D-04  7.393D-01
 -2.228D-04  7.407D-01
 -2.355D-04  7.383D-01
 -2.472D-04  7.405D-01
 -2.606D-04  7.369D-01
 -2.725D-04  7.400D-01
 -2.869D-04  7.350D-01
 -2.988D-04  7.394D-01
 -3.143D-04  7.325D-01
 -3.261D-04  7.386D-01
 -3.432D-04  7.292D-01
 -3.546D-04  7.376D-01
 -3.736D-04  7.250D-01
 -3.843D-04  7.364D-01
 -4.059D-04  7.197D-01
 -4.153D-04  7.349D-01
 -4.402D-04  7.131D-01
 -4.477D-04  7.331D-01
 -4.769D-04  7.050D-01
 -4.816D-04  7.311D-01
 -5.164D-04  6.950D-01
 -5.170D-04  7.288D-01
 -5.592D-04  6.827D-01
 -5.540D-04  7.263D-01
 -6.061D-04  6.676D-01
 -5.927D-04  7.235D-01
 -6.582D-04  6.490D-01
 -6.331D-04  7.204D-01
 -7.168D-04  6.261D-01
 -6.753D-04  7.171D-01
 -7.841D-04  5.976D-01
 -7.194D-04  7.137D-01
 -8.637D-04  5.617D-01
 -7.654D-04  7.101D-01
 -9.615D-04  5.158D-01
 -8.133D-04  7.064D-01
 -1.088D-03  4.556D-01
 -8.630D-04  7.028D-01
 -1.268D-03  3.734D-01
 -9.145D-04  6.994D-01
 -1.563D-03  2.535D-01
 -9.674D-04  6.965D-01
 -2.242D-03  5.217D-02
 -1.021D-03  6.948D-01
 -2.338D-05  7.381D-01
 -3.562D-05  7.382D-01
 -4.661D-05  7.382D-01
 -5.713D-05  7.382D-01
 -6.743D-05  7.382D-01
 -7.763D-05  7.383D-01
 -8.781D-05  7.383D-01
 -9.798D-05  7.384D-01
 -1.082D-04  7.383D-01
 -1.185D-04  7.384D-01
 -1.289D-04  7.382D-01
 -1.393D-04  7.384D-01
 -1.500D-04  7.380D-01
 -1.606D-04  7.384D-01
 -1.716D-04  7.376D-01
 -1.825D-04  7.383D-01
 -1.938D-04  7.371D-01
 -2.050D-04  7.381D-01
 -2.168D-04  7.362D-01
 -2.282D-04  7.377D-01
 -2.407D-04  7.350D-01
 -2.522D-04  7.373D-01
 -2.655D-04  7.334D-01
 -2.771D-04  7.367D-01
 -2.913D-04  7.313D-01
 -3.030D-04  7.359D-01
 -3.184D-04  7.285D-01
 -3.299D-04  7.349D-01
 -3.469D-04  7.250D-01
 -3.579D-04  7.337D-01
 -3.768D-04  7.206D-01
 -3.871D-04  7.322D-01
 -4.086D-04  7.151D-01
 -4.176D-04  7.306D-01
 -4.423D-04  7.084D-01
 -4.494D-04  7.286D-01
 -4.784D-04  7.001D-01
 -4.826D-04  7.264D-01
 -5.172D-04  6.899D-01
 -5.173D-04  7.239D-01
 -5.592D-04  6.775D-01
 -5.535D-04  7.212D-01
 -6.052D-04  6.624D-01
 -5.914D-04  7.182D-01
 -6.561D-04  6.439D-01
 -6.309D-04  7.150D-01
 -7.133D-04  6.211D-01
 -6.722D-04  7.116D-01
 -7.790D-04  5.929D-01
 -7.153D-04  7.080D-01
 -8.564D-04  5.574D-01
 -7.601D-04  7.042D-01
 -9.513D-04  5.121D-01
 -8.067D-04  7.004D-01
 -1.074D-03  4.526D-01
 -8.551D-04  6.967D-01
 -1.247D-03  3.714D-01
 -9.052D-04  6.931D-01
 -1.532D-03  2.525D-01
 -9.567D-04  6.900D-01
 -2.184D-03  5.178D-02
 -1.009D-03  6.880D-01
 -2.277D-05  7.359D-01
 -3.468D-05  7.359D-01
 -4.539D-05  7.360D-01
 -5.563D-05  7.360D-01
 -6.565D-05  7.360D-01
 -7.558D-05  7.359D-01
 -8.547D-05  7.360D-01
 -9.538D-05  7.359D-01
 -1.053D-04  7.360D-01
 -1.153D-04  7.358D-01
 -1.254D-04  7.359D-01
 -1.356D-04  7.356D-01
 -1.458D-04  7.358D-01
 -1.563D-04  7.353D-01
 -1.668D-04  7.357D-01
 -1.776D-04  7.347D-01
 -1.883D-04  7.354D-01
 -1.995D-04  7.340D-01
 -2.104D-04  7.350D-01
 -2.221D-04  7.330D-01
 -2.332D-04  7.346D-01
 -2.456D-04  7.316D-01
 -2.569D-04  7.339D-01
 -2.701D-04  7.297D-01
 -2.814D-04  7.331D-01
 -2.956D-04  7.274D-01
 -3.069D-04  7.321D-01
 -3.222D-04  7.244D-01
 -3.334D-04  7.309D-01
 -3.503D-04  7.206D-01
 -3.609D-04  7.295D-01
 -3.798D-04  7.160D-01
 -3.896D-04  7.279D-01
 -4.110D-04  7.103D-01
 -4.196D-04  7.260D-01
 -4.442D-04  7.034D-01
 -4.508D-04  7.238D-01
 -4.797D-04  6.949D-01
 -4.834D-04  7.215D-01
 -5.178D-04  6.846D-01
 -5.174D-04  7.188D-01
 -5.590D-04  6.722D-01
 -5.530D-04  7.159D-01
 -6.040D-04  6.570D-01
 -5.900D-04  7.127D-01
 -6.538D-04  6.386D-01
 -6.287D-04  7.093D-01
 -7.097D-04  6.160D-01
 -6.690D-04  7.057D-01
 -7.738D-04  5.880D-01
 -7.110D-04  7.020D-01
 -8.491D-04  5.529D-01
 -7.547D-04  6.981D-01
 -9.411D-04  5.082D-01
 -8.002D-04  6.941D-01
 -1.060D-03  4.495D-01
 -8.473D-04  6.902D-01
 -1.227D-03  3.692D-01
 -8.960D-04  6.864D-01
 -1.501D-03  2.514D-01
 -9.461D-04  6.831D-01
 -2.128D-03  5.139D-02
 -9.969D-04  6.808D-01
 -2.218D-05  7.337D-01
 -3.379D-05  7.337D-01
 -4.421D-05  7.337D-01
 -5.418D-05  7.337D-01
 -6.394D-05  7.336D-01
 -7.361D-05  7.336D-01
 -8.324D-05  7.335D-01
 -9.287D-05  7.336D-01
 -1.026D-04  7.334D-01
 -1.123D-04  7.335D-01
 -1.221D-04  7.332D-01
 -1.319D-04  7.333D-01
 -1.420D-04  7.328D-01
 -1.520D-04  7.331D-01
 -1.623D-04  7.324D-01
 -1.726D-04  7.328D-01
 -1.833D-04  7.317D-01
 -1.937D-04  7.324D-01
 -2.048D-04  7.307D-01
 -2.155D-04  7.318D-01
 -2.272D-04  7.295D-01
 -2.380D-04  7.312D-01
 -2.503D-04  7.279D-01
 -2.613D-04  7.303D-01
 -2.744D-04  7.258D-01
 -2.855D-04  7.293D-01
 -2.995D-04  7.232D-01
 -3.106D-04  7.281D-01
 -3.258D-04  7.200D-01
 -3.366D-04  7.267D-01
 -3.534D-04  7.161D-01
 -3.637D-04  7.251D-01
 -3.825D-04  7.112D-01
 -3.920D-04  7.233D-01
 -4.133D-04  7.053D-01
 -4.214D-04  7.212D-01
 -4.459D-04  6.982D-01
 -4.521D-04  7.188D-01
 -4.808D-04  6.895D-01
 -4.841D-04  7.162D-01
 -5.181D-04  6.792D-01
 -5.174D-04  7.134D-01
 -5.586D-04  6.666D-01
 -5.522D-04  7.103D-01
 -6.027D-04  6.515D-01
 -5.885D-04  7.069D-01
 -6.514D-04  6.331D-01
 -6.263D-04  7.034D-01
 -7.060D-04  6.106D-01
 -6.657D-04  6.996D-01
 -7.684D-04  5.829D-01
 -7.067D-04  6.957D-01
 -8.417D-04  5.482D-01
 -7.493D-04  6.916D-01
 -9.311D-04  5.040D-01
 -7.936D-04  6.875D-01
 -1.046D-03  4.461D-01
 -8.395D-04  6.834D-01
 -1.208D-03  3.668D-01
 -8.869D-04  6.794D-01
 -1.472D-03  2.502D-01
 -9.356D-04  6.759D-01
 -2.074D-03  5.097D-02
 -9.850D-04  6.734D-01
 -2.162D-05  7.314D-01
 -3.292D-05  7.314D-01
 -4.308D-05  7.313D-01
 -5.279D-05  7.313D-01
 -6.230D-05  7.313D-01
 -7.171D-05  7.312D-01
 -8.108D-05  7.312D-01
 -9.047D-05  7.310D-01
 -9.987D-05  7.310D-01
 -1.093D-04  7.308D-01
 -1.189D-04  7.308D-01
 -1.285D-04  7.304D-01
 -1.382D-04  7.305D-01
 -1.481D-04  7.299D-01
 -1.579D-04  7.302D-01
 -1.681D-04  7.293D-01
 -1.782D-04  7.297D-01
 -1.887D-04  7.284D-01
 -1.990D-04  7.291D-01
 -2.099D-04  7.273D-01
 -2.204D-04  7.284D-01
 -2.319D-04  7.258D-01
 -2.426D-04  7.276D-01
 -2.547D-04  7.240D-01
 -2.655D-04  7.265D-01
 -2.785D-04  7.217D-01
 -2.893D-04  7.253D-01
 -3.033D-04  7.189D-01
 -3.140D-04  7.239D-01
 -3.292D-04  7.154D-01
 -3.397D-04  7.223D-01
 -3.564D-04  7.112D-01
 -3.663D-04  7.205D-01
 -3.850D-04  7.062D-01
 -3.941D-04  7.184D-01
 -4.153D-04  7.001D-01
 -4.230D-04  7.161D-01
 -4.474D-04  6.928D-01
 -4.531D-04  7.136D-01
 -4.816D-04  6.840D-01
 -4.845D-04  7.108D-01
 -5.183D-04  6.735D-01
 -5.172D-04  7.077D-01
 -5.580D-04  6.609D-01
 -5.513D-04  7.044D-01
 -6.012D-04  6.457D-01
 -5.868D-04  7.009D-01
 -6.488D-04  6.273D-01
 -6.238D-04  6.972D-01
 -7.021D-04  6.050D-01
 -6.623D-04  6.932D-01
 -7.630D-04  5.776D-01
 -7.023D-04  6.891D-01
 -8.343D-04  5.433D-01
 -7.439D-04  6.848D-01
 -9.210D-04  4.997D-01
 -7.870D-04  6.805D-01
 -1.032D-03  4.425D-01
 -8.317D-04  6.763D-01
 -1.189D-03  3.642D-01
 -8.779D-04  6.721D-01
 -1.443D-03  2.488D-01
 -9.252D-04  6.684D-01
 -2.022D-03  5.050D-02
 -9.733D-04  6.656D-01
 -2.107D-05  7.290D-01
 -3.209D-05  7.290D-01
 -4.199D-05  7.290D-01
 -5.145D-05  7.289D-01
 -6.072D-05  7.288D-01
 -6.988D-05  7.288D-01
 -7.902D-05  7.286D-01
 -8.815D-05  7.286D-01
 -9.731D-05  7.284D-01
 -1.065D-04  7.283D-01
 -1.158D-04  7.280D-01
 -1.251D-04  7.280D-01
 -1.346D-04  7.275D-01
 -1.441D-04  7.276D-01
 -1.538D-04  7.269D-01
 -1.635D-04  7.271D-01
 -1.735D-04  7.260D-01
 -1.834D-04  7.265D-01
 -1.938D-04  7.250D-01
 -2.039D-04  7.257D-01
 -2.148D-04  7.236D-01
 -2.251D-04  7.248D-01
 -2.364D-04  7.220D-01
 -2.469D-04  7.238D-01
 -2.589D-04  7.199D-01
 -2.695D-04  7.225D-01
 -2.824D-04  7.174D-01
 -2.929D-04  7.211D-01
 -3.068D-04  7.143D-01
 -3.172D-04  7.195D-01
 -3.323D-04  7.107D-01
 -3.425D-04  7.177D-01
 -3.591D-04  7.062D-01
 -3.687D-04  7.156D-01
 -3.873D-04  7.009D-01
 -3.960D-04  7.134D-01
 -4.171D-04  6.946D-01
 -4.244D-04  7.108D-01
 -4.487D-04  6.871D-01
 -4.540D-04  7.081D-01
 -4.823D-04  6.782D-01
 -4.848D-04  7.051D-01
 -5.183D-04  6.676D-01
 -5.168D-04  7.018D-01
 -5.572D-04  6.549D-01
 -5.502D-04  6.983D-01
 -5.995D-04  6.397D-01
 -5.850D-04  6.946D-01
 -6.461D-04  6.214D-01
 -6.211D-04  6.907D-01
 -6.982D-04  5.992D-01
 -6.587D-04  6.865D-01
 -7.574D-04  5.720D-01
 -6.978D-04  6.822D-01
 -8.268D-04  5.382D-01
 -7.384D-04  6.778D-01
 -9.110D-04  4.951D-01
 -7.805D-04  6.734D-01
 -1.019D-03  4.387D-01
 -8.240D-04  6.689D-01
 -1.170D-03  3.614D-01
 -8.689D-04  6.646D-01
 -1.415D-03  2.472D-01
 -9.150D-04  6.607D-01
 -1.971D-03  4.997D-02
 -9.618D-04  6.576D-01
 -2.054D-05  7.267D-01
 -3.129D-05  7.266D-01
 -4.094D-05  7.265D-01
 -5.017D-05  7.265D-01
 -5.919D-05  7.264D-01
 -6.813D-05  7.263D-01
 -7.702D-05  7.262D-01
 -8.592D-05  7.260D-01
 -9.484D-05  7.259D-01
 -1.038D-04  7.256D-01
 -1.128D-04  7.255D-01
 -1.219D-04  7.251D-01
 -1.311D-04  7.250D-01
 -1.404D-04  7.244D-01
 -1.498D-04  7.245D-01
 -1.593D-04  7.236D-01
 -1.689D-04  7.238D-01
 -1.787D-04  7.226D-01
 -1.885D-04  7.230D-01
 -1.987D-04  7.214D-01
 -2.086D-04  7.221D-01
 -2.194D-04  7.198D-01
 -2.295D-04  7.210D-01
 -2.407D-04  7.179D-01
 -2.510D-04  7.197D-01
 -2.629D-04  7.156D-01
 -2.732D-04  7.183D-01
 -2.860D-04  7.129D-01
 -2.963D-04  7.167D-01
 -3.101D-04  7.096D-01
 -3.202D-04  7.149D-01
 -3.352D-04  7.057D-01
 -3.451D-04  7.128D-01
 -3.616D-04  7.010D-01
 -3.709D-04  7.105D-01
 -3.894D-04  6.955D-01
 -3.977D-04  7.080D-01
 -4.187D-04  6.890D-01
 -4.256D-04  7.053D-01
 -4.497D-04  6.813D-01
 -4.547D-04  7.023D-01
 -4.828D-04  6.722D-01
 -4.849D-04  6.991D-01
 -5.181D-04  6.615D-01
 -5.163D-04  6.956D-01
 -5.562D-04  6.487D-01
 -5.490D-04  6.920D-01
 -5.977D-04  6.335D-01
 -5.830D-04  6.880D-01
 -6.432D-04  6.153D-01
 -6.184D-04  6.839D-01
 -6.941D-04  5.933D-01
 -6.551D-04  6.796D-01
 -7.518D-04  5.663D-01
 -6.933D-04  6.751D-01
 -8.193D-04  5.328D-01
 -7.329D-04  6.706D-01
 -9.010D-04  4.903D-01
 -7.739D-04  6.659D-01
 -1.006D-03  4.347D-01
 -8.163D-04  6.613D-01
 -1.151D-03  3.584D-01
 -8.600D-04  6.568D-01
 -1.387D-03  2.454D-01
 -9.049D-04  6.526D-01
 -1.923D-03  4.935D-02
 -9.504D-04  6.493D-01
 -2.004D-05  7.242D-01
 -3.052D-05  7.242D-01
 -3.993D-05  7.241D-01
 -4.892D-05  7.240D-01
 -5.773D-05  7.239D-01
 -6.643D-05  7.238D-01
 -7.510D-05  7.236D-01
 -8.377D-05  7.234D-01
 -9.246D-05  7.232D-01
 -1.012D-04  7.230D-01
 -1.100D-04  7.227D-01
 -1.188D-04  7.225D-01
 -1.278D-04  7.220D-01
 -1.368D-04  7.219D-01
 -1.460D-04  7.212D-01
 -1.551D-04  7.212D-01
 -1.646D-04  7.202D-01
 -1.739D-04  7.204D-01
 -1.837D-04  7.190D-01
 -1.932D-04  7.194D-01
 -2.034D-04  7.175D-01
 -2.131D-04  7.183D-01
 -2.237D-04  7.158D-01
 -2.336D-04  7.170D-01
 -2.448D-04  7.136D-01
 -2.548D-04  7.155D-01
 -2.667D-04  7.111D-01
 -2.768D-04  7.139D-01
 -2.894D-04  7.081D-01
 -2.995D-04  7.120D-01
 -3.131D-04  7.046D-01
 -3.230D-04  7.100D-01
 -3.379D-04  7.004D-01
 -3.475D-04  7.077D-01
 -3.639D-04  6.956D-01
 -3.729D-04  7.052D-01
 -3.913D-04  6.898D-01
 -3.993D-04  7.025D-01
 -4.201D-04  6.831D-01
 -4.267D-04  6.995D-01
 -4.506D-04  6.753D-01
 -4.552D-04  6.963D-01
 -4.830D-04  6.660D-01
 -4.848D-04  6.929D-01
 -5.177D-04  6.552D-01
 -5.156D-04  6.892D-01
 -5.551D-04  6.424D-01
 -5.477D-04  6.854D-01
 -5.957D-04  6.272D-01
 -5.809D-04  6.812D-01
 -6.402D-04  6.090D-01
 -6.155D-04  6.769D-01
 -6.898D-04  5.871D-01
 -6.514D-04  6.724D-01
 -7.462D-04  5.604D-01
 -6.887D-04  6.678D-01
 -8.118D-04  5.273D-01
 -7.273D-04  6.630D-01
 -8.911D-04  4.853D-01
 -7.673D-04  6.582D-01
 -9.924D-04  4.304D-01
 -8.086D-04  6.534D-01
 -1.133D-03  3.552D-01
 -8.512D-04  6.487D-01
 -1.361D-03  2.434D-01
 -8.948D-04  6.443D-01
 -1.876D-03  4.865D-02
 -9.391D-04  6.408D-01
 -1.955D-05  7.218D-01
 -2.977D-05  7.217D-01
 -3.895D-05  7.216D-01
 -4.773D-05  7.215D-01
 -5.631D-05  7.213D-01
 -6.480D-05  7.212D-01
 -7.325D-05  7.210D-01
 -8.170D-05  7.208D-01
 -9.017D-05  7.206D-01
 -9.868D-05  7.202D-01
 -1.072D-04  7.200D-01
 -1.159D-04  7.196D-01
 -1.246D-04  7.194D-01
 -1.334D-04  7.188D-01
 -1.422D-04  7.187D-01
 -1.512D-04  7.178D-01
 -1.603D-04  7.178D-01
 -1.696D-04  7.166D-01
 -1.788D-04  7.168D-01
 -1.884D-04  7.152D-01
 -1.978D-04  7.156D-01
 -2.078D-04  7.135D-01
 -2.174D-04  7.143D-01
 -2.279D-04  7.115D-01
 -2.376D-04  7.128D-01
 -2.486D-04  7.092D-01
 -2.585D-04  7.111D-01
 -2.702D-04  7.064D-01
 -2.801D-04  7.092D-01
 -2.926D-04  7.032D-01
 -3.025D-04  7.072D-01
 -3.160D-04  6.994D-01
 -3.257D-04  7.049D-01
 -3.405D-04  6.950D-01
 -3.497D-04  7.024D-01
 -3.661D-04  6.899D-01
 -3.747D-04  6.997D-01
 -3.930D-04  6.840D-01
 -4.006D-04  6.967D-01
 -4.213D-04  6.771D-01
 -4.275D-04  6.935D-01
 -4.513D-04  6.690D-01
 -4.555D-04  6.901D-01
 -4.832D-04  6.597D-01
 -4.846D-04  6.865D-01
 -5.172D-04  6.487D-01
 -5.148D-04  6.826D-01
 -5.538D-04  6.358D-01
 -5.462D-04  6.785D-01
 -5.935D-04  6.206D-01
 -5.787D-04  6.742D-01
 -6.371D-04  6.025D-01
 -6.126D-04  6.697D-01
 -6.855D-04  5.807D-01
 -6.476D-04  6.650D-01
 -7.404D-04  5.543D-01
 -6.840D-04  6.602D-01
 -8.043D-04  5.215D-01
 -7.217D-04  6.552D-01
 -8.813D-04  4.801D-01
 -7.607D-04  6.502D-01
 -9.794D-04  4.260D-01
 -8.009D-04  6.452D-01
 -1.116D-03  3.517D-01
 -8.424D-04  6.403D-01
 -1.335D-03  2.413D-01
 -8.849D-04  6.358D-01
 -1.830D-03  4.784D-02
 -9.280D-04  6.320D-01
 -1.908D-05  7.193D-01
 -2.906D-05  7.192D-01
 -3.801D-05  7.191D-01
 -4.657D-05  7.189D-01
 -5.495D-05  7.188D-01
 -6.323D-05  7.186D-01
 -7.147D-05  7.183D-01
 -7.970D-05  7.181D-01
 -8.796D-05  7.178D-01
 -9.625D-05  7.176D-01
 -1.046D-04  7.172D-01
 -1.130D-04  7.169D-01
 -1.215D-04  7.163D-01
 -1.300D-04  7.161D-01
 -1.387D-04  7.154D-01
 -1.474D-04  7.152D-01
 -1.563D-04  7.142D-01
 -1.651D-04  7.142D-01
 -1.743D-04  7.128D-01
 -1.834D-04  7.129D-01
 -1.929D-04  7.112D-01
 -2.021D-04  7.116D-01
 -2.120D-04  7.093D-01
 -2.214D-04  7.101D-01
 -2.318D-04  7.071D-01
 -2.413D-04  7.084D-01
 -2.523D-04  7.045D-01
 -2.619D-04  7.065D-01
 -2.735D-04  7.015D-01
 -2.832D-04  7.044D-01
 -2.957D-04  6.980D-01
 -3.052D-04  7.021D-01
 -3.187D-04  6.940D-01
 -3.281D-04  6.996D-01
 -3.428D-04  6.894D-01
 -3.517D-04  6.968D-01
 -3.680D-04  6.841D-01
 -3.763D-04  6.939D-01
 -3.944D-04  6.779D-01
 -4.018D-04  6.907D-01
 -4.223D-04  6.708D-01
 -4.282D-04  6.873D-01
 -4.518D-04  6.626D-01
 -4.557D-04  6.837D-01
 -4.831D-04  6.531D-01
 -4.842D-04  6.798D-01
 -5.165D-04  6.420D-01
 -5.138D-04  6.758D-01
 -5.524D-04  6.291D-01
 -5.445D-04  6.715D-01
 -5.912D-04  6.138D-01
 -5.764D-04  6.670D-01
 -6.338D-04  5.958D-01
 -6.095D-04  6.623D-01
 -6.811D-04  5.742D-01
 -6.438D-04  6.574D-01
 -7.346D-04  5.479D-01
 -6.793D-04  6.524D-01
 -7.967D-04  5.156D-01
 -7.161D-04  6.472D-01
 -8.715D-04  4.747D-01
 -7.541D-04  6.420D-01
 -9.666D-04  4.213D-01
 -7.933D-04  6.368D-01
 -1.098D-03  3.480D-01
 -8.336D-04  6.318D-01
 -1.310D-03  2.389D-01
 -8.750D-04  6.270D-01
 -1.786D-03  4.691D-02
 -9.169D-04  6.229D-01
 -1.863D-05  7.167D-01
 -2.836D-05  7.166D-01
 -3.711D-05  7.165D-01
 -4.546D-05  7.163D-01
 -5.363D-05  7.161D-01
 -6.171D-05  7.159D-01
 -6.975D-05  7.157D-01
 -7.778D-05  7.154D-01
 -8.583D-05  7.151D-01
 -9.392D-05  7.147D-01
 -1.020D-04  7.144D-01
 -1.102D-04  7.139D-01
 -1.185D-04  7.136D-01
 -1.268D-04  7.130D-01
 -1.352D-04  7.127D-01
 -1.437D-04  7.118D-01
 -1.523D-04  7.116D-01
 -1.611D-04  7.104D-01
 -1.698D-04  7.104D-01
 -1.789D-04  7.089D-01
 -1.877D-04  7.090D-01
 -1.972D-04  7.070D-01
 -2.062D-04  7.074D-01
 -2.160D-04  7.049D-01
 -2.252D-04  7.056D-01
 -2.355D-04  7.025D-01
 -2.449D-04  7.037D-01
 -2.557D-04  6.996D-01
 -2.652D-04  7.016D-01
 -2.767D-04  6.964D-01
 -2.861D-04  6.993D-01
 -2.985D-04  6.927D-01
 -3.078D-04  6.968D-01
 -3.212D-04  6.885D-01
 -3.303D-04  6.940D-01
 -3.449D-04  6.836D-01
 -3.536D-04  6.911D-01
 -3.697D-04  6.781D-01
 -3.777D-04  6.879D-01
 -3.958D-04  6.717D-01
 -4.028D-04  6.845D-01
 -4.232D-04  6.644D-01
 -4.288D-04  6.809D-01
 -4.521D-04  6.560D-01
 -4.557D-04  6.770D-01
 -4.828D-04  6.463D-01
 -4.837D-04  6.730D-01
 -5.156D-04  6.352D-01
 -5.127D-04  6.687D-01
 -5.508D-04  6.221D-01
 -5.428D-04  6.642D-01
 -5.888D-04  6.069D-01
 -5.740D-04  6.595D-01
 -6.304D-04  5.889D-01
 -6.063D-04  6.546D-01
 -6.766D-04  5.674D-01
 -6.398D-04  6.495D-01
 -7.287D-04  5.414D-01
 -6.745D-04  6.443D-01
 -7.892D-04  5.094D-01
 -7.104D-04  6.390D-01
 -8.618D-04  4.690D-01
 -7.474D-04  6.336D-01
 -9.539D-04  4.164D-01
 -7.856D-04  6.282D-01
 -1.081D-03  3.441D-01
 -8.249D-04  6.230D-01
 -1.285D-03  2.364D-01
 -8.652D-04  6.180D-01
 -1.744D-03  4.585D-02
 -9.060D-04  6.137D-01
 -1.819D-05  7.141D-01
 -2.770D-05  7.140D-01
 -3.623D-05  7.139D-01
 -4.439D-05  7.137D-01
 -5.236D-05  7.135D-01
 -6.024D-05  7.132D-01
 -6.809D-05  7.130D-01
 -7.592D-05  7.127D-01
 -8.378D-05  7.123D-01
 -9.166D-05  7.120D-01
 -9.959D-05  7.115D-01
 -1.076D-04  7.112D-01
 -1.156D-04  7.105D-01
 -1.237D-04  7.102D-01
 -1.319D-04  7.094D-01
 -1.402D-04  7.091D-01
 -1.486D-04  7.081D-01
 -1.570D-04  7.078D-01
 -1.657D-04  7.065D-01
 -1.742D-04  7.064D-01
 -1.832D-04  7.047D-01
 -1.919D-04  7.048D-01
 -2.012D-04  7.027D-01
 -2.101D-04  7.030D-01
 -2.198D-04  7.003D-01
 -2.289D-04  7.010D-01
 -2.391D-04  6.976D-01
 -2.482D-04  6.989D-01
 -2.590D-04  6.946D-01
 -2.682D-04  6.966D-01
 -2.796D-04  6.911D-01
 -2.889D-04  6.940D-01
 -3.011D-04  6.871D-01
 -3.102D-04  6.913D-01
 -3.235D-04  6.827D-01
 -3.323D-04  6.883D-01
 -3.468D-04  6.776D-01
 -3.553D-04  6.851D-01
 -3.713D-04  6.718D-01
 -3.790D-04  6.817D-01
 -3.969D-04  6.652D-01
 -4.036D-04  6.781D-01
 -4.238D-04  6.578D-01
 -4.291D-04  6.742D-01
 -4.523D-04  6.492D-01
 -4.556D-04  6.702D-01
 -4.824D-04  6.394D-01
 -4.830D-04  6.659D-01
 -5.146D-04  6.281D-01
 -5.114D-04  6.614D-01
 -5.490D-04  6.150D-01
 -5.409D-04  6.567D-01
 -5.862D-04  5.998D-01
 -5.714D-04  6.518D-01
 -6.269D-04  5.818D-01
 -6.031D-04  6.467D-01
 -6.720D-04  5.604D-01
 -6.358D-04  6.414D-01
 -7.228D-04  5.347D-01
 -6.697D-04  6.360D-01
 -7.816D-04  5.030D-01
 -7.047D-04  6.305D-01
 -8.521D-04  4.632D-01
 -7.408D-04  6.250D-01
 -9.414D-04  4.113D-01
 -7.780D-04  6.194D-01
 -1.064D-03  3.400D-01
 -8.163D-04  6.140D-01
 -1.261D-03  2.336D-01
 -8.555D-04  6.088D-01
 -1.703D-03  4.464D-02
 -8.952D-04  6.042D-01
 -1.776D-05  7.115D-01
 -2.705D-05  7.114D-01
 -3.538D-05  7.112D-01
 -4.335D-05  7.110D-01
 -5.113D-05  7.108D-01
 -5.883D-05  7.105D-01
 -6.648D-05  7.102D-01
 -7.413D-05  7.099D-01
 -8.179D-05  7.095D-01
 -8.948D-05  7.091D-01
 -9.721D-05  7.087D-01
 -1.050D-04  7.081D-01
 -1.128D-04  7.077D-01
 -1.207D-04  7.070D-01
 -1.287D-04  7.066D-01
 -1.368D-04  7.057D-01
 -1.449D-04  7.053D-01
 -1.532D-04  7.041D-01
 -1.615D-04  7.038D-01
 -1.700D-04  7.024D-01
 -1.784D-04  7.022D-01
 -1.873D-04  7.004D-01
 -1.959D-04  7.004D-01
 -2.051D-04  6.981D-01
 -2.138D-04  6.984D-01
 -2.234D-04  6.955D-01
 -2.323D-04  6.962D-01
 -2.424D-04  6.926D-01
 -2.514D-04  6.939D-01
 -2.620D-04  6.893D-01
 -2.711D-04  6.913D-01
 -2.824D-04  6.856D-01
 -2.914D-04  6.885D-01
 -3.036D-04  6.814D-01
 -3.124D-04  6.855D-01
 -3.256D-04  6.767D-01
 -3.342D-04  6.823D-01
 -3.486D-04  6.714D-01
 -3.567D-04  6.789D-01
 -3.726D-04  6.654D-01
 -3.801D-04  6.753D-01
 -3.978D-04  6.586D-01
 -4.043D-04  6.714D-01
 -4.243D-04  6.509D-01
 -4.293D-04  6.674D-01
 -4.523D-04  6.422D-01
 -4.553D-04  6.631D-01
 -4.819D-04  6.323D-01
 -4.822D-04  6.586D-01
 -5.134D-04  6.209D-01
 -5.100D-04  6.539D-01
 -5.471D-04  6.077D-01
 -5.389D-04  6.489D-01
 -5.836D-04  5.924D-01
 -5.688D-04  6.438D-01
 -6.233D-04  5.745D-01
 -5.997D-04  6.386D-01
 -6.673D-04  5.533D-01
 -6.317D-04  6.331D-01
 -7.168D-04  5.278D-01
 -6.647D-04  6.275D-01
 -7.740D-04  4.965D-01
 -6.989D-04  6.219D-01
 -8.425D-04  4.571D-01
 -7.341D-04  6.161D-01
 -9.290D-04  4.059D-01
 -7.704D-04  6.104D-01
 -1.048D-03  3.357D-01
 -8.077D-04  6.047D-01
 -1.238D-03  2.306D-01
 -8.458D-04  5.993D-01
 -1.663D-03  4.329D-02
 -8.845D-04  5.945D-01
 -1.735D-05  7.088D-01
 -2.642D-05  7.087D-01
 -3.457D-05  7.085D-01
 -4.234D-05  7.083D-01
 -4.995D-05  7.080D-01
 -5.746D-05  7.078D-01
 -6.494D-05  7.074D-01
 -7.240D-05  7.071D-01
 -7.988D-05  7.066D-01
 -8.738D-05  7.062D-01
 -9.492D-05  7.057D-01
 -1.025D-04  7.053D-01
 -1.102D-04  7.046D-01
 -1.178D-04  7.041D-01
 -1.256D-04  7.033D-01
 -1.335D-04  7.028D-01
 -1.414D-04  7.018D-01
 -1.494D-04  7.013D-01
 -1.576D-04  7.000D-01
 -1.657D-04  6.997D-01
 -1.742D-04  6.981D-01
 -1.825D-04  6.978D-01
 -1.912D-04  6.958D-01
 -1.997D-04  6.958D-01
 -2.088D-04  6.933D-01
 -2.173D-04  6.936D-01
 -2.268D-04  6.905D-01
 -2.356D-04  6.912D-01
 -2.455D-04  6.874D-01
 -2.544D-04  6.886D-01
 -2.649D-04  6.838D-01
 -2.737D-04  6.858D-01
 -2.850D-04  6.799D-01
 -2.938D-04  6.828D-01
 -3.058D-04  6.755D-01
 -3.145D-04  6.796D-01
 -3.276D-04  6.705D-01
 -3.359D-04  6.762D-01
 -3.502D-04  6.650D-01
 -3.581D-04  6.725D-01
 -3.739D-04  6.588D-01
 -3.810D-04  6.687D-01
 -3.986D-04  6.518D-01
 -4.048D-04  6.646D-01
 -4.247D-04  6.439D-01
 -4.294D-04  6.603D-01
 -4.521D-04  6.351D-01
 -4.548D-04  6.558D-01
 -4.812D-04  6.250D-01
 -4.812D-04  6.511D-01
 -5.120D-04  6.135D-01
 -5.085D-04  6.462D-01
 -5.451D-04  6.002D-01
 -5.368D-04  6.410D-01
 -5.807D-04  5.850D-01
 -5.660D-04  6.357D-01
 -6.196D-04  5.671D-01
 -5.962D-04  6.302D-01
 -6.625D-04  5.460D-01
 -6.275D-04  6.246D-01
 -7.108D-04  5.207D-01
 -6.598D-04  6.188D-01
 -7.664D-04  4.897D-01
 -6.931D-04  6.130D-01
 -8.329D-04  4.509D-01
 -7.274D-04  6.070D-01
 -9.168D-04  4.004D-01
 -7.628D-04  6.011D-01
 -1.032D-03  3.311D-01
 -7.991D-04  5.953D-01
 -1.215D-03  2.274D-01
 -8.363D-04  5.897D-01
 -1.625D-03  4.177D-02
 -8.739D-04  5.847D-01
 -1.696D-05  7.061D-01
 -2.582D-05  7.060D-01
 -3.378D-05  7.058D-01
 -4.137D-05  7.055D-01
 -4.880D-05  7.053D-01
 -5.614D-05  7.049D-01
 -6.344D-05  7.046D-01
 -7.073D-05  7.042D-01
 -7.802D-05  7.038D-01
 -8.535D-05  7.033D-01
 -9.270D-05  7.028D-01
 -1.001D-04  7.022D-01
 -1.075D-04  7.017D-01
 -1.151D-04  7.009D-01
 -1.226D-04  7.003D-01
 -1.303D-04  6.994D-01
 -1.380D-04  6.988D-01
 -1.459D-04  6.977D-01
 -1.537D-04  6.972D-01
 -1.618D-04  6.957D-01
 -1.698D-04  6.953D-01
 -1.781D-04  6.936D-01
 -1.863D-04  6.933D-01
 -1.949D-04  6.911D-01
 -2.032D-04  6.911D-01
 -2.122D-04  6.884D-01
 -2.207D-04  6.886D-01
 -2.301D-04  6.853D-01
 -2.386D-04  6.860D-01
 -2.485D-04  6.819D-01
 -2.571D-04  6.832D-01
 -2.676D-04  6.782D-01
 -2.763D-04  6.802D-01
 -2.874D-04  6.740D-01
 -2.960D-04  6.769D-01
 -3.080D-04  6.693D-01
 -3.164D-04  6.735D-01
 -3.293D-04  6.641D-01
 -3.374D-04  6.698D-01
 -3.516D-04  6.584D-01
 -3.592D-04  6.659D-01
 -3.749D-04  6.520D-01
 -3.818D-04  6.619D-01
 -3.993D-04  6.448D-01
 -4.051D-04  6.575D-01
 -4.249D-04  6.368D-01
 -4.293D-04  6.530D-01
 -4.518D-04  6.277D-01
 -4.543D-04  6.483D-01
 -4.803D-04  6.175D-01
 -4.801D-04  6.434D-01
 -5.106D-04  6.059D-01
 -5.069D-04  6.382D-01
 -5.429D-04  5.926D-01
 -5.345D-04  6.329D-01
 -5.778D-04  5.773D-01
 -5.631D-04  6.274D-01
 -6.158D-04  5.595D-01
 -5.927D-04  6.217D-01
 -6.577D-04  5.385D-01
 -6.232D-04  6.159D-01
 -7.047D-04  5.134D-01
 -6.547D-04  6.099D-01
 -7.588D-04  4.828D-01
 -6.873D-04  6.039D-01
 -8.234D-04  4.444D-01
 -7.208D-04  5.978D-01
 -9.047D-04  3.946D-01
 -7.552D-04  5.917D-01
 -1.016D-03  3.263D-01
 -7.906D-04  5.856D-01
 -1.193D-03  2.240D-01
 -8.267D-04  5.798D-01
 -1.588D-03  4.009D-02
 -8.634D-04  5.746D-01
 -1.657D-05  7.034D-01
 -2.524D-05  7.032D-01
 -3.301D-05  7.030D-01
 -4.044D-05  7.027D-01
 -4.769D-05  7.024D-01
 -5.486D-05  7.021D-01
 -6.199D-05  7.017D-01
 -6.911D-05  7.013D-01
 -7.624D-05  7.008D-01
 -8.338D-05  7.004D-01
 -9.056D-05  6.998D-01
 -9.778D-05  6.992D-01
 -1.051D-04  6.985D-01
 -1.124D-04  6.979D-01
 -1.198D-04  6.970D-01
 -1.272D-04  6.964D-01
 -1.348D-04  6.953D-01
 -1.424D-04  6.947D-01
 -1.501D-04  6.934D-01
 -1.578D-04  6.929D-01
 -1.658D-04  6.913D-01
 -1.737D-04  6.908D-01
 -1.819D-04  6.889D-01
 -1.899D-04  6.885D-01
 -1.985D-04  6.862D-01
 -2.066D-04  6.861D-01
 -2.155D-04  6.832D-01
 -2.238D-04  6.835D-01
 -2.331D-04  6.799D-01
 -2.415D-04  6.806D-01
 -2.513D-04  6.763D-01
 -2.598D-04  6.776D-01
 -2.701D-04  6.723D-01
 -2.786D-04  6.743D-01
 -2.896D-04  6.679D-01
 -2.980D-04  6.708D-01
 -3.099D-04  6.630D-01
 -3.181D-04  6.672D-01
 -3.309D-04  6.576D-01
 -3.388D-04  6.633D-01
 -3.529D-04  6.516D-01
 -3.603D-04  6.592D-01
 -3.758D-04  6.450D-01
 -3.824D-04  6.548D-01
 -3.997D-04  6.376D-01
 -4.053D-04  6.503D-01
 -4.249D-04  6.294D-01
 -4.290D-04  6.456D-01
 -4.513D-04  6.202D-01
 -4.535D-04  6.406D-01
 -4.793D-04  6.098D-01
 -4.789D-04  6.355D-01
 -5.090D-04  5.981D-01
 -5.051D-04  6.301D-01
 -5.407D-04  5.848D-01
 -5.322D-04  6.246D-01
 -5.748D-04  5.695D-01
 -5.602D-04  6.189D-01
 -6.119D-04  5.517D-01
 -5.891D-04  6.130D-01
 -6.527D-04  5.308D-01
 -6.189D-04  6.070D-01
 -6.986D-04  5.059D-01
 -6.497D-04  6.009D-01
 -7.512D-04  4.756D-01
 -6.814D-04  5.946D-01
 -8.140D-04  4.378D-01
 -7.141D-04  5.883D-01
 -8.928D-04  3.887D-01
 -7.476D-04  5.820D-01
 -1.000D-03  3.213D-01
 -7.821D-04  5.758D-01
 -1.171D-03  2.203D-01
 -8.173D-04  5.698D-01
 -1.552D-03  3.824D-02
 -8.530D-04  5.643D-01
 -1.620D-05  7.006D-01
 -2.467D-05  7.004D-01
 -3.227D-05  7.002D-01
 -3.953D-05  6.999D-01
 -4.662D-05  6.996D-01
 -5.362D-05  6.992D-01
 -6.059D-05  6.988D-01
 -6.754D-05  6.984D-01
 -7.450D-05  6.979D-01
 -8.148D-05  6.973D-01
 -8.849D-05  6.968D-01
 -9.555D-05  6.961D-01
 -1.026D-04  6.955D-01
 -1.098D-04  6.946D-01
 -1.170D-04  6.940D-01
 -1.243D-04  6.930D-01
 -1.316D-04  6.923D-01
 -1.391D-04  6.911D-01
 -1.465D-04  6.904D-01
 -1.542D-04  6.890D-01
 -1.618D-04  6.884D-01
 -1.696D-04  6.866D-01
 -1.774D-04  6.861D-01
 -1.855D-04  6.840D-01
 -1.934D-04  6.836D-01
 -2.019D-04  6.811D-01
 -2.099D-04  6.810D-01
 -2.187D-04  6.779D-01
 -2.268D-04  6.781D-01
 -2.360D-04  6.744D-01
 -2.443D-04  6.750D-01
 -2.540D-04  6.705D-01
 -2.622D-04  6.717D-01
 -2.725D-04  6.663D-01
 -2.808D-04  6.682D-01
 -2.917D-04  6.616D-01
 -2.999D-04  6.645D-01
 -3.117D-04  6.565D-01
 -3.196D-04  6.606D-01
 -3.324D-04  6.509D-01
 -3.400D-04  6.565D-01
 -3.540D-04  6.447D-01
 -3.611D-04  6.522D-01
 -3.765D-04  6.378D-01
 -3.829D-04  6.476D-01
 -4.001D-04  6.303D-01
 -4.054D-04  6.429D-01
 -4.248D-04  6.219D-01
 -4.287D-04  6.379D-01
 -4.507D-04  6.125D-01
 -4.527D-04  6.327D-01
 -4.781D-04  6.020D-01
 -4.775D-04  6.274D-01
 -5.072D-04  5.902D-01
 -5.032D-04  6.218D-01
 -5.383D-04  5.768D-01
 -5.297D-04  6.161D-01
 -5.716D-04  5.615D-01
 -5.571D-04  6.102D-01
 -6.079D-04  5.437D-01
 -5.853D-04  6.041D-01
 -6.477D-04  5.230D-01
 -6.145D-04  5.979D-01
 -6.924D-04  4.983D-01
 -6.445D-04  5.916D-01
 -7.437D-04  4.683D-01
 -6.755D-04  5.852D-01
 -8.046D-04  4.309D-01
 -7.073D-04  5.787D-01
 -8.810D-04  3.825D-01
 -7.401D-04  5.722D-01
 -9.852D-04  3.161D-01
 -7.736D-04  5.658D-01
 -1.150D-03  2.164D-01
 -8.079D-04  5.596D-01
 -1.517D-03  3.620D-02
 -8.426D-04  5.539D-01
 -1.585D-05  6.977D-01
 -2.412D-05  6.976D-01
 -3.155D-05  6.973D-01
 -3.865D-05  6.970D-01
 -4.558D-05  6.967D-01
 -5.243D-05  6.963D-01
 -5.924D-05  6.959D-01
 -6.603D-05  6.954D-01
 -7.283D-05  6.949D-01
 -7.964D-05  6.943D-01
 -8.649D-05  6.937D-01
 -9.337D-05  6.930D-01
 -1.003D-04  6.922D-01
 -1.073D-04  6.916D-01
 -1.143D-04  6.906D-01
 -1.214D-04  6.899D-01
 -1.286D-04  6.888D-01
 -1.358D-04  6.880D-01
 -1.431D-04  6.867D-01
 -1.505D-04  6.859D-01
 -1.580D-04  6.844D-01
 -1.655D-04  6.837D-01
 -1.733D-04  6.818D-01
 -1.809D-04  6.812D-01
 -1.890D-04  6.789D-01
 -1.967D-04  6.785D-01
 -2.051D-04  6.758D-01
 -2.129D-04  6.756D-01
 -2.216D-04  6.724D-01
 -2.296D-04  6.725D-01
 -2.388D-04  6.686D-01
 -2.468D-04  6.692D-01
 -2.564D-04  6.645D-01
 -2.645D-04  6.657D-01
 -2.747D-04  6.600D-01
 -2.828D-04  6.620D-01
 -2.936D-04  6.551D-01
 -3.016D-04  6.580D-01
 -3.133D-04  6.498D-01
 -3.210D-04  6.539D-01
 -3.337D-04  6.439D-01
 -3.411D-04  6.495D-01
 -3.549D-04  6.375D-01
 -3.618D-04  6.450D-01
 -3.771D-04  6.305D-01
 -3.832D-04  6.402D-01
 -4.002D-04  6.227D-01
 -4.053D-04  6.352D-01
 -4.245D-04  6.141D-01
 -4.281D-04  6.301D-01
 -4.500D-04  6.046D-01
 -4.517D-04  6.247D-01
 -4.769D-04  5.940D-01
 -4.761D-04  6.191D-01
 -5.054D-04  5.821D-01
 -5.012D-04  6.133D-01
 -5.357D-04  5.686D-01
 -5.272D-04  6.074D-01
 -5.684D-04  5.533D-01
 -5.539D-04  6.013D-01
 -6.038D-04  5.356D-01
 -5.816D-04  5.951D-01
 -6.427D-04  5.150D-01
 -6.100D-04  5.887D-01
 -6.862D-04  4.905D-01
 -6.394D-04  5.822D-01
 -7.361D-04  4.608D-01
 -6.696D-04  5.756D-01
 -7.953D-04  4.239D-01
 -7.006D-04  5.689D-01
 -8.693D-04  3.761D-01
 -7.325D-04  5.622D-01
 -9.702D-04  3.107D-01
 -7.652D-04  5.556D-01
 -1.130D-03  2.123D-01
 -7.985D-04  5.493D-01
 -1.483D-03  3.398D-02
 -8.324D-04  5.433D-01
 -1.550D-05  6.949D-01
 -2.359D-05  6.947D-01
 -3.086D-05  6.944D-01
 -3.780D-05  6.941D-01
 -4.457D-05  6.938D-01
 -5.127D-05  6.934D-01
 -5.792D-05  6.929D-01
 -6.456D-05  6.924D-01
 -7.121D-05  6.919D-01
 -7.787D-05  6.912D-01
 -8.455D-05  6.906D-01
 -9.128D-05  6.899D-01
 -9.803D-05  6.892D-01
 -1.049D-04  6.883D-01
 -1.117D-04  6.875D-01
 -1.186D-04  6.864D-01
 -1.256D-04  6.856D-01
 -1.327D-04  6.844D-01
 -1.398D-04  6.836D-01
 -1.470D-04  6.821D-01
 -1.543D-04  6.813D-01
 -1.617D-04  6.796D-01
 -1.691D-04  6.788D-01
 -1.768D-04  6.768D-01
 -1.843D-04  6.761D-01
 -1.922D-04  6.737D-01
 -1.998D-04  6.732D-01
 -2.081D-04  6.703D-01
 -2.158D-04  6.701D-01
 -2.244D-04  6.667D-01
 -2.323D-04  6.668D-01
 -2.413D-04  6.627D-01
 -2.492D-04  6.632D-01
 -2.587D-04  6.583D-01
 -2.667D-04  6.595D-01
 -2.768D-04  6.536D-01
 -2.846D-04  6.555D-01
 -2.954D-04  6.485D-01
 -3.032D-04  6.514D-01
 -3.148D-04  6.429D-01
 -3.223D-04  6.470D-01
 -3.348D-04  6.368D-01
 -3.420D-04  6.424D-01
 -3.557D-04  6.302D-01
 -3.624D-04  6.376D-01
 -3.775D-04  6.230D-01
 -3.834D-04  6.326D-01
 -4.003D-04  6.150D-01
 -4.051D-04  6.274D-01
 -4.241D-04  6.063D-01
 -4.275D-04  6.220D-01
 -4.491D-04  5.966D-01
 -4.506D-04  6.164D-01
 -4.755D-04  5.859D-01
 -4.745D-04  6.106D-01
 -5.034D-04  5.738D-01
 -4.991D-04  6.047D-01
 -5.331D-04  5.603D-01
 -5.245D-04  5.985D-01
 -5.650D-04  5.450D-01
 -5.507D-04  5.923D-01
 -5.996D-04  5.273D-01
 -5.777D-04  5.858D-01
 -6.376D-04  5.068D-01
 -6.055D-04  5.792D-01
 -6.800D-04  4.825D-01
 -6.341D-04  5.725D-01
 -7.285D-04  4.531D-01
 -6.636D-04  5.657D-01
 -7.860D-04  4.166D-01
 -6.939D-04  5.589D-01
 -8.578D-04  3.695D-01
 -7.249D-04  5.521D-01
 -9.554D-04  3.050D-01
 -7.568D-04  5.453D-01
 -1.109D-03  2.080D-01
 -7.892D-04  5.387D-01
 -1.450D-03  3.157D-02
 -8.222D-04  5.326D-01
 -1.516D-05  6.920D-01
 -2.308D-05  6.918D-01
 -3.019D-05  6.915D-01
 -3.697D-05  6.912D-01
 -4.360D-05  6.908D-01
 -5.015D-05  6.904D-01
 -5.665D-05  6.899D-01
 -6.314D-05  6.894D-01
 -6.964D-05  6.888D-01
 -7.614D-05  6.882D-01
 -8.268D-05  6.875D-01
 -8.924D-05  6.868D-01
 -9.585D-05  6.859D-01
 -1.025D-04  6.851D-01
 -1.092D-04  6.841D-01
 -1.159D-04  6.833D-01
 -1.228D-04  6.821D-01
 -1.296D-04  6.812D-01
 -1.366D-04  6.798D-01
 -1.436D-04  6.789D-01
 -1.508D-04  6.773D-01
 -1.579D-04  6.765D-01
 -1.652D-04  6.746D-01
 -1.725D-04  6.738D-01
 -1.801D-04  6.715D-01
 -1.874D-04  6.708D-01
 -1.953D-04  6.683D-01
 -2.028D-04  6.677D-01
 -2.110D-04  6.647D-01
 -2.186D-04  6.644D-01
 -2.271D-04  6.608D-01
 -2.348D-04  6.608D-01
 -2.437D-04  6.565D-01
 -2.515D-04  6.571D-01
 -2.609D-04  6.520D-01
 -2.687D-04  6.531D-01
 -2.787D-04  6.470D-01
 -2.864D-04  6.489D-01
 -2.970D-04  6.417D-01
 -3.046D-04  6.445D-01
 -3.161D-04  6.359D-01
 -3.234D-04  6.399D-01
 -3.358D-04  6.296D-01
 -3.428D-04  6.351D-01
 -3.564D-04  6.227D-01
 -3.628D-04  6.301D-01
 -3.778D-04  6.153D-01
 -3.835D-04  6.248D-01
 -4.002D-04  6.071D-01
 -4.048D-04  6.194D-01
 -4.235D-04  5.982D-01
 -4.267D-04  6.138D-01
 -4.481D-04  5.884D-01
 -4.494D-04  6.080D-01
 -4.739D-04  5.775D-01
 -4.728D-04  6.020D-01
 -5.013D-04  5.654D-01
 -4.969D-04  5.958D-01
 -5.304D-04  5.519D-01
 -5.217D-04  5.895D-01
 -5.616D-04  5.365D-01
 -5.474D-04  5.830D-01
 -5.954D-04  5.189D-01
 -5.737D-04  5.764D-01
 -6.324D-04  4.984D-01
 -6.009D-04  5.696D-01
 -6.737D-04  4.743D-01
 -6.289D-04  5.627D-01
 -7.209D-04  4.453D-01
 -6.576D-04  5.558D-01
 -7.768D-04  4.092D-01
 -6.871D-04  5.488D-01
 -8.465D-04  3.627D-01
 -7.174D-04  5.417D-01
 -9.409D-04  2.991D-01
 -7.484D-04  5.348D-01
 -1.090D-03  2.035D-01
 -7.800D-04  5.280D-01
 -1.419D-03  2.897D-02
 -8.121D-04  5.217D-01
 -1.483D-05  6.890D-01
 -2.258D-05  6.888D-01
 -2.954D-05  6.885D-01
 -3.617D-05  6.882D-01
 -4.266D-05  6.878D-01
 -4.906D-05  6.874D-01
 -5.542D-05  6.869D-01
 -6.177D-05  6.863D-01
 -6.811D-05  6.857D-01
 -7.448D-05  6.850D-01
 -8.086D-05  6.843D-01
 -8.728D-05  6.835D-01
 -9.372D-05  6.827D-01
 -1.002D-04  6.818D-01
 -1.068D-04  6.809D-01
 -1.134D-04  6.798D-01
 -1.200D-04  6.789D-01
 -1.267D-04  6.776D-01
 -1.335D-04  6.766D-01
 -1.404D-04  6.751D-01
 -1.472D-04  6.741D-01
 -1.543D-04  6.724D-01
 -1.613D-04  6.714D-01
 -1.686D-04  6.694D-01
 -1.757D-04  6.685D-01
 -1.832D-04  6.662D-01
 -1.905D-04  6.654D-01
 -1.982D-04  6.626D-01
 -2.056D-04  6.620D-01
 -2.137D-04  6.588D-01
 -2.211D-04  6.585D-01
 -2.296D-04  6.547D-01
 -2.371D-04  6.547D-01
 -2.460D-04  6.502D-01
 -2.536D-04  6.507D-01
 -2.629D-04  6.454D-01
 -2.705D-04  6.465D-01
 -2.804D-04  6.402D-01
 -2.879D-04  6.421D-01
 -2.985D-04  6.347D-01
 -3.059D-04  6.374D-01
 -3.172D-04  6.286D-01
 -3.244D-04  6.326D-01
 -3.367D-04  6.221D-01
 -3.434D-04  6.276D-01
 -3.569D-04  6.151D-01
 -3.631D-04  6.223D-01
 -3.780D-04  6.074D-01
 -3.834D-04  6.169D-01
 -3.999D-04  5.991D-01
 -4.043D-04  6.112D-01
 -4.229D-04  5.900D-01
 -4.258D-04  6.054D-01
 -4.469D-04  5.801D-01
 -4.481D-04  5.994D-01
 -4.723D-04  5.691D-01
 -4.710D-04  5.932D-01
 -4.991D-04  5.569D-01
 -4.946D-04  5.868D-01
 -5.276D-04  5.432D-01
 -5.189D-04  5.803D-01
 -5.581D-04  5.278D-01
 -5.439D-04  5.736D-01
 -5.911D-04  5.102D-01
 -5.697D-04  5.668D-01
 -6.272D-04  4.899D-01
 -5.963D-04  5.598D-01
 -6.674D-04  4.660D-01
 -6.235D-04  5.528D-01
 -7.134D-04  4.372D-01
 -6.516D-04  5.457D-01
 -7.676D-04  4.016D-01
 -6.803D-04  5.385D-01
 -8.352D-04  3.557D-01
 -7.098D-04  5.313D-01
 -9.267D-04  2.930D-01
 -7.400D-04  5.241D-01
 -1.071D-03  1.987D-01
 -7.708D-04  5.172D-01
 -1.388D-03  2.617D-02
 -8.020D-04  5.106D-01
 -1.452D-05  6.860D-01
 -2.210D-05  6.858D-01
 -2.890D-05  6.855D-01
 -3.540D-05  6.852D-01
 -4.174D-05  6.848D-01
 -4.800D-05  6.843D-01
 -5.423D-05  6.838D-01
 -6.043D-05  6.832D-01
 -6.664D-05  6.826D-01
 -7.286D-05  6.819D-01
 -7.910D-05  6.811D-01
 -8.537D-05  6.803D-01
 -9.168D-05  6.794D-01
 -9.801D-05  6.785D-01
 -1.044D-04  6.775D-01
 -1.108D-04  6.765D-01
 -1.174D-04  6.753D-01
 -1.239D-04  6.743D-01
 -1.305D-04  6.729D-01
 -1.372D-04  6.718D-01
 -1.440D-04  6.702D-01
 -1.507D-04  6.692D-01
 -1.577D-04  6.673D-01
 -1.646D-04  6.662D-01
 -1.718D-04  6.641D-01
 -1.788D-04  6.631D-01
 -1.862D-04  6.606D-01
 -1.933D-04  6.598D-01
 -2.010D-04  6.568D-01
 -2.083D-04  6.562D-01
 -2.163D-04  6.528D-01
 -2.236D-04  6.524D-01
 -2.319D-04  6.484D-01
 -2.393D-04  6.484D-01
 -2.481D-04  6.437D-01
 -2.555D-04  6.442D-01
 -2.648D-04  6.387D-01
 -2.722D-04  6.397D-01
 -2.820D-04  6.333D-01
 -2.893D-04  6.351D-01
 -2.998D-04  6.275D-01
 -3.070D-04  6.302D-01
 -3.183D-04  6.212D-01
 -3.252D-04  6.251D-01
 -3.374D-04  6.145D-01
 -3.439D-04  6.199D-01
 -3.573D-04  6.072D-01
 -3.633D-04  6.144D-01
 -3.780D-04  5.994D-01
 -3.832D-04  6.088D-01
 -3.995D-04  5.909D-01
 -4.037D-04  6.029D-01
 -4.221D-04  5.817D-01
 -4.248D-04  5.969D-01
 -4.457D-04  5.716D-01
 -4.466D-04  5.906D-01
 -4.705D-04  5.604D-01
 -4.690D-04  5.842D-01
 -4.968D-04  5.481D-01
 -4.922D-04  5.777D-01
 -5.246D-04  5.344D-01
 -5.160D-04  5.709D-01
 -5.544D-04  5.190D-01
 -5.404D-04  5.641D-01
 -5.867D-04  5.015D-01
 -5.656D-04  5.570D-01
 -6.219D-04  4.812D-01
 -5.915D-04  5.499D-01
 -6.611D-04  4.575D-01
 -6.182D-04  5.427D-01
 -7.058D-04  4.290D-01
 -6.455D-04  5.354D-01
 -7.586D-04  3.938D-01
 -6.736D-04  5.280D-01
 -8.241D-04  3.485D-01
 -7.023D-04  5.206D-01
 -9.127D-04  2.867D-01
 -7.317D-04  5.133D-01
 -1.052D-03  1.938D-01
 -7.617D-04  5.062D-01
 -1.358D-03  2.317D-02
 -7.921D-04  4.994D-01
 -1.421D-05  6.830D-01
 -2.163D-05  6.828D-01
 -2.829D-05  6.825D-01
 -3.465D-05  6.821D-01
 -4.085D-05  6.817D-01
 -4.698D-05  6.812D-01
 -5.307D-05  6.807D-01
 -5.914D-05  6.801D-01
 -6.521D-05  6.794D-01
 -7.129D-05  6.787D-01
 -7.739D-05  6.779D-01
 -8.352D-05  6.770D-01
 -8.968D-05  6.762D-01
 -9.589D-05  6.752D-01
 -1.021D-04  6.742D-01
 -1.084D-04  6.730D-01
 -1.147D-04  6.720D-01
 -1.212D-04  6.706D-01
 -1.276D-04  6.696D-01
 -1.342D-04  6.680D-01
 -1.407D-04  6.669D-01
 -1.474D-04  6.651D-01
 -1.541D-04  6.640D-01
 -1.610D-04  6.620D-01
 -1.677D-04  6.609D-01
 -1.748D-04  6.586D-01
 -1.817D-04  6.575D-01
 -1.891D-04  6.549D-01
 -1.961D-04  6.539D-01
 -2.037D-04  6.509D-01
 -2.108D-04  6.501D-01
 -2.187D-04  6.466D-01
 -2.259D-04  6.461D-01
 -2.341D-04  6.420D-01
 -2.414D-04  6.419D-01
 -2.501D-04  6.371D-01
 -2.573D-04  6.374D-01
 -2.665D-04  6.318D-01
 -2.737D-04  6.328D-01
 -2.835D-04  6.262D-01
 -2.906D-04  6.279D-01
 -3.010D-04  6.201D-01
 -3.080D-04  6.228D-01
 -3.192D-04  6.137D-01
 -3.259D-04  6.175D-01
 -3.380D-04  6.067D-01
 -3.443D-04  6.120D-01
 -3.575D-04  5.993D-01
 -3.633D-04  6.063D-01
 -3.779D-04  5.912D-01
 -3.828D-04  6.004D-01
 -3.990D-04  5.826D-01
 -4.030D-04  5.944D-01
 -4.211D-04  5.731D-01
 -4.237D-04  5.881D-01
 -4.443D-04  5.629D-01
 -4.451D-04  5.817D-01
 -4.686D-04  5.517D-01
 -4.670D-04  5.751D-01
 -4.943D-04  5.393D-01
 -4.896D-04  5.683D-01
 -5.216D-04  5.255D-01
 -5.129D-04  5.614D-01
 -5.508D-04  5.101D-01
 -5.369D-04  5.543D-01
 -5.822D-04  4.926D-01
 -5.615D-04  5.471D-01
 -6.166D-04  4.724D-01
 -5.868D-04  5.398D-01
 -6.548D-04  4.488D-01
 -6.128D-04  5.324D-01
 -6.983D-04  4.206D-01
 -6.394D-04  5.249D-01
 -7.495D-04  3.858D-01
 -6.668D-04  5.174D-01
 -8.131D-04  3.411D-01
 -6.948D-04  5.098D-01
 -8.989D-04  2.802D-01
 -7.234D-04  5.024D-01
 -1.033D-03  1.886D-01
 -7.526D-04  4.950D-01
 -1.329D-03  1.997D-02
 -7.822D-04  4.881D-01
