 -3.541D-03  7.866D-01
 -3.282D-03  7.807D-01
 -3.621D-03  7.861D-01
 -1.355D-03  7.890D-01
 -4.533D-03  7.734D-01
 -3.469D-03  7.849D-01
 -1.219D-03  7.816D-01
 -1.663D-03  7.876D-01
 -5.440D-03  7.638D-01
 -3.278D-03  7.831D-01
 -7.577D-04  7.908D-01
 -1.739D-03  7.725D-01
 -1.802D-03  7.856D-01
 -6.141D-03  7.522D-01
 -3.091D-03  7.810D-01
 -6.821D-04  7.828D-01
 -9.935D-04  7.890D-01
 -2.149D-03  7.613D-01
 -1.863D-03  7.832D-01
 -6.693D-03  7.386D-01
 -2.919D-03  7.787D-01
 -4.982D-04  7.922D-01
 -9.799D-04  7.731D-01
 -1.134D-03  7.867D-01
 -2.493D-03  7.480D-01
 -1.881D-03  7.806D-01
 -7.128D-03  7.231D-01
 -2.763D-03  7.763D-01
 -4.513D-04  7.841D-01
 -6.764D-04  7.903D-01
 -1.219D-03  7.611D-01
 -1.224D-03  7.841D-01
 -2.785D-03  7.332D-01
 -1.874D-03  7.780D-01
 -7.468D-03  7.061D-01
 -2.622D-03  7.741D-01
 -3.584D-04  7.933D-01
 -6.512D-04  7.745D-01
 -7.948D-04  7.880D-01
 -1.425D-03  7.474D-01
 -1.281D-03  7.814D-01
 -3.033D-03  7.169D-01
 -1.853D-03  7.755D-01
 -7.729D-03  6.876D-01
 -2.496D-03  7.721D-01
 -3.269D-04  7.855D-01
 -4.975D-04  7.914D-01
 -8.126D-04  7.627D-01
 -8.791D-04  7.855D-01
 -1.604D-03  7.323D-01
 -1.316D-03  7.789D-01
 -3.242D-03  6.994D-01
 -1.823D-03  7.733D-01
 -7.923D-03  6.677D-01
 -2.381D-03  7.706D-01
 -2.731D-04  7.941D-01
 -4.738D-04  7.763D-01
 -5.957D-04  7.893D-01
 -9.519D-04  7.493D-01
 -9.404D-04  7.831D-01
 -1.761D-03  7.160D-01
 -1.336D-03  7.767D-01
 -3.416D-03  6.809D-01
 -1.788D-03  7.715D-01
 -8.060D-03  6.468D-01
 -2.277D-03  7.696D-01
 -2.508D-04  7.867D-01
 -3.850D-04  7.924D-01
 -5.926D-04  7.652D-01
 -6.698D-04  7.871D-01
 -1.075D-03  7.347D-01
 -9.850D-04  7.809D-01
 -1.897D-03  6.989D-01
 -1.345D-03  7.748D-01
 -3.560D-03  6.615D-01
 -1.750D-03  7.703D-01
 -8.147D-03  6.248D-01
 -2.182D-03  7.693D-01
 -2.165D-04  7.946D-01
 -3.649D-04  7.783D-01
 -4.672D-04  7.906D-01
 -6.953D-04  7.527D-01
 -7.270D-04  7.851D-01
 -1.183D-03  7.192D-01
 -1.017D-03  7.790D-01
 -2.015D-03  6.811D-01
 -1.345D-03  7.735D-01
 -3.676D-03  6.415D-01
 -1.711D-03  7.697D-01
 -8.192D-03  6.021D-01
 -2.096D-03  7.697D-01
 -2.001D-04  7.878D-01
 -3.089D-04  7.932D-01
 -4.575D-04  7.682D-01
 -5.316D-04  7.888D-01
 -7.861D-04  7.392D-01
 -7.717D-04  7.833D-01
 -1.280D-03  7.032D-01
 -1.040D-03  7.777D-01
 -2.116D-03  6.628D-01
 -1.341D-03  7.728D-01
 -3.766D-03  6.210D-01
 -1.672D-03  7.698D-01
 -8.199D-03  5.787D-01
 -2.017D-03  7.709D-01
 -1.768D-04  7.950D-01
 -2.923D-04  7.803D-01
 -3.787D-04  7.917D-01
 -5.377D-04  7.569D-01
 -5.832D-04  7.872D-01
 -8.671D-04  7.251D-01
 -8.065D-04  7.819D-01
 -1.364D-03  6.867D-01
 -1.055D-03  7.769D-01
 -2.202D-03  6.443D-01
 -1.332D-03  7.727D-01
 -3.835D-03  6.001D-01
 -1.633D-03  7.707D-01
 -8.175D-03  5.549D-01
 -1.944D-03  7.730D-01
 -1.642D-04  7.887D-01
 -2.546D-04  7.938D-01
 -3.674D-04  7.713D-01
 -4.348D-04  7.903D-01
 -6.087D-04  7.448D-01
 -6.252D-04  7.859D-01
 -9.394D-04  7.105D-01
 -8.337D-04  7.811D-01
 -1.439D-03  6.702D-01
 -1.065D-03  7.767D-01
 -2.273D-03  6.258D-01
 -1.320D-03  7.734D-01
 -3.883D-03  5.792D-01
 -1.596D-03  7.724D-01
 -8.123D-03  5.308D-01
 -1.878D-03  7.758D-01
 -1.476D-04  7.950D-01
 -2.409D-04  7.821D-01
 -3.147D-04  7.926D-01
 -4.325D-04  7.614D-01
 -4.810D-04  7.891D-01
 -6.722D-04  7.323D-01
 -6.593D-04  7.850D-01
 -1.004D-03  6.959D-01
 -8.546D-04  7.808D-01
 -1.503D-03  6.536D-01
 -1.070D-03  7.772D-01
 -2.330D-03  6.073D-01
 -1.306D-03  7.749D-01
 -3.914D-03  5.582D-01
 -1.559D-03  7.749D-01
 -8.047D-03  5.064D-01
 -1.817D-03  7.795D-01
 -1.379D-04  7.894D-01
 -2.142D-04  7.941D-01
 -3.036D-04  7.743D-01
 -3.639D-04  7.915D-01
 -4.903D-04  7.508D-01
 -5.195D-04  7.882D-01
 -7.292D-04  7.195D-01
 -6.872D-04  7.846D-01
 -1.061D-03  6.812D-01
 -8.706D-04  7.811D-01
 -1.558D-03  6.373D-01
 -1.072D-03  7.784D-01
 -2.376D-03  5.889D-01
 -1.290D-03  7.770D-01
 -3.929D-03  5.374D-01
 -1.524D-03  7.782D-01
 -7.950D-03  4.821D-01
 -1.760D-03  7.839D-01
 -1.256D-04  7.949D-01
 -2.029D-04  7.836D-01
 -2.666D-04  7.932D-01
 -3.581D-04  7.656D-01
 -4.053D-04  7.907D-01
 -5.421D-04  7.398D-01
 -5.518D-04  7.878D-01
 -7.804D-04  7.067D-01
 -7.100D-04  7.847D-01
 -1.111D-03  6.668D-01
 -8.825D-04  7.821D-01
 -1.605D-03  6.212D-01
 -1.071D-03  7.803D-01
 -2.411D-03  5.710D-01
 -1.274D-03  7.799D-01
 -3.930D-03  5.168D-01
 -1.491D-03  7.821D-01
 -7.836D-03  4.578D-01
 -1.708D-03  7.890D-01
 -1.177D-04  7.898D-01
 -1.833D-04  7.941D-01
 -2.564D-04  7.769D-01
 -3.102D-04  7.924D-01
 -4.065D-04  7.565D-01
 -4.404D-04  7.902D-01
 -5.888D-04  7.288D-01
 -5.790D-04  7.878D-01
 -8.261D-04  6.941D-01
 -7.286D-04  7.855D-01
 -1.155D-03  6.528D-01
 -8.911D-04  7.837D-01
 -1.644D-03  6.056D-01
 -1.068D-03  7.828D-01
 -2.436D-03  5.534D-01
 -1.258D-03  7.835D-01
 -3.918D-03  4.966D-01
 -1.459D-03  7.867D-01
 -7.707D-03  4.338D-01
 -1.661D-03  7.946D-01
 -1.083D-04  7.945D-01
 -1.739D-04  7.848D-01
 -2.294D-04  7.934D-01
 -3.030D-04  7.695D-01
 -3.474D-04  7.919D-01
 -4.501D-04  7.472D-01
 -4.705D-04  7.901D-01
 -6.309D-04  7.179D-01
 -6.019D-04  7.883D-01
 -8.669D-04  6.819D-01
 -7.437D-04  7.868D-01
 -1.193D-03  6.392D-01
 -8.972D-04  7.858D-01
 -1.675D-03  5.906D-01
 -1.063D-03  7.859D-01
 -2.453D-03  5.364D-01
 -1.241D-03  7.876D-01
 -3.896D-03  4.769D-01
 -1.428D-03  7.919D-01
 -7.566D-03  4.101D-01
 -1.616D-03  8.008D-01
 -1.020D-04  7.899D-01
 -1.590D-04  7.939D-01
 -2.202D-04  7.790D-01
 -2.683D-04  7.929D-01
 -3.445D-04  7.617D-01
 -3.794D-04  7.918D-01
 -4.895D-04  7.379D-01
 -4.963D-04  7.905D-01
 -6.689D-04  7.073D-01
 -6.213D-04  7.894D-01
 -9.031D-04  6.700D-01
 -7.558D-04  7.886D-01
 -1.226D-03  6.262D-01
 -9.011D-04  7.886D-01
 -1.701D-03  5.761D-01
 -1.058D-03  7.896D-01
 -2.461D-03  5.200D-01
 -1.225D-03  7.923D-01
 -3.865D-03  4.577D-01
 -1.400D-03  7.976D-01
 -7.415D-03  3.869D-01
 -1.575D-03  8.074D-01
 -9.463D-05  7.939D-01
 -1.511D-04  7.856D-01
 -2.000D-04  7.934D-01
 -2.608D-04  7.727D-01
 -3.018D-04  7.927D-01
 -3.820D-04  7.539D-01
 -4.072D-04  7.920D-01
 -5.251D-04  7.287D-01
 -5.186D-04  7.913D-01
 -7.030D-04  6.970D-01
 -6.376D-04  7.909D-01
 -9.350D-04  6.588D-01
 -7.655D-04  7.910D-01
 -1.254D-03  6.138D-01
 -9.032D-04  7.918D-01
 -1.720D-03  5.623D-01
 -1.051D-03  7.938D-01
 -2.462D-03  5.043D-01
 -1.208D-03  7.974D-01
 -3.825D-03  4.392D-01
 -1.373D-03  8.036D-01
 -7.256D-03  3.641D-01
 -1.537D-03  8.143D-01
 -8.940D-05  7.897D-01
 -1.395D-04  7.934D-01
 -1.918D-04  7.807D-01
 -2.349D-04  7.931D-01
 -2.971D-04  7.662D-01
 -3.311D-04  7.928D-01
 -4.159D-04  7.460D-01
 -4.315D-04  7.925D-01
 -5.574D-04  7.198D-01
 -5.379D-04  7.925D-01
 -7.335D-04  6.873D-01
 -6.514D-04  7.929D-01
 -9.629D-04  6.481D-01
 -7.733D-04  7.938D-01
 -1.277D-03  6.021D-01
 -9.040D-04  7.955D-01
 -1.734D-03  5.493D-01
 -1.044D-03  7.984D-01
 -2.457D-03  4.893D-01
 -1.192D-03  8.029D-01
 -3.779D-03  4.214D-01
 -1.347D-03  8.099D-01
 -7.091D-03  3.420D-01
 -1.502D-03  8.214D-01
 -8.350D-05  7.930D-01
 -1.328D-04  7.860D-01
 -1.762D-04  7.930D-01
 -2.276D-04  7.754D-01
 -2.653D-04  7.930D-01
 -3.298D-04  7.596D-01
 -3.568D-04  7.932D-01
 -4.468D-04  7.384D-01
 -4.528D-04  7.935D-01
 -5.866D-04  7.113D-01
 -5.545D-04  7.942D-01
 -7.608D-04  6.780D-01
 -6.631D-04  7.953D-01
 -9.871D-04  6.380D-01
 -7.793D-04  7.970D-01
 -1.296D-03  5.912D-01
 -9.038D-04  7.996D-01
 -1.743D-03  5.370D-01
 -1.037D-03  8.033D-01
 -2.447D-03  4.751D-01
 -1.177D-03  8.086D-01
 -3.727D-03  4.043D-01
 -1.323D-03  8.164D-01
 -6.921D-03  3.205D-01
 -1.470D-03  8.286D-01
 -7.913D-05  7.893D-01
 -1.236D-04  7.926D-01
 -1.690D-04  7.819D-01
 -2.077D-04  7.928D-01
 -2.597D-04  7.699D-01
 -2.921D-04  7.933D-01
 -3.596D-04  7.531D-01
 -3.796D-04  7.939D-01
 -4.749D-04  7.311D-01
 -4.715D-04  7.949D-01
 -6.130D-04  7.033D-01
 -5.690D-04  7.962D-01
 -7.850D-04  6.693D-01
 -6.729D-04  7.980D-01
 -1.008D-03  6.287D-01
 -7.840D-04  8.005D-01
 -1.311D-03  5.809D-01
 -9.026D-04  8.039D-01
 -1.747D-03  5.255D-01
 -1.029D-03  8.084D-01
 -2.432D-03  4.618D-01
 -1.162D-03  8.145D-01
 -3.670D-03  3.881D-01
 -1.301D-03  8.230D-01
 -6.747D-03  2.997D-01
 -1.439D-03  8.357D-01
 -7.433D-05  7.919D-01
 -1.179D-04  7.861D-01
 -1.566D-04  7.923D-01
 -2.009D-04  7.774D-01
 -2.354D-04  7.929D-01
 -2.888D-04  7.644D-01
 -3.159D-04  7.938D-01
 -3.868D-04  7.468D-01
 -3.997D-04  7.950D-01
 -5.004D-04  7.241D-01
 -4.880D-04  7.965D-01
 -6.368D-04  6.958D-01
 -5.816D-04  7.986D-01
 -8.065D-04  6.613D-01
 -6.812D-04  8.011D-01
 -1.026D-03  6.200D-01
 -7.875D-04  8.044D-01
 -1.322D-03  5.714D-01
 -9.008D-04  8.085D-01
 -1.748D-03  5.148D-01
 -1.021D-03  8.137D-01
 -2.412D-03  4.493D-01
 -1.148D-03  8.205D-01
 -3.609D-03  3.727D-01
 -1.280D-03  8.296D-01
 -6.572D-03  2.797D-01
 -1.411D-03  8.428D-01
 -7.064D-05  7.885D-01
 -1.104D-04  7.915D-01
 -1.503D-04  7.825D-01
 -1.853D-04  7.922D-01
 -2.296D-04  7.728D-01
 -2.601D-04  7.932D-01
 -3.153D-04  7.590D-01
 -3.372D-04  7.946D-01
 -4.117D-04  7.408D-01
 -4.177D-04  7.963D-01
 -5.237D-04  7.176D-01
 -5.026D-04  7.985D-01
 -6.582D-04  6.888D-01
 -5.925D-04  8.012D-01
 -8.253D-04  6.538D-01
 -6.882D-04  8.044D-01
 -1.041D-03  6.120D-01
 -7.901D-04  8.083D-01
 -1.331D-03  5.627D-01
 -8.985D-04  8.131D-01
 -1.745D-03  5.049D-01
 -1.013D-03  8.190D-01
 -2.390D-03  4.376D-01
 -1.134D-03  8.264D-01
 -3.545D-03  3.582D-01
 -1.260D-03  8.360D-01
 -6.395D-03  2.606D-01
 -1.385D-03  8.496D-01
 -6.666D-05  7.906D-01
 -1.055D-04  7.858D-01
 -1.403D-04  7.913D-01
 -1.790D-04  7.787D-01
 -2.106D-04  7.924D-01
 -2.557D-04  7.682D-01
 -2.821D-04  7.938D-01
 -3.396D-04  7.538D-01
 -3.562D-04  7.957D-01
 -4.344D-04  7.351D-01
 -4.337D-04  7.980D-01
 -5.448D-04  7.114D-01
 -5.155D-04  8.008D-01
 -6.774D-04  6.823D-01
 -6.021D-04  8.040D-01
 -8.417D-04  6.469D-01
 -6.941D-04  8.079D-01
 -1.053D-03  6.047D-01
 -7.919D-04  8.125D-01
 -1.336D-03  5.546D-01
 -8.958D-04  8.179D-01
 -1.740D-03  4.958D-01
 -1.006D-03  8.243D-01
 -2.364D-03  4.267D-01
 -1.121D-03  8.322D-01
 -3.478D-03  3.446D-01
 -1.241D-03  8.423D-01
 -6.219D-03  2.422D-01
 -1.361D-03  8.561D-01
 -6.351D-05  7.875D-01
 -9.933D-05  7.902D-01
 -1.348D-04  7.827D-01
 -1.665D-04  7.912D-01
 -2.049D-04  7.749D-01
 -2.334D-04  7.927D-01
 -2.795D-04  7.637D-01
 -3.020D-04  7.946D-01
 -3.618D-04  7.488D-01
 -3.733D-04  7.970D-01
 -4.552D-04  7.297D-01
 -4.481D-04  7.999D-01
 -5.640D-04  7.058D-01
 -5.269D-04  8.032D-01
 -6.945D-04  6.763D-01
 -6.104D-04  8.071D-01
 -8.560D-04  6.407D-01
 -6.990D-04  8.115D-01
 -1.063D-03  5.980D-01
 -7.930D-04  8.166D-01
 -1.340D-03  5.474D-01
 -8.928D-04  8.226D-01
 -1.731D-03  4.875D-01
 -9.981D-04  8.295D-01
 -2.335D-03  4.167D-01
 -1.109D-03  8.379D-01
 -3.409D-03  3.318D-01
 -1.223D-03  8.482D-01
 -6.044D-03  2.248D-01
 -1.338D-03  8.622D-01
 -6.018D-05  7.891D-01
 -9.503D-05  7.851D-01
 -1.266D-04  7.900D-01
 -1.608D-04  7.795D-01
 -1.898D-04  7.914D-01
 -2.285D-04  7.710D-01
 -2.538D-04  7.933D-01
 -3.015D-04  7.594D-01
 -3.199D-04  7.957D-01
 -3.823D-04  7.441D-01
 -3.887D-04  7.985D-01
 -4.742D-04  7.247D-01
 -4.609D-04  8.019D-01
 -5.814D-04  7.005D-01
 -5.371D-04  8.058D-01
 -7.098D-04  6.709D-01
 -6.177D-04  8.102D-01
 -8.682D-04  6.350D-01
 -7.031D-04  8.151D-01
 -1.071D-03  5.920D-01
 -7.937D-04  8.208D-01
 -1.340D-03  5.407D-01
 -8.895D-04  8.272D-01
 -1.721D-03  4.799D-01
 -9.907D-04  8.345D-01
 -2.305D-03  4.075D-01
 -1.097D-03  8.432D-01
 -3.340D-03  3.199D-01
 -1.207D-03  8.539D-01
 -5.870D-03  2.082D-01
 -1.317D-03  8.680D-01
 -5.747D-05  7.862D-01
 -8.991D-05  7.887D-01
 -1.217D-04  7.824D-01
 -1.506D-04  7.899D-01
 -1.843D-04  7.762D-01
 -2.108D-04  7.917D-01
 -2.502D-04  7.672D-01
 -2.724D-04  7.941D-01
 -3.216D-04  7.552D-01
 -3.361D-04  7.969D-01
 -4.011D-04  7.397D-01
 -4.026D-04  8.002D-01
 -4.916D-04  7.201D-01
 -4.725D-04  8.041D-01
 -5.971D-04  6.957D-01
 -5.462D-04  8.084D-01
 -7.233D-04  6.659D-01
 -6.241D-04  8.133D-01
 -8.786D-04  6.299D-01
 -7.065D-04  8.187D-01
 -1.076D-03  5.865D-01
 -7.938D-04  8.248D-01
 -1.339D-03  5.348D-01
 -8.862D-04  8.316D-01
 -1.708D-03  4.731D-01
 -9.835D-04  8.393D-01
 -2.272D-03  3.992D-01
 -1.085D-03  8.483D-01
 -3.269D-03  3.089D-01
 -1.191D-03  8.591D-01
 -5.698D-03  1.925D-01
 -1.297D-03  8.732D-01
 -5.464D-05  7.874D-01
 -8.616D-05  7.841D-01
 -1.149D-04  7.884D-01
 -1.454D-04  7.796D-01
 -1.721D-04  7.901D-01
 -2.059D-04  7.729D-01
 -2.298D-04  7.923D-01
 -2.701D-04  7.636D-01
 -2.892D-04  7.950D-01
 -3.402D-04  7.513D-01
 -3.509D-04  7.983D-01
 -4.184D-04  7.356D-01
 -4.153D-04  8.021D-01
 -5.074D-04  7.158D-01
 -4.830D-04  8.063D-01
 -6.112D-04  6.914D-01
 -5.543D-04  8.111D-01
 -7.351D-04  6.615D-01
 -6.296D-04  8.164D-01
 -8.873D-04  6.252D-01
 -7.094D-04  8.223D-01
 -1.080D-03  5.817D-01
 -7.937D-04  8.287D-01
 -1.336D-03  5.295D-01
 -8.827D-04  8.358D-01
 -1.694D-03  4.669D-01
 -9.765D-04  8.438D-01
 -2.239D-03  3.916D-01
 -1.075D-03  8.530D-01
 -3.198D-03  2.988D-01
 -1.176D-03  8.639D-01
 -5.529D-03  1.777D-01
 -1.278D-03  8.780D-01
 -5.229D-05  7.847D-01
 -8.183D-05  7.869D-01
 -1.105D-04  7.817D-01
 -1.370D-04  7.883D-01
 -1.669D-04  7.767D-01
 -1.916D-04  7.903D-01
 -2.257D-04  7.697D-01
 -2.472D-04  7.929D-01
 -2.886D-04  7.601D-01
 -3.046D-04  7.961D-01
 -3.574D-04  7.476D-01
 -3.643D-04  7.998D-01
 -4.343D-04  7.317D-01
 -4.268D-04  8.040D-01
 -5.219D-04  7.119D-01
 -4.924D-04  8.086D-01
 -6.239D-04  6.874D-01
 -5.615D-04  8.138D-01
 -7.455D-04  6.574D-01
 -6.345D-04  8.195D-01
 -8.945D-04  6.211D-01
 -7.117D-04  8.256D-01
 -1.083D-03  5.773D-01
 -7.932D-04  8.324D-01
 -1.331D-03  5.247D-01
 -8.792D-04  8.398D-01
 -1.678D-03  4.614D-01
 -9.696D-04  8.480D-01
 -2.204D-03  3.847D-01
 -1.064D-03  8.573D-01
 -3.126D-03  2.894D-01
 -1.162D-03  8.682D-01
 -5.362D-03  1.638D-01
 -1.261D-03  8.821D-01
 -4.987D-05  7.855D-01
 -7.855D-05  7.827D-01
 -1.048D-04  7.866D-01
 -1.323D-04  7.792D-01
 -1.569D-04  7.884D-01
 -1.867D-04  7.739D-01
 -2.093D-04  7.908D-01
 -2.440D-04  7.665D-01
 -2.631D-04  7.937D-01
 -3.056D-04  7.568D-01
 -3.187D-04  7.973D-01
 -3.733D-04  7.441D-01
 -3.766D-04  8.013D-01
 -4.489D-04  7.282D-01
 -4.372D-04  8.059D-01
 -5.351D-04  7.083D-01
 -5.009D-04  8.109D-01
 -6.353D-04  6.837D-01
 -5.680D-04  8.164D-01
 -7.546D-04  6.537D-01
 -6.388D-04  8.224D-01
 -9.003D-04  6.174D-01
 -7.136D-04  8.288D-01
 -1.084D-03  5.734D-01
 -7.925D-04  8.358D-01
 -1.325D-03  5.205D-01
 -8.756D-04  8.434D-01
 -1.661D-03  4.566D-01
 -9.630D-04  8.517D-01
 -2.168D-03  3.785D-01
 -1.054D-03  8.611D-01
 -3.055D-03  2.809D-01
 -1.149D-03  8.721D-01
 -5.200D-03  1.508D-01
 -1.244D-03  8.857D-01
 -4.782D-05  7.829D-01
 -7.485D-05  7.849D-01
 -1.009D-04  7.806D-01
 -1.252D-04  7.864D-01
 -1.521D-04  7.767D-01
 -1.750D-04  7.886D-01
 -2.049D-04  7.711D-01
 -2.256D-04  7.913D-01
 -2.609D-04  7.636D-01
 -2.776D-04  7.947D-01
 -3.214D-04  7.536D-01
 -3.316D-04  7.985D-01
 -3.879D-04  7.409D-01
 -3.878D-04  8.029D-01
 -4.623D-04  7.249D-01
 -4.468D-04  8.078D-01
 -5.471D-04  7.049D-01
 -5.087D-04  8.132D-01
 -6.455D-04  6.804D-01
 -5.738D-04  8.189D-01
 -7.624D-04  6.504D-01
 -6.426D-04  8.251D-01
 -9.048D-04  6.140D-01
 -7.151D-04  8.318D-01
 -1.084D-03  5.700D-01
 -7.916D-04  8.389D-01
 -1.318D-03  5.168D-01
 -8.721D-04  8.467D-01
 -1.643D-03  4.522D-01
 -9.566D-04  8.551D-01
 -2.132D-03  3.730D-01
 -1.045D-03  8.645D-01
 -2.985D-03  2.732D-01
 -1.136D-03  8.753D-01
 -5.041D-03  1.386D-01
 -1.229D-03  8.887D-01
 -4.572D-05  7.833D-01
 -7.195D-05  7.811D-01
 -9.604D-05  7.845D-01
 -1.210D-04  7.783D-01
 -1.437D-04  7.864D-01
 -1.703D-04  7.742D-01
 -1.916D-04  7.889D-01
 -2.218D-04  7.684D-01
 -2.405D-04  7.920D-01
 -2.767D-04  7.607D-01
 -2.910D-04  7.956D-01
 -3.361D-04  7.507D-01
 -3.434D-04  7.998D-01
 -4.015D-04  7.379D-01
 -3.982D-04  8.045D-01
 -4.747D-04  7.218D-01
 -4.555D-04  8.097D-01
 -5.579D-04  7.019D-01
 -5.157D-04  8.153D-01
 -6.545D-04  6.773D-01
 -5.791D-04  8.213D-01
 -7.690D-04  6.474D-01
 -6.459D-04  8.277D-01
 -9.081D-04  6.110D-01
 -7.163D-04  8.345D-01
 -1.082D-03  5.669D-01
 -7.905D-04  8.418D-01
 -1.310D-03  5.135D-01
 -8.685D-04  8.495D-01
 -1.624D-03  4.484D-01
 -9.504D-04  8.580D-01
 -2.096D-03  3.681D-01
 -1.036D-03  8.673D-01
 -2.915D-03  2.661D-01
 -1.124D-03  8.780D-01
 -4.886D-03  1.273D-01
 -1.214D-03  8.911D-01
 -4.392D-05  7.809D-01
 -6.876D-05  7.827D-01
 -9.257D-05  7.791D-01
 -1.150D-04  7.842D-01
 -1.393D-04  7.761D-01
 -1.605D-04  7.864D-01
 -1.872D-04  7.717D-01
 -2.068D-04  7.893D-01
 -2.375D-04  7.658D-01
 -2.543D-04  7.927D-01
 -2.913D-04  7.579D-01
 -3.033D-04  7.966D-01
 -3.497D-04  7.478D-01
 -3.544D-04  8.011D-01
 -4.140D-04  7.350D-01
 -4.076D-04  8.061D-01
 -4.860D-04  7.189D-01
 -4.635D-04  8.115D-01
 -5.678D-04  6.990D-01
 -5.221D-04  8.173D-01
 -6.626D-04  6.745D-01
 -5.838D-04  8.234D-01
 -7.746D-04  6.446D-01
 -6.487D-04  8.300D-01
 -9.104D-04  6.083D-01
 -7.172D-04  8.369D-01
 -1.080D-03  5.642D-01
 -7.892D-04  8.442D-01
 -1.301D-03  5.106D-01
 -8.650D-04  8.520D-01
 -1.604D-03  4.451D-01
 -9.444D-04  8.604D-01
 -2.059D-03  3.638D-01
 -1.027D-03  8.697D-01
 -2.846D-03  2.598D-01
 -1.113D-03  8.802D-01
 -4.735D-03  1.168D-01
 -1.200D-03  8.929D-01
 -4.209D-05  7.810D-01
 -6.619D-05  7.791D-01
 -8.838D-05  7.822D-01
 -1.111D-04  7.770D-01
 -1.321D-04  7.841D-01
 -1.562D-04  7.738D-01
 -1.761D-04  7.866D-01
 -2.028D-04  7.693D-01
 -2.209D-04  7.897D-01
 -2.521D-04  7.632D-01
 -2.670D-04  7.934D-01
 -3.049D-04  7.553D-01
 -3.148D-04  7.977D-01
 -3.623D-04  7.451D-01
 -3.645D-04  8.024D-01
 -4.256D-04  7.323D-01
 -4.164D-04  8.075D-01
 -4.963D-04  7.162D-01
 -4.708D-04  8.131D-01
 -5.767D-04  6.963D-01
 -5.279D-04  8.191D-01
 -6.696D-04  6.719D-01
 -5.880D-04  8.253D-01
 -7.792D-04  6.421D-01
 -6.512D-04  8.320D-01
 -9.117D-04  6.059D-01
 -7.178D-04  8.389D-01
 -1.077D-03  5.618D-01
 -7.879D-04  8.463D-01
 -1.291D-03  5.081D-01
 -8.614D-04  8.541D-01
 -1.584D-03  4.421D-01
 -9.385D-04  8.624D-01
 -2.022D-03  3.600D-01
 -1.019D-03  8.715D-01
 -2.778D-03  2.541D-01
 -1.102D-03  8.817D-01
 -4.588D-03  1.070D-01
 -1.187D-03  8.941D-01
 -4.050D-05  7.787D-01
 -6.341D-05  7.803D-01
 -8.528D-05  7.773D-01
 -1.060D-04  7.818D-01
 -1.281D-04  7.750D-01
 -1.479D-04  7.840D-01
 -1.718D-04  7.716D-01
 -1.904D-04  7.868D-01
 -2.174D-04  7.669D-01
 -2.339D-04  7.902D-01
 -2.657D-04  7.608D-01
 -2.788D-04  7.942D-01
 -3.176D-04  7.528D-01
 -3.253D-04  7.986D-01
 -3.741D-04  7.426D-01
 -3.738D-04  8.036D-01
 -4.363D-04  7.297D-01
 -4.244D-04  8.089D-01
 -5.058D-04  7.136D-01
 -4.775D-04  8.146D-01
 -5.847D-04  6.938D-01
 -5.332D-04  8.206D-01
 -6.758D-04  6.695D-01
 -5.918D-04  8.270D-01
 -7.830D-04  6.398D-01
 -6.534D-04  8.337D-01
 -9.122D-04  6.036D-01
 -7.182D-04  8.406D-01
 -1.073D-03  5.596D-01
 -7.864D-04  8.479D-01
 -1.280D-03  5.058D-01
 -8.579D-04  8.556D-01
 -1.564D-03  4.396D-01
 -9.329D-04  8.638D-01
 -1.986D-03  3.566D-01
 -1.011D-03  8.727D-01
 -2.712D-03  2.490D-01
 -1.092D-03  8.827D-01
 -4.445D-03  9.808D-02
 -1.174D-03  8.947D-01
 -3.889D-05  7.785D-01
 -6.112D-05  7.770D-01
 -8.164D-05  7.797D-01
 -1.025D-04  7.753D-01
 -1.220D-04  7.815D-01
 -1.438D-04  7.729D-01
 -1.625D-04  7.840D-01
 -1.864D-04  7.694D-01
 -2.037D-04  7.871D-01
 -2.310D-04  7.646D-01
 -2.460D-04  7.908D-01
 -2.784D-04  7.584D-01
 -2.897D-04  7.949D-01
 -3.294D-04  7.503D-01
 -3.351D-04  7.996D-01
 -3.850D-04  7.401D-01
 -3.824D-04  8.046D-01
 -4.461D-04  7.272D-01
 -4.319D-04  8.101D-01
 -5.145D-04  7.112D-01
 -4.837D-04  8.159D-01
 -5.919D-04  6.914D-01
 -5.381D-04  8.220D-01
 -6.811D-04  6.672D-01
 -5.952D-04  8.284D-01
 -7.859D-04  6.376D-01
 -6.553D-04  8.350D-01
 -9.119D-04  6.015D-01
 -7.184D-04  8.420D-01
 -1.068D-03  5.576D-01
 -7.848D-04  8.492D-01
 -1.269D-03  5.038D-01
 -8.544D-04  8.568D-01
 -1.543D-03  4.374D-01
 -9.273D-04  8.648D-01
 -1.949D-03  3.537D-01
 -1.003D-03  8.735D-01
 -2.647D-03  2.445D-01
 -1.082D-03  8.832D-01
 -4.307D-03  8.984D-02
 -1.162D-03  8.947D-01
 -3.748D-05  7.762D-01
 -5.868D-05  7.777D-01
 -7.886D-05  7.751D-01
 -9.804D-05  7.792D-01
 -1.183D-04  7.734D-01
 -1.368D-04  7.813D-01
 -1.584D-04  7.708D-01
 -1.760D-04  7.841D-01
 -2.000D-04  7.672D-01
 -2.160D-04  7.874D-01
 -2.437D-04  7.623D-01
 -2.572D-04  7.912D-01
 -2.903D-04  7.560D-01
 -2.999D-04  7.956D-01
 -3.405D-04  7.479D-01
 -3.442D-04  8.004D-01
 -3.951D-04  7.376D-01
 -3.904D-04  8.056D-01
 -4.552D-04  7.248D-01
 -4.388D-04  8.111D-01
 -5.224D-04  7.088D-01
 -4.894D-04  8.169D-01
 -5.984D-04  6.891D-01
 -5.425D-04  8.231D-01
 -6.857D-04  6.649D-01
 -5.983D-04  8.294D-01
 -7.881D-04  6.355D-01
 -6.569D-04  8.360D-01
 -9.109D-04  5.996D-01
 -7.185D-04  8.429D-01
 -1.063D-03  5.558D-01
 -7.831D-04  8.500D-01
 -1.257D-03  5.020D-01
 -8.509D-04  8.574D-01
 -1.522D-03  4.354D-01
 -9.219D-04  8.653D-01
 -1.913D-03  3.512D-01
 -9.958D-04  8.737D-01
 -2.583D-03  2.406D-01
 -1.072D-03  8.831D-01
 -4.174D-03  8.229D-02
 -1.150D-03  8.941D-01
 -3.606D-05  7.758D-01
 -5.664D-05  7.745D-01
 -7.567D-05  7.769D-01
 -9.489D-05  7.733D-01
 -1.131D-04  7.787D-01
 -1.330D-04  7.714D-01
 -1.505D-04  7.811D-01
 -1.720D-04  7.687D-01
 -1.885D-04  7.841D-01
 -2.127D-04  7.650D-01
 -2.275D-04  7.877D-01
 -2.556D-04  7.601D-01
 -2.677D-04  7.917D-01
 -3.014D-04  7.537D-01
 -3.094D-04  7.962D-01
 -3.507D-04  7.455D-01
 -3.527D-04  8.011D-01
 -4.045D-04  7.352D-01
 -3.979D-04  8.063D-01
 -4.636D-04  7.224D-01
 -4.451D-04  8.119D-01
 -5.296D-04  7.064D-01
 -4.946D-04  8.178D-01
 -6.041D-04  6.868D-01
 -5.465D-04  8.239D-01
 -6.896D-04  6.628D-01
 -6.010D-04  8.302D-01
 -7.896D-04  6.334D-01
 -6.582D-04  8.367D-01
 -9.093D-04  5.977D-01
 -7.183D-04  8.434D-01
 -1.057D-03  5.540D-01
 -7.814D-04  8.504D-01
 -1.245D-03  5.004D-01
 -8.475D-04  8.576D-01
 -1.501D-03  4.337D-01
 -9.166D-04  8.653D-01
 -1.878D-03  3.490D-01
 -9.885D-04  8.734D-01
 -2.521D-03  2.371D-01
 -1.063D-03  8.824D-01
 -4.044D-03  7.540D-02
 -1.139D-03  8.930D-01
 -3.479D-05  7.736D-01
 -5.449D-05  7.749D-01
 -7.316D-05  7.727D-01
 -9.100D-05  7.763D-01
 -1.096D-04  7.714D-01
 -1.269D-04  7.784D-01
 -1.466D-04  7.694D-01
 -1.632D-04  7.810D-01
 -1.847D-04  7.665D-01
 -2.002D-04  7.842D-01
 -2.246D-04  7.628D-01
 -2.382D-04  7.879D-01
 -2.668D-04  7.578D-01
 -2.775D-04  7.921D-01
 -3.118D-04  7.514D-01
 -3.182D-04  7.967D-01
 -3.603D-04  7.432D-01
 -3.606D-04  8.016D-01
 -4.132D-04  7.328D-01
 -4.048D-04  8.069D-01
 -4.713D-04  7.200D-01
 -4.510D-04  8.125D-01
 -5.361D-04  7.041D-01
 -4.994D-04  8.183D-01
 -6.092D-04  6.845D-01
 -5.502D-04  8.244D-01
 -6.929D-04  6.606D-01
 -6.035D-04  8.306D-01
 -7.906D-04  6.314D-01
 -6.594D-04  8.370D-01
 -9.071D-04  5.959D-01
 -7.180D-04  8.436D-01
 -1.050D-03  5.524D-01
 -7.796D-04  8.504D-01
 -1.233D-03  4.989D-01
 -8.440D-04  8.574D-01
 -1.480D-03  4.322D-01
 -9.113D-04  8.647D-01
 -1.842D-03  3.471D-01
 -9.815D-04  8.726D-01
 -2.460D-03  2.340D-01
 -1.054D-03  8.812D-01
 -3.919D-03  6.912D-02
 -1.128D-03  8.913D-01
 -3.353D-05  7.729D-01
 -5.265D-05  7.718D-01
 -7.036D-05  7.740D-01
 -8.814D-05  7.709D-01
 -1.051D-04  7.757D-01
 -1.234D-04  7.694D-01
 -1.398D-04  7.780D-01
 -1.593D-04  7.673D-01
 -1.750D-04  7.809D-01
 -1.967D-04  7.644D-01
 -2.111D-04  7.842D-01
 -2.358D-04  7.606D-01
 -2.482D-04  7.881D-01
 -2.773D-04  7.555D-01
 -2.866D-04  7.923D-01
 -3.215D-04  7.490D-01
 -3.265D-04  7.970D-01
 -3.693D-04  7.408D-01
 -3.680D-04  8.020D-01
 -4.212D-04  7.304D-01
 -4.112D-04  8.073D-01
 -4.784D-04  7.176D-01
 -4.565D-04  8.128D-01
 -5.420D-04  7.017D-01
 -5.039D-04  8.186D-01
 -6.136D-04  6.822D-01
 -5.535D-04  8.246D-01
 -6.956D-04  6.584D-01
 -6.056D-04  8.307D-01
 -7.909D-04  6.294D-01
 -6.603D-04  8.369D-01
 -9.044D-04  5.941D-01
 -7.176D-04  8.433D-01
 -1.043D-03  5.508D-01
 -7.777D-04  8.499D-01
 -1.220D-03  4.975D-01
 -8.405D-04  8.567D-01
 -1.459D-03  4.308D-01
 -9.062D-04  8.638D-01
 -1.808D-03  3.455D-01
 -9.746D-04  8.713D-01
 -2.400D-03  2.313D-01
 -1.045D-03  8.795D-01
 -3.798D-03  6.343D-02
 -1.118D-03  8.891D-01
 -3.239D-05  7.707D-01
 -5.074D-05  7.719D-01
 -6.808D-05  7.701D-01
 -8.472D-05  7.732D-01
 -1.020D-04  7.690D-01
 -1.181D-04  7.752D-01
 -1.361D-04  7.674D-01
 -1.518D-04  7.777D-01
 -1.713D-04  7.652D-01
 -1.861D-04  7.807D-01
 -2.079D-04  7.623D-01
 -2.213D-04  7.842D-01
 -2.463D-04  7.583D-01
 -2.576D-04  7.881D-01
 -2.871D-04  7.532D-01
 -2.952D-04  7.925D-01
 -3.306D-04  7.466D-01
 -3.342D-04  7.972D-01
 -3.776D-04  7.384D-01
 -3.748D-04  8.022D-01
 -4.287D-04  7.280D-01
 -4.172D-04  8.074D-01
 -4.849D-04  7.151D-01
 -4.616D-04  8.129D-01
 -5.473D-04  6.993D-01
 -5.080D-04  8.186D-01
 -6.176D-04  6.799D-01
 -5.566D-04  8.244D-01
 -6.977D-04  6.562D-01
 -6.076D-04  8.304D-01
 -7.907D-04  6.274D-01
 -6.610D-04  8.365D-01
 -9.012D-04  5.923D-01
 -7.170D-04  8.427D-01
 -1.036D-03  5.492D-01
 -7.757D-04  8.490D-01
 -1.208D-03  4.961D-01
 -8.370D-04  8.555D-01
 -1.438D-03  4.296D-01
 -9.011D-04  8.623D-01
 -1.774D-03  3.440D-01
 -9.678D-04  8.695D-01
 -2.343D-03  2.290D-01
 -1.037D-03  8.773D-01
 -3.682D-03  5.827D-02
 -1.107D-03  8.864D-01
 -3.127D-05  7.699D-01
 -4.908D-05  7.689D-01
 -6.560D-05  7.709D-01
 -8.211D-05  7.682D-01
 -9.794D-05  7.725D-01
 -1.148D-04  7.671D-01
 -1.302D-04  7.746D-01
 -1.481D-04  7.654D-01
 -1.630D-04  7.773D-01
 -1.825D-04  7.631D-01
 -1.965D-04  7.805D-01
 -2.184D-04  7.601D-01
 -2.309D-04  7.841D-01
 -2.562D-04  7.560D-01
 -2.664D-04  7.881D-01
 -2.963D-04  7.508D-01
 -3.032D-04  7.925D-01
 -3.391D-04  7.442D-01
 -3.414D-04  7.972D-01
 -3.854D-04  7.359D-01
 -3.812D-04  8.021D-01
 -4.357D-04  7.255D-01
 -4.228D-04  8.073D-01
 -4.909D-04  7.126D-01
 -4.662D-04  8.127D-01
 -5.521D-04  6.968D-01
 -5.117D-04  8.183D-01
 -6.209D-04  6.775D-01
 -5.593D-04  8.240D-01
 -6.993D-04  6.539D-01
 -6.092D-04  8.297D-01
 -7.901D-04  6.253D-01
 -6.615D-04  8.356D-01
 -8.977D-04  5.904D-01
 -7.163D-04  8.416D-01
 -1.029D-03  5.476D-01
 -7.736D-04  8.477D-01
 -1.195D-03  4.948D-01
 -8.336D-04  8.539D-01
 -1.417D-03  4.284D-01
 -8.961D-04  8.604D-01
 -1.740D-03  3.427D-01
 -9.612D-04  8.672D-01
 -2.287D-03  2.269D-01
 -1.029D-03  8.746D-01
 -3.569D-03  5.362D-02
 -1.097D-03  8.832D-01
 -3.024D-05  7.676D-01
 -4.737D-05  7.687D-01
 -6.354D-05  7.671D-01
 -7.908D-05  7.700D-01
 -9.507D-05  7.663D-01
 -1.102D-04  7.718D-01
 -1.268D-04  7.651D-01
 -1.416D-04  7.741D-01
 -1.594D-04  7.633D-01
 -1.735D-04  7.769D-01
 -1.931D-04  7.610D-01
 -2.062D-04  7.802D-01
 -2.284D-04  7.578D-01
 -2.399D-04  7.839D-01
 -2.655D-04  7.537D-01
 -2.747D-04  7.879D-01
 -3.049D-04  7.484D-01
 -3.107D-04  7.923D-01
 -3.471D-04  7.417D-01
 -3.482D-04  7.970D-01
 -3.926D-04  7.333D-01
 -3.872D-04  8.019D-01
 -4.421D-04  7.228D-01
 -4.280D-04  8.070D-01
 -4.963D-04  7.100D-01
 -4.706D-04  8.123D-01
 -5.564D-04  6.942D-01
 -5.152D-04  8.177D-01
 -6.238D-04  6.749D-01
 -5.618D-04  8.232D-01
 -7.004D-04  6.516D-01
 -6.107D-04  8.287D-01
 -7.890D-04  6.231D-01
 -6.618D-04  8.344D-01
 -8.937D-04  5.885D-01
 -7.154D-04  8.401D-01
 -1.021D-03  5.460D-01
 -7.715D-04  8.459D-01
 -1.182D-03  4.934D-01
 -8.300D-04  8.519D-01
 -1.396D-03  4.272D-01
 -8.911D-04  8.580D-01
 -1.707D-03  3.416D-01
 -9.546D-04  8.645D-01
 -2.232D-03  2.251D-01
 -1.020D-03  8.715D-01
 -3.461D-03  4.943D-02
 -1.088D-03  8.796D-01
 -2.923D-05  7.666D-01
 -4.587D-05  7.658D-01
 -6.132D-05  7.676D-01
 -7.670D-05  7.653D-01
 -9.152D-05  7.691D-01
 -1.072D-04  7.643D-01
 -1.217D-04  7.711D-01
 -1.381D-04  7.630D-01
 -1.522D-04  7.735D-01
 -1.700D-04  7.612D-01
 -1.834D-04  7.765D-01
 -2.031D-04  7.587D-01
 -2.154D-04  7.798D-01
 -2.377D-04  7.555D-01
 -2.483D-04  7.836D-01
 -2.742D-04  7.513D-01
 -2.824D-04  7.876D-01
 -3.130D-04  7.459D-01
 -3.178D-04  7.920D-01
 -3.546D-04  7.391D-01
 -3.545D-04  7.966D-01
 -3.993D-04  7.306D-01
 -3.929D-04  8.014D-01
 -4.480D-04  7.201D-01
 -4.328D-04  8.064D-01
 -5.012D-04  7.072D-01
 -4.746D-04  8.115D-01
 -5.602D-04  6.915D-01
 -5.183D-04  8.167D-01
 -6.262D-04  6.723D-01
 -5.640D-04  8.220D-01
 -7.011D-04  6.491D-01
 -6.119D-04  8.274D-01
 -7.876D-04  6.208D-01
 -6.620D-04  8.328D-01
 -8.894D-04  5.864D-01
 -7.144D-04  8.383D-01
 -1.013D-03  5.442D-01
 -7.693D-04  8.438D-01
 -1.169D-03  4.920D-01
 -8.265D-04  8.494D-01
 -1.375D-03  4.261D-01
 -8.862D-04  8.552D-01
 -1.675D-03  3.405D-01
 -9.482D-04  8.613D-01
 -2.179D-03  2.236D-01
 -1.012D-03  8.679D-01
 -3.356D-03  4.566D-02
 -1.078D-03  8.755D-01
 -2.831D-05  7.644D-01
 -4.434D-05  7.653D-01
 -5.944D-05  7.640D-01
 -7.400D-05  7.665D-01
 -8.889D-05  7.633D-01
 -1.031D-04  7.682D-01
 -1.185D-04  7.623D-01
 -1.324D-04  7.703D-01
 -1.487D-04  7.609D-01
 -1.622D-04  7.729D-01
 -1.799D-04  7.590D-01
 -1.926D-04  7.759D-01
 -2.124D-04  7.564D-01
 -2.240D-04  7.793D-01
 -2.465D-04  7.531D-01
 -2.563D-04  7.831D-01
 -2.825D-04  7.488D-01
 -2.897D-04  7.871D-01
 -3.207D-04  7.433D-01
 -3.244D-04  7.914D-01
 -3.615D-04  7.364D-01
 -3.605D-04  7.960D-01
 -4.056D-04  7.278D-01
 -3.981D-04  8.007D-01
 -4.534D-04  7.173D-01
 -4.373D-04  8.055D-01
 -5.057D-04  7.044D-01
 -4.783D-04  8.105D-01
 -5.636D-04  6.886D-01
 -5.212D-04  8.155D-01
 -6.282D-04  6.696D-01
 -5.660D-04  8.206D-01
 -7.014D-04  6.464D-01
 -6.129D-04  8.257D-01
 -7.857D-04  6.184D-01
 -6.620D-04  8.309D-01
 -8.849D-04  5.843D-01
 -7.133D-04  8.360D-01
 -1.005D-03  5.424D-01
 -7.669D-04  8.413D-01
 -1.155D-03  4.905D-01
 -8.229D-04  8.466D-01
 -1.355D-03  4.249D-01
 -8.812D-04  8.520D-01
 -1.644D-03  3.395D-01
 -9.418D-04  8.577D-01
 -2.127D-03  2.222D-01
 -1.005D-03  8.639D-01
 -3.256D-03  4.228D-02
 -1.069D-03  8.710D-01
 -2.739D-05  7.632D-01
 -4.297D-05  7.625D-01
 -5.745D-05  7.641D-01
 -7.182D-05  7.621D-01
 -8.573D-05  7.654D-01
 -1.003D-04  7.613D-01
 -1.139D-04  7.673D-01
 -1.291D-04  7.602D-01
 -1.425D-04  7.696D-01
 -1.587D-04  7.587D-01
 -1.716D-04  7.722D-01
 -1.894D-04  7.567D-01
 -2.014D-04  7.753D-01
 -2.213D-04  7.540D-01
 -2.321D-04  7.787D-01
 -2.548D-04  7.505D-01
 -2.638D-04  7.825D-01
 -2.902D-04  7.461D-01
 -2.966D-04  7.865D-01
 -3.278D-04  7.405D-01
 -3.306D-04  7.907D-01
 -3.681D-04  7.335D-01
 -3.661D-04  7.951D-01
 -4.114D-04  7.249D-01
 -4.030D-04  7.997D-01
 -4.584D-04  7.143D-01
 -4.415D-04  8.043D-01
 -5.098D-04  7.014D-01
 -4.818D-04  8.091D-01
 -5.665D-04  6.857D-01
 -5.238D-04  8.139D-01
 -6.298D-04  6.667D-01
 -5.678D-04  8.188D-01
 -7.013D-04  6.437D-01
 -6.138D-04  8.237D-01
 -7.835D-04  6.158D-01
 -6.618D-04  8.285D-01
 -8.800D-04  5.820D-01
 -7.121D-04  8.334D-01
 -9.964D-04  5.404D-01
 -7.646D-04  8.384D-01
 -1.142D-03  4.889D-01
 -8.193D-04  8.433D-01
 -1.335D-03  4.237D-01
 -8.763D-04  8.484D-01
 -1.613D-03  3.385D-01
 -9.355D-04  8.538D-01
 -2.077D-03  2.209D-01
 -9.968D-04  8.595D-01
 -3.159D-03  3.924D-02
 -1.060D-03  8.661D-01
 -2.655D-05  7.609D-01
 -4.159D-05  7.618D-01
 -5.574D-05  7.606D-01
 -6.940D-05  7.629D-01
 -8.331D-05  7.601D-01
 -9.667D-05  7.644D-01
 -1.110D-04  7.592D-01
 -1.241D-04  7.664D-01
 -1.391D-04  7.580D-01
 -1.519D-04  7.687D-01
 -1.682D-04  7.564D-01
 -1.804D-04  7.715D-01
 -1.983D-04  7.543D-01
 -2.096D-04  7.746D-01
 -2.297D-04  7.515D-01
 -2.397D-04  7.780D-01
 -2.626D-04  7.479D-01
 -2.708D-04  7.817D-01
 -2.975D-04  7.433D-01
 -3.030D-04  7.856D-01
 -3.345D-04  7.376D-01
 -3.365D-04  7.897D-01
 -3.741D-04  7.305D-01
 -3.713D-04  7.940D-01
 -4.168D-04  7.218D-01
 -4.076D-04  7.984D-01
 -4.630D-04  7.111D-01
 -4.454D-04  8.029D-01
 -5.134D-04  6.982D-01
 -4.849D-04  8.075D-01
 -5.690D-04  6.825D-01
 -5.262D-04  8.120D-01
 -6.310D-04  6.636D-01
 -5.693D-04  8.167D-01
 -7.009D-04  6.407D-01
 -6.144D-04  8.213D-01
 -7.811D-04  6.131D-01
 -6.615D-04  8.259D-01
 -8.749D-04  5.795D-01
 -7.107D-04  8.305D-01
 -9.878D-04  5.383D-01
 -7.621D-04  8.351D-01
 -1.129D-03  4.872D-01
 -8.156D-04  8.397D-01
 -1.315D-03  4.224D-01
 -8.714D-04  8.445D-01
 -1.583D-03  3.375D-01
 -9.293D-04  8.494D-01
 -2.029D-03  2.198D-01
 -9.892D-04  8.547D-01
 -3.065D-03  3.651D-02
 -1.051D-03  8.608D-01
 -2.573D-05  7.596D-01
 -4.035D-05  7.590D-01
 -5.395D-05  7.604D-01
 -6.741D-05  7.586D-01
 -8.048D-05  7.617D-01
 -9.406D-05  7.580D-01
 -1.069D-04  7.633D-01
 -1.210D-04  7.570D-01
 -1.337D-04  7.654D-01
 -1.486D-04  7.558D-01
 -1.609D-04  7.678D-01
 -1.771D-04  7.540D-01
 -1.888D-04  7.706D-01
 -2.067D-04  7.518D-01
 -2.174D-04  7.737D-01
 -2.376D-04  7.489D-01
 -2.469D-04  7.771D-01
 -2.700D-04  7.451D-01
 -2.775D-04  7.807D-01
 -3.044D-04  7.404D-01
 -3.091D-04  7.845D-01
 -3.408D-04  7.346D-01
 -3.420D-04  7.885D-01
 -3.798D-04  7.274D-01
 -3.762D-04  7.927D-01
 -4.217D-04  7.186D-01
 -4.119D-04  7.969D-01
 -4.671D-04  7.078D-01
 -4.490D-04  8.012D-01
 -5.167D-04  6.948D-01
 -4.878D-04  8.055D-01
 -5.712D-04  6.792D-01
 -5.283D-04  8.099D-01
 -6.318D-04  6.603D-01
 -5.707D-04  8.142D-01
 -7.001D-04  6.376D-01
 -6.149D-04  8.185D-01
 -7.783D-04  6.102D-01
 -6.610D-04  8.228D-01
 -8.696D-04  5.769D-01
 -7.092D-04  8.271D-01
 -9.792D-04  5.360D-01
 -7.595D-04  8.314D-01
 -1.116D-03  4.853D-01
 -8.119D-04  8.357D-01
 -1.296D-03  4.210D-01
 -8.665D-04  8.401D-01
 -1.553D-03  3.364D-01
 -9.231D-04  8.447D-01
 -1.982D-03  2.187D-01
 -9.816D-04  8.496D-01
 -2.975D-03  3.406D-02
 -1.042D-03  8.552D-01
 -2.496D-05  7.573D-01
 -3.910D-05  7.581D-01
 -5.238D-05  7.570D-01
 -6.523D-05  7.591D-01
 -7.825D-05  7.565D-01
 -9.084D-05  7.604D-01
 -1.042D-04  7.558D-01
 -1.166D-04  7.622D-01
 -1.305D-04  7.548D-01
 -1.427D-04  7.643D-01
 -1.576D-04  7.534D-01
 -1.693D-04  7.668D-01
 -1.855D-04  7.515D-01
 -1.966D-04  7.696D-01
 -2.146D-04  7.491D-01
 -2.247D-04  7.727D-01
 -2.450D-04  7.461D-01
 -2.537D-04  7.760D-01
 -2.770D-04  7.422D-01
 -2.838D-04  7.795D-01
 -3.108D-04  7.374D-01
 -3.149D-04  7.832D-01
 -3.467D-04  7.314D-01
 -3.472D-04  7.871D-01
 -3.851D-04  7.241D-01
 -3.808D-04  7.911D-01
 -4.263D-04  7.151D-01
 -4.158D-04  7.951D-01
 -4.709D-04  7.043D-01
 -4.524D-04  7.992D-01
 -5.196D-04  6.913D-01
 -4.905D-04  8.033D-01
 -5.730D-04  6.757D-01
 -5.303D-04  8.074D-01
 -6.323D-04  6.569D-01
 -5.718D-04  8.114D-01
 -6.991D-04  6.343D-01
 -6.152D-04  8.155D-01
 -7.753D-04  6.071D-01
 -6.604D-04  8.195D-01
 -8.641D-04  5.740D-01
 -7.076D-04  8.235D-01
 -9.704D-04  5.336D-01
 -7.569D-04  8.274D-01
 -1.103D-03  4.833D-01
 -8.082D-04  8.314D-01
 -1.276D-03  4.194D-01
 -8.615D-04  8.354D-01
 -1.525D-03  3.353D-01
 -9.169D-04  8.396D-01
 -1.936D-03  2.177D-01
 -9.741D-04  8.441D-01
 -2.889D-03  3.184D-02
 -1.033D-03  8.493D-01
 -2.421D-05  7.559D-01
 -3.796D-05  7.553D-01
 -5.076D-05  7.566D-01
 -6.340D-05  7.550D-01
 -7.571D-05  7.577D-01
 -8.841D-05  7.544D-01
 -1.006D-04  7.592D-01
 -1.137D-04  7.535D-01
 -1.257D-04  7.610D-01
 -1.395D-04  7.524D-01
 -1.512D-04  7.632D-01
 -1.660D-04  7.509D-01
 -1.773D-04  7.657D-01
 -1.935D-04  7.489D-01
 -2.041D-04  7.685D-01
 -2.221D-04  7.464D-01
 -2.317D-04  7.715D-01
 -2.521D-04  7.431D-01
 -2.602D-04  7.747D-01
 -2.836D-04  7.391D-01
 -2.897D-04  7.782D-01
 -3.169D-04  7.341D-01
 -3.203D-04  7.817D-01
 -3.522D-04  7.280D-01
 -3.521D-04  7.854D-01
 -3.900D-04  7.205D-01
 -3.851D-04  7.892D-01
 -4.306D-04  7.115D-01
 -4.196D-04  7.930D-01
 -4.744D-04  7.006D-01
 -4.555D-04  7.969D-01
 -5.221D-04  6.876D-01
 -4.929D-04  8.007D-01
 -5.745D-04  6.720D-01
 -5.320D-04  8.046D-01
 -6.325D-04  6.532D-01
 -5.727D-04  8.084D-01
 -6.977D-04  6.308D-01
 -6.153D-04  8.121D-01
 -7.720D-04  6.038D-01
 -6.596D-04  8.158D-01
 -8.584D-04  5.710D-01
 -7.059D-04  8.195D-01
 -9.616D-04  5.309D-01
 -7.542D-04  8.231D-01
 -1.090D-03  4.811D-01
 -8.044D-04  8.267D-01
 -1.257D-03  4.177D-01
 -8.565D-04  8.304D-01
 -1.496D-03  3.341D-01
 -9.107D-04  8.342D-01
 -1.892D-03  2.167D-01
 -9.666D-04  8.383D-01
 -2.805D-03  2.983D-02
 -1.024D-03  8.430D-01
 -2.351D-05  7.535D-01
 -3.682D-05  7.542D-01
 -4.932D-05  7.533D-01
 -6.143D-05  7.551D-01
 -7.365D-05  7.528D-01
 -8.552D-05  7.563D-01
 -9.798D-05  7.521D-01
 -1.097D-04  7.579D-01
 -1.227D-04  7.512D-01
 -1.342D-04  7.598D-01
 -1.480D-04  7.499D-01
 -1.592D-04  7.620D-01
 -1.741D-04  7.483D-01
 -1.849D-04  7.645D-01
 -2.011D-04  7.461D-01
 -2.112D-04  7.672D-01
 -2.293D-04  7.434D-01
 -2.383D-04  7.702D-01
 -2.588D-04  7.401D-01
 -2.663D-04  7.733D-01
 -2.898D-04  7.359D-01
 -2.953D-04  7.766D-01
 -3.226D-04  7.307D-01
 -3.254D-04  7.800D-01
 -3.574D-04  7.244D-01
 -3.566D-04  7.835D-01
 -3.946D-04  7.168D-01
 -3.892D-04  7.871D-01
 -4.344D-04  7.077D-01
 -4.230D-04  7.907D-01
 -4.775D-04  6.967D-01
 -4.583D-04  7.943D-01
 -5.243D-04  6.837D-01
 -4.951D-04  7.979D-01
 -5.756D-04  6.680D-01
 -5.335D-04  8.015D-01
 -6.324D-04  6.494D-01
 -5.735D-04  8.050D-01
 -6.961D-04  6.271D-01
 -6.152D-04  8.084D-01
 -7.685D-04  6.002D-01
 -6.587D-04  8.118D-01
 -8.525D-04  5.678D-01
 -7.041D-04  8.152D-01
 -9.527D-04  5.281D-01
 -7.513D-04  8.185D-01
 -1.077D-03  4.787D-01
 -8.005D-04  8.218D-01
 -1.239D-03  4.159D-01
 -8.515D-04  8.251D-01
 -1.469D-03  3.328D-01
 -9.045D-04  8.285D-01
 -1.849D-03  2.157D-01
 -9.592D-04  8.322D-01
 -2.725D-03  2.799D-02
 -1.015D-03  8.364D-01
 -2.282D-05  7.520D-01
 -3.578D-05  7.515D-01
 -4.785D-05  7.526D-01
 -5.974D-05  7.511D-01
 -7.135D-05  7.536D-01
 -8.327D-05  7.505D-01
 -9.475D-05  7.549D-01
 -1.070D-04  7.498D-01
 -1.184D-04  7.565D-01
 -1.312D-04  7.487D-01
 -1.424D-04  7.584D-01
 -1.560D-04  7.473D-01
 -1.669D-04  7.606D-01
 -1.817D-04  7.455D-01
 -1.920D-04  7.631D-01
 -2.083D-04  7.432D-01
 -2.178D-04  7.658D-01
 -2.360D-04  7.404D-01
 -2.445D-04  7.686D-01
 -2.651D-04  7.368D-01
 -2.720D-04  7.717D-01
 -2.956D-04  7.324D-01
 -3.006D-04  7.748D-01
 -3.279D-04  7.271D-01
 -3.302D-04  7.781D-01
 -3.622D-04  7.207D-01
 -3.609D-04  7.814D-01
 -3.988D-04  7.129D-01
 -3.929D-04  7.847D-01
 -4.380D-04  7.037D-01
 -4.262D-04  7.881D-01
 -4.803D-04  6.927D-01
 -4.609D-04  7.915D-01
 -5.262D-04  6.795D-01
 -4.971D-04  7.948D-01
 -5.765D-04  6.639D-01
 -5.348D-04  7.981D-01
 -6.320D-04  6.453D-01
 -5.740D-04  8.013D-01
 -6.942D-04  6.231D-01
 -6.150D-04  8.045D-01
 -7.648D-04  5.965D-01
 -6.577D-04  8.075D-01
 -8.465D-04  5.643D-01
 -7.021D-04  8.106D-01
 -9.437D-04  5.250D-01
 -7.484D-04  8.135D-01
 -1.064D-03  4.761D-01
 -7.965D-04  8.165D-01
 -1.220D-03  4.138D-01
 -8.465D-04  8.194D-01
 -1.442D-03  3.313D-01
 -8.983D-04  8.225D-01
 -1.808D-03  2.146D-01
 -9.518D-04  8.257D-01
 -2.647D-03  2.630D-02
 -1.007D-03  8.296D-01
 -2.218D-05  7.496D-01
 -3.474D-05  7.502D-01
 -4.653D-05  7.493D-01
 -5.795D-05  7.509D-01
 -6.945D-05  7.488D-01
 -8.066D-05  7.520D-01
 -9.234D-05  7.482D-01
 -1.035D-04  7.534D-01
 -1.156D-04  7.473D-01
 -1.265D-04  7.551D-01
 -1.393D-04  7.461D-01
 -1.501D-04  7.570D-01
 -1.637D-04  7.445D-01
 -1.741D-04  7.592D-01
 -1.889D-04  7.426D-01
 -1.988D-04  7.616D-01
 -2.151D-04  7.401D-01
 -2.242D-04  7.642D-01
 -2.424D-04  7.371D-01
 -2.504D-04  7.669D-01
 -2.710D-04  7.334D-01
 -2.775D-04  7.698D-01
 -3.011D-04  7.288D-01
 -3.056D-04  7.728D-01
 -3.329D-04  7.233D-01
 -3.347D-04  7.759D-01
 -3.667D-04  7.167D-01
 -3.650D-04  7.790D-01
 -4.027D-04  7.088D-01
 -3.964D-04  7.821D-01
 -4.412D-04  6.995D-01
 -4.292D-04  7.852D-01
 -4.828D-04  6.883D-01
 -4.633D-04  7.883D-01
 -5.278D-04  6.751D-01
 -4.988D-04  7.914D-01
 -5.770D-04  6.595D-01
 -5.359D-04  7.944D-01
 -6.314D-04  6.410D-01
 -5.744D-04  7.973D-01
 -6.921D-04  6.189D-01
 -6.146D-04  8.002D-01
 -7.608D-04  5.925D-01
 -6.565D-04  8.030D-01
 -8.403D-04  5.606D-01
 -7.001D-04  8.057D-01
 -9.347D-04  5.217D-01
 -7.454D-04  8.083D-01
 -1.051D-03  4.733D-01
 -7.925D-04  8.109D-01
 -1.202D-03  4.116D-01
 -8.414D-04  8.135D-01
 -1.416D-03  3.297D-01
 -8.921D-04  8.162D-01
 -1.767D-03  2.135D-01
 -9.444D-04  8.191D-01
 -2.573D-03  2.471D-02
 -9.981D-04  8.224D-01
 -2.155D-05  7.479D-01
 -3.379D-05  7.474D-01
 -4.518D-05  7.484D-01
 -5.639D-05  7.470D-01
 -6.737D-05  7.493D-01
 -7.858D-05  7.465D-01
 -8.943D-05  7.504D-01
 -1.009D-04  7.457D-01
 -1.117D-04  7.518D-01
 -1.236D-04  7.447D-01
 -1.343D-04  7.535D-01
 -1.469D-04  7.433D-01
 -1.573D-04  7.554D-01
 -1.709D-04  7.416D-01
 -1.810D-04  7.576D-01
 -1.957D-04  7.395D-01
 -2.052D-04  7.599D-01
 -2.215D-04  7.369D-01
 -2.302D-04  7.624D-01
 -2.484D-04  7.336D-01
 -2.560D-04  7.650D-01
 -2.766D-04  7.297D-01
 -2.827D-04  7.678D-01
 -3.063D-04  7.250D-01
 -3.103D-04  7.706D-01
 -3.376D-04  7.193D-01
 -3.390D-04  7.734D-01
 -3.709D-04  7.126D-01
 -3.688D-04  7.763D-01
 -4.063D-04  7.045D-01
 -3.997D-04  7.792D-01
 -4.441D-04  6.950D-01
 -4.319D-04  7.821D-01
 -4.849D-04  6.838D-01
 -4.655D-04  7.849D-01
 -5.291D-04  6.706D-01
 -5.004D-04  7.877D-01
 -5.773D-04  6.549D-01
 -5.368D-04  7.904D-01
 -6.305D-04  6.364D-01
 -5.747D-04  7.931D-01
 -6.897D-04  6.145D-01
 -6.141D-04  7.956D-01
 -7.567D-04  5.883D-01
 -6.552D-04  7.981D-01
 -8.341D-04  5.567D-01
 -6.979D-04  8.005D-01
 -9.256D-04  5.182D-01
 -7.423D-04  8.028D-01
 -1.038D-03  4.703D-01
 -7.884D-04  8.050D-01
 -1.184D-03  4.092D-01
 -8.363D-04  8.073D-01
 -1.390D-03  3.279D-01
 -8.859D-04  8.096D-01
 -1.728D-03  2.123D-01
 -9.370D-04  8.121D-01
 -2.501D-03  2.320D-02
 -9.895D-04  8.151D-01
 -2.096D-05  7.454D-01
 -3.284D-05  7.460D-01
 -4.396D-05  7.452D-01
 -5.476D-05  7.467D-01
 -6.561D-05  7.447D-01
 -7.621D-05  7.476D-01
 -8.719D-05  7.440D-01
 -9.772D-05  7.488D-01
 -1.090D-04  7.431D-01
 -1.195D-04  7.502D-01
 -1.313D-04  7.419D-01
 -1.416D-04  7.519D-01
 -1.542D-04  7.404D-01
 -1.643D-04  7.538D-01
 -1.778D-04  7.386D-01
 -1.875D-04  7.558D-01
 -2.022D-04  7.363D-01
 -2.113D-04  7.581D-01
 -2.276D-04  7.334D-01
 -2.359D-04  7.604D-01
 -2.542D-04  7.300D-01
 -2.613D-04  7.629D-01
 -2.819D-04  7.259D-01
 -2.875D-04  7.655D-01
 -3.112D-04  7.210D-01
 -3.147D-04  7.681D-01
 -3.420D-04  7.151D-01
 -3.430D-04  7.708D-01
 -3.747D-04  7.082D-01
 -3.723D-04  7.734D-01
 -4.095D-04  7.000D-01
 -4.028D-04  7.761D-01
 -4.468D-04  6.904D-01
 -4.345D-04  7.787D-01
 -4.868D-04  6.790D-01
 -4.674D-04  7.813D-01
 -5.301D-04  6.657D-01
 -5.018D-04  7.838D-01
 -5.774D-04  6.501D-01
 -5.375D-04  7.862D-01
 -6.293D-04  6.317D-01
 -5.747D-04  7.886D-01
 -6.872D-04  6.099D-01
 -6.134D-04  7.908D-01
 -7.525D-04  5.838D-01
 -6.537D-04  7.930D-01
 -8.277D-04  5.526D-01
 -6.956D-04  7.950D-01
 -9.166D-04  5.144D-01
 -7.391D-04  7.970D-01
 -1.026D-03  4.670D-01
 -7.843D-04  7.989D-01
 -1.167D-03  4.065D-01
 -8.311D-04  8.008D-01
 -1.365D-03  3.260D-01
 -8.796D-04  8.028D-01
 -1.690D-03  2.109D-01
 -9.297D-04  8.049D-01
 -2.432D-03  2.175D-02
 -9.810D-04  8.074D-01
 -2.039D-05  7.436D-01
 -3.195D-05  7.432D-01
 -4.273D-05  7.441D-01
 -5.332D-05  7.428D-01
 -6.370D-05  7.448D-01
 -7.427D-05  7.422D-01
 -8.455D-05  7.458D-01
 -9.534D-05  7.414D-01
 -1.056D-04  7.470D-01
 -1.167D-04  7.404D-01
 -1.269D-04  7.485D-01
 -1.386D-04  7.391D-01
 -1.486D-04  7.501D-01
 -1.611D-04  7.374D-01
 -1.708D-04  7.519D-01
 -1.843D-04  7.353D-01
 -1.937D-04  7.539D-01
 -2.084D-04  7.328D-01
 -2.171D-04  7.561D-01
 -2.334D-04  7.298D-01
 -2.413D-04  7.583D-01
 -2.596D-04  7.262D-01
 -2.663D-04  7.606D-01
 -2.870D-04  7.219D-01
 -2.922D-04  7.630D-01
 -3.157D-04  7.167D-01
 -3.189D-04  7.654D-01
 -3.461D-04  7.107D-01
 -3.467D-04  7.679D-01
 -3.783D-04  7.036D-01
 -3.756D-04  7.703D-01
 -4.126D-04  6.952D-01
 -4.056D-04  7.727D-01
 -4.491D-04  6.855D-01
 -4.368D-04  7.751D-01
 -4.884D-04  6.741D-01
 -4.692D-04  7.774D-01
 -5.309D-04  6.607D-01
 -5.030D-04  7.796D-01
 -5.772D-04  6.451D-01
 -5.381D-04  7.817D-01
 -6.280D-04  6.267D-01
 -5.746D-04  7.838D-01
 -6.844D-04  6.050D-01
 -6.126D-04  7.857D-01
 -7.481D-04  5.792D-01
 -6.521D-04  7.876D-01
 -8.212D-04  5.482D-01
 -6.932D-04  7.893D-01
 -9.075D-04  5.104D-01
 -7.358D-04  7.910D-01
 -1.013D-03  4.635D-01
 -7.801D-04  7.926D-01
 -1.149D-03  4.036D-01
 -8.259D-04  7.941D-01
 -1.341D-03  3.238D-01
 -8.734D-04  7.957D-01
 -1.653D-03  2.095D-01
 -9.223D-04  7.975D-01
 -2.366D-03  2.033D-02
 -9.725D-04  7.996D-01
 -1.984D-05  7.411D-01
 -3.108D-05  7.416D-01
 -4.161D-05  7.408D-01
 -5.183D-05  7.422D-01
 -6.207D-05  7.403D-01
 -7.211D-05  7.430D-01
 -8.246D-05  7.396D-01
 -9.245D-05  7.440D-01
 -1.031D-04  7.387D-01
 -1.130D-04  7.452D-01
 -1.241D-04  7.375D-01
 -1.339D-04  7.466D-01
 -1.456D-04  7.360D-01
 -1.552D-04  7.482D-01
 -1.677D-04  7.342D-01
 -1.771D-04  7.500D-01
 -1.906D-04  7.319D-01
 -1.995D-04  7.519D-01
 -2.143D-04  7.292D-01
 -2.226D-04  7.539D-01
 -2.389D-04  7.260D-01
 -2.464D-04  7.560D-01
 -2.647D-04  7.222D-01
 -2.710D-04  7.581D-01
 -2.917D-04  7.176D-01
 -2.965D-04  7.603D-01
 -3.200D-04  7.123D-01
 -3.229D-04  7.625D-01
 -3.499D-04  7.061D-01
 -3.503D-04  7.647D-01
 -3.816D-04  6.988D-01
 -3.787D-04  7.669D-01
 -4.153D-04  6.903D-01
 -4.082D-04  7.691D-01
 -4.512D-04  6.804D-01
 -4.389D-04  7.712D-01
 -4.898D-04  6.688D-01
 -4.708D-04  7.732D-01
 -5.314D-04  6.554D-01
 -5.040D-04  7.752D-01
 -5.767D-04  6.398D-01
 -5.385D-04  7.770D-01
 -6.264D-04  6.214D-01
 -5.743D-04  7.787D-01
 -6.815D-04  5.998D-01
 -6.116D-04  7.804D-01
 -7.435D-04  5.742D-01
 -6.504D-04  7.819D-01
 -8.146D-04  5.435D-01
 -6.906D-04  7.833D-01
 -8.984D-04  5.061D-01
 -7.324D-04  7.847D-01
 -1.001D-03  4.598D-01
 -7.758D-04  7.859D-01
 -1.132D-03  4.005D-01
 -8.207D-04  7.872D-01
 -1.317D-03  3.214D-01
 -8.671D-04  7.884D-01
 -1.618D-03  2.079D-01
 -9.150D-04  7.898D-01
 -2.301D-03  1.891D-02
 -9.641D-04  7.916D-01
 -1.931D-05  7.392D-01
 -3.027D-05  7.388D-01
 -4.047D-05  7.396D-01
 -5.050D-05  7.384D-01
 -6.033D-05  7.402D-01
 -7.031D-05  7.378D-01
 -8.006D-05  7.411D-01
 -9.022D-05  7.369D-01
 -9.993D-05  7.421D-01
 -1.104D-04  7.358D-01
 -1.201D-04  7.433D-01
 -1.310D-04  7.345D-01
 -1.406D-04  7.447D-01
 -1.522D-04  7.328D-01
 -1.616D-04  7.462D-01
 -1.740D-04  7.308D-01
 -1.830D-04  7.479D-01
 -1.965D-04  7.283D-01
 -2.051D-04  7.496D-01
 -2.198D-04  7.254D-01
 -2.279D-04  7.515D-01
 -2.441D-04  7.220D-01
 -2.513D-04  7.534D-01
 -2.695D-04  7.179D-01
 -2.756D-04  7.554D-01
 -2.961D-04  7.132D-01
 -3.006D-04  7.574D-01
 -3.240D-04  7.076D-01
 -3.266D-04  7.594D-01
 -3.535D-04  7.012D-01
 -3.536D-04  7.614D-01
 -3.847D-04  6.937D-01
 -3.816D-04  7.633D-01
 -4.178D-04  6.851D-01
 -4.106D-04  7.652D-01
 -4.531D-04  6.750D-01
 -4.408D-04  7.671D-01
 -4.909D-04  6.634D-01
 -4.722D-04  7.688D-01
 -5.317D-04  6.499D-01
 -5.048D-04  7.705D-01
 -5.761D-04  6.342D-01
 -5.387D-04  7.720D-01
 -6.246D-04  6.159D-01
 -5.739D-04  7.735D-01
 -6.784D-04  5.945D-01
 -6.105D-04  7.748D-01
 -7.388D-04  5.690D-01
 -6.485D-04  7.760D-01
 -8.080D-04  5.386D-01
 -6.880D-04  7.771D-01
 -8.893D-04  5.016D-01
 -7.290D-04  7.781D-01
 -9.883D-04  4.557D-01
 -7.714D-04  7.791D-01
 -1.116D-03  3.971D-01
 -8.153D-04  7.800D-01
 -1.294D-03  3.188D-01
 -8.608D-04  7.809D-01
 -1.583D-03  2.061D-01
 -9.076D-04  7.820D-01
 -2.240D-03  1.747D-02
 -9.556D-04  7.833D-01
 -1.881D-05  7.367D-01
 -2.946D-05  7.371D-01
 -3.943D-05  7.363D-01
 -4.912D-05  7.376D-01
 -5.881D-05  7.358D-01
 -6.834D-05  7.382D-01
 -7.811D-05  7.351D-01
 -8.759D-05  7.391D-01
 -9.758D-05  7.341D-01
 -1.070D-04  7.401D-01
 -1.174D-04  7.328D-01
 -1.268D-04  7.413D-01
 -1.377D-04  7.313D-01
 -1.469D-04  7.426D-01
 -1.585D-04  7.294D-01
 -1.676D-04  7.440D-01
 -1.799D-04  7.272D-01
 -1.887D-04  7.456D-01
 -2.021D-04  7.246D-01
 -2.104D-04  7.472D-01
 -2.251D-04  7.214D-01
 -2.328D-04  7.489D-01
 -2.491D-04  7.178D-01
 -2.559D-04  7.507D-01
 -2.741D-04  7.135D-01
 -2.798D-04  7.525D-01
 -3.003D-04  7.085D-01
 -3.045D-04  7.543D-01
 -3.278D-04  7.028D-01
 -3.301D-04  7.560D-01
 -3.568D-04  6.961D-01
 -3.567D-04  7.578D-01
 -3.874D-04  6.885D-01
 -3.842D-04  7.595D-01
 -4.200D-04  6.796D-01
 -4.128D-04  7.611D-01
 -4.547D-04  6.695D-01
 -4.425D-04  7.627D-01
 -4.918D-04  6.577D-01
 -4.734D-04  7.642D-01
 -5.318D-04  6.442D-01
 -5.055D-04  7.655D-01
 -5.752D-04  6.285D-01
 -5.388D-04  7.668D-01
 -6.226D-04  6.102D-01
 -5.734D-04  7.679D-01
 -6.751D-04  5.888D-01
 -6.093D-04  7.690D-01
 -7.340D-04  5.636D-01
 -6.466D-04  7.699D-01
 -8.012D-04  5.334D-01
 -6.853D-04  7.707D-01
 -8.801D-04  4.968D-01
 -7.254D-04  7.714D-01
 -9.761D-04  4.515D-01
 -7.670D-04  7.720D-01
 -1.099D-03  3.935D-01
 -8.100D-04  7.726D-01
 -1.271D-03  3.160D-01
 -8.544D-04  7.732D-01
 -1.549D-03  2.042D-01
 -9.002D-04  7.739D-01
 -2.180D-03  1.600D-02
 -9.472D-04  7.749D-01
 -1.832D-05  7.347D-01
 -2.871D-05  7.342D-01
 -3.839D-05  7.350D-01
 -4.789D-05  7.338D-01
 -5.722D-05  7.355D-01
 -6.666D-05  7.331D-01
 -7.591D-05  7.362D-01
 -8.550D-05  7.322D-01
 -9.473D-05  7.370D-01
 -1.046D-04  7.311D-01
 -1.138D-04  7.380D-01
 -1.240D-04  7.297D-01
 -1.332D-04  7.391D-01
 -1.440D-04  7.280D-01
 -1.530D-04  7.403D-01
 -1.644D-04  7.259D-01
 -1.733D-04  7.417D-01
 -1.856D-04  7.234D-01
 -1.941D-04  7.431D-01
 -2.074D-04  7.206D-01
 -2.155D-04  7.446D-01
 -2.301D-04  7.172D-01
 -2.375D-04  7.462D-01
 -2.537D-04  7.133D-01
 -2.603D-04  7.477D-01
 -2.784D-04  7.088D-01
 -2.838D-04  7.493D-01
 -3.042D-04  7.036D-01
 -3.082D-04  7.509D-01
 -3.313D-04  6.977D-01
 -3.334D-04  7.525D-01
 -3.598D-04  6.908D-01
 -3.596D-04  7.540D-01
 -3.900D-04  6.830D-01
 -3.867D-04  7.554D-01
 -4.220D-04  6.740D-01
 -4.149D-04  7.568D-01
 -4.560D-04  6.637D-01
 -4.441D-04  7.581D-01
 -4.924D-04  6.518D-01
 -4.744D-04  7.593D-01
 -5.316D-04  6.382D-01
 -5.059D-04  7.604D-01
 -5.741D-04  6.225D-01
 -5.387D-04  7.613D-01
 -6.205D-04  6.043D-01
 -5.726D-04  7.622D-01
 -6.717D-04  5.830D-01
 -6.079D-04  7.629D-01
 -7.290D-04  5.579D-01
 -6.445D-04  7.635D-01
 -7.944D-04  5.280D-01
 -6.824D-04  7.640D-01
 -8.710D-04  4.918D-01
 -7.217D-04  7.644D-01
 -9.639D-04  4.469D-01
 -7.625D-04  7.648D-01
 -1.083D-03  3.897D-01
 -8.046D-04  7.650D-01
 -1.249D-03  3.130D-01
 -8.480D-04  7.653D-01
 -1.516D-03  2.020D-01
 -8.928D-04  7.657D-01
 -2.123D-03  1.446D-02
 -9.388D-04  7.663D-01
 -1.786D-05  7.320D-01
 -2.797D-05  7.325D-01
 -3.743D-05  7.317D-01
 -4.662D-05  7.328D-01
 -5.581D-05  7.311D-01
 -6.485D-05  7.333D-01
 -7.409D-05  7.303D-01
 -8.310D-05  7.340D-01
 -9.253D-05  7.293D-01
 -1.015D-04  7.348D-01
 -1.113D-04  7.279D-01
 -1.202D-04  7.358D-01
 -1.304D-04  7.263D-01
 -1.393D-04  7.368D-01
 -1.500D-04  7.244D-01
 -1.588D-04  7.380D-01
 -1.701D-04  7.222D-01
 -1.787D-04  7.392D-01
 -1.909D-04  7.195D-01
 -1.992D-04  7.405D-01
 -2.125D-04  7.164D-01
 -2.203D-04  7.418D-01
 -2.348D-04  7.128D-01
 -2.420D-04  7.432D-01
 -2.581D-04  7.087D-01
 -2.645D-04  7.446D-01
 -2.824D-04  7.040D-01
 -2.877D-04  7.460D-01
 -3.078D-04  6.985D-01
 -3.116D-04  7.473D-01
 -3.345D-04  6.924D-01
 -3.365D-04  7.487D-01
 -3.626D-04  6.853D-01
 -3.623D-04  7.499D-01
 -3.923D-04  6.773D-01
 -3.890D-04  7.511D-01
 -4.237D-04  6.681D-01
 -4.167D-04  7.522D-01
 -4.571D-04  6.576D-01
 -4.454D-04  7.533D-01
 -4.929D-04  6.457D-01
 -4.753D-04  7.542D-01
 -5.313D-04  6.320D-01
 -5.063D-04  7.550D-01
 -5.728D-04  6.163D-01
 -5.384D-04  7.557D-01
 -6.181D-04  5.981D-01
 -5.718D-04  7.562D-01
 -6.681D-04  5.769D-01
 -6.064D-04  7.567D-01
 -7.239D-04  5.520D-01
 -6.423D-04  7.570D-01
 -7.876D-04  5.223D-01
 -6.795D-04  7.572D-01
 -8.619D-04  4.865D-01
 -7.180D-04  7.573D-01
 -9.519D-04  4.422D-01
 -7.579D-04  7.573D-01
 -1.067D-03  3.855D-01
 -7.991D-04  7.573D-01
 -1.227D-03  3.097D-01
 -8.416D-04  7.572D-01
 -1.485D-03  1.997D-01
 -8.855D-04  7.572D-01
 -2.067D-03  1.285D-02
 -9.304D-04  7.575D-01
 -1.740D-05  7.299D-01
 -2.727D-05  7.295D-01
 -3.646D-05  7.302D-01
 -4.547D-05  7.290D-01
 -5.434D-05  7.306D-01
 -6.328D-05  7.283D-01
 -7.208D-05  7.311D-01
 -8.114D-05  7.273D-01
 -8.993D-05  7.318D-01
 -9.921D-05  7.261D-01
 -1.080D-04  7.326D-01
 -1.176D-04  7.246D-01
 -1.264D-04  7.334D-01
 -1.364D-04  7.228D-01
 -1.451D-04  7.344D-01
 -1.557D-04  7.207D-01
 -1.643D-04  7.354D-01
 -1.756D-04  7.182D-01
 -1.839D-04  7.366D-01
 -1.961D-04  7.153D-01
 -2.041D-04  7.377D-01
 -2.173D-04  7.120D-01
 -2.249D-04  7.389D-01
 -2.393D-04  7.082D-01
 -2.463D-04  7.401D-01
 -2.623D-04  7.038D-01
 -2.684D-04  7.413D-01
 -2.862D-04  6.989D-01
 -2.913D-04  7.424D-01
 -3.113D-04  6.932D-01
 -3.149D-04  7.436D-01
 -3.375D-04  6.868D-01
 -3.394D-04  7.447D-01
 -3.652D-04  6.796D-01
 -3.648D-04  7.457D-01
 -3.943D-04  6.713D-01
 -3.911D-04  7.466D-01
 -4.252D-04  6.620D-01
 -4.183D-04  7.475D-01
 -4.580D-04  6.514D-01
 -4.466D-04  7.482D-01
 -4.931D-04  6.393D-01
 -4.760D-04  7.488D-01
 -5.307D-04  6.256D-01
 -5.064D-04  7.494D-01
 -5.713D-04  6.098D-01
 -5.380D-04  7.498D-01
 -6.156D-04  5.916D-01
 -5.708D-04  7.500D-01
 -6.643D-04  5.705D-01
 -6.048D-04  7.502D-01
 -7.188D-04  5.458D-01
 -6.400D-04  7.502D-01
 -7.807D-04  5.164D-01
 -6.764D-04  7.501D-01
 -8.528D-04  4.809D-01
 -7.142D-04  7.499D-01
 -9.401D-04  4.371D-01
 -7.532D-04  7.496D-01
 -1.051D-03  3.811D-01
 -7.936D-04  7.493D-01
 -1.205D-03  3.061D-01
 -8.352D-04  7.489D-01
 -1.454D-03  1.972D-01
 -8.780D-04  7.487D-01
 -2.014D-03  1.114D-02
 -9.220D-04  7.486D-01
 -1.697D-05  7.273D-01
 -2.658D-05  7.276D-01
 -3.557D-05  7.269D-01
 -4.431D-05  7.279D-01
 -5.302D-05  7.262D-01
 -6.162D-05  7.283D-01
 -7.037D-05  7.254D-01
 -7.894D-05  7.288D-01
 -8.785D-05  7.242D-01
 -9.642D-05  7.294D-01
 -1.056D-04  7.228D-01
 -1.142D-04  7.302D-01
 -1.237D-04  7.212D-01
 -1.322D-04  7.310D-01
 -1.422D-04  7.192D-01
 -1.506D-04  7.318D-01
 -1.612D-04  7.168D-01
 -1.695D-04  7.328D-01
 -1.807D-04  7.141D-01
 -1.888D-04  7.337D-01
 -2.009D-04  7.110D-01
 -2.087D-04  7.347D-01
 -2.218D-04  7.074D-01
 -2.292D-04  7.357D-01
 -2.436D-04  7.034D-01
 -2.503D-04  7.367D-01
 -2.662D-04  6.988D-01
 -2.721D-04  7.377D-01
 -2.898D-04  6.936D-01
 -2.946D-04  7.387D-01
 -3.144D-04  6.877D-01
 -3.180D-04  7.396D-01
 -3.403D-04  6.811D-01
 -3.421D-04  7.404D-01
 -3.675D-04  6.736D-01
 -3.671D-04  7.412D-01
 -3.962D-04  6.652D-01
 -3.930D-04  7.419D-01
 -4.265D-04  6.556D-01
 -4.198D-04  7.425D-01
 -4.587D-04  6.449D-01
 -4.477D-04  7.429D-01
 -4.931D-04  6.327D-01
 -4.765D-04  7.433D-01
 -5.299D-04  6.189D-01
 -5.065D-04  7.435D-01
 -5.697D-04  6.031D-01
 -5.375D-04  7.437D-01
 -6.129D-04  5.849D-01
 -5.697D-04  7.437D-01
 -6.605D-04  5.639D-01
 -6.030D-04  7.435D-01
 -7.135D-04  5.394D-01
 -6.375D-04  7.433D-01
 -7.737D-04  5.102D-01
 -6.733D-04  7.429D-01
 -8.437D-04  4.751D-01
 -7.103D-04  7.424D-01
 -9.283D-04  4.318D-01
 -7.485D-04  7.418D-01
 -1.036D-03  3.765D-01
 -7.880D-04  7.412D-01
 -1.185D-03  3.023D-01
 -8.287D-04  7.405D-01
 -1.424D-03  1.944D-01
 -8.706D-04  7.399D-01
 -1.962D-03  9.316D-03
 -9.136D-04  7.395D-01
 -1.655D-05  7.251D-01
 -2.593D-05  7.246D-01
 -3.468D-05  7.253D-01
 -4.324D-05  7.241D-01
 -5.167D-05  7.255D-01
 -6.015D-05  7.233D-01
 -6.852D-05  7.259D-01
 -7.710D-05  7.223D-01
 -8.547D-05  7.264D-01
 -9.424D-05  7.210D-01
 -1.026D-04  7.270D-01
 -1.117D-04  7.194D-01
 -1.200D-04  7.276D-01
 -1.294D-04  7.175D-01
 -1.378D-04  7.284D-01
 -1.476D-04  7.153D-01
 -1.559D-04  7.291D-01
 -1.664D-04  7.127D-01
 -1.745D-04  7.299D-01
 -1.856D-04  7.098D-01
 -1.936D-04  7.307D-01
 -2.055D-04  7.064D-01
 -2.132D-04  7.316D-01
 -2.262D-04  7.026D-01
 -2.333D-04  7.324D-01
 -2.476D-04  6.983D-01
 -2.542D-04  7.332D-01
 -2.699D-04  6.935D-01
 -2.756D-04  7.340D-01
 -2.931D-04  6.880D-01
 -2.978D-04  7.347D-01
 -3.174D-04  6.819D-01
 -3.208D-04  7.354D-01
 -3.429D-04  6.751D-01
 -3.446D-04  7.360D-01
 -3.696D-04  6.674D-01
 -3.692D-04  7.365D-01
 -3.978D-04  6.588D-01
 -3.947D-04  7.369D-01
 -4.276D-04  6.491D-01
 -4.211D-04  7.373D-01
 -4.592D-04  6.382D-01
 -4.485D-04  7.375D-01
 -4.929D-04  6.259D-01
 -4.769D-04  7.376D-01
 -5.290D-04  6.120D-01
 -5.063D-04  7.375D-01
 -5.678D-04  5.962D-01
 -5.368D-04  7.374D-01
 -6.101D-04  5.780D-01
 -5.684D-04  7.371D-01
 -6.565D-04  5.571D-01
 -6.011D-04  7.366D-01
 -7.081D-04  5.327D-01
 -6.350D-04  7.361D-01
 -7.667D-04  5.038D-01
 -6.700D-04  7.354D-01
 -8.347D-04  4.691D-01
 -7.063D-04  7.347D-01
 -9.166D-04  4.262D-01
 -7.437D-04  7.338D-01
 -1.021D-03  3.716D-01
 -7.823D-04  7.329D-01
 -1.164D-03  2.983D-01
 -8.222D-04  7.319D-01
 -1.395D-03  1.914D-01
 -8.632D-04  7.310D-01
 -1.912D-03  7.366D-03
 -9.052D-04  7.303D-01
 -1.615D-05  7.223D-01
 -2.529D-05  7.226D-01
 -3.384D-05  7.219D-01
 -4.216D-05  7.228D-01
 -5.044D-05  7.212D-01
 -5.862D-05  7.231D-01
 -6.692D-05  7.203D-01
 -7.508D-05  7.235D-01
 -8.351D-05  7.190D-01
 -9.169D-05  7.239D-01
 -1.003D-04  7.176D-01
 -1.085D-04  7.244D-01
 -1.175D-04  7.158D-01
 -1.256D-04  7.250D-01
 -1.349D-04  7.137D-01
 -1.431D-04  7.256D-01
 -1.529D-04  7.112D-01
 -1.610D-04  7.262D-01
 -1.713D-04  7.084D-01
 -1.793D-04  7.269D-01
 -1.903D-04  7.053D-01
 -1.980D-04  7.276D-01
 -2.099D-04  7.017D-01
 -2.174D-04  7.282D-01
 -2.303D-04  6.976D-01
 -2.373D-04  7.289D-01
 -2.514D-04  6.931D-01
 -2.578D-04  7.295D-01
 -2.733D-04  6.880D-01
 -2.790D-04  7.301D-01
 -2.962D-04  6.823D-01
 -3.009D-04  7.306D-01
 -3.202D-04  6.759D-01
 -3.235D-04  7.310D-01
 -3.452D-04  6.689D-01
 -3.469D-04  7.314D-01
 -3.715D-04  6.610D-01
 -3.712D-04  7.316D-01
 -3.992D-04  6.522D-01
 -3.963D-04  7.318D-01
 -4.285D-04  6.423D-01
 -4.223D-04  7.318D-01
 -4.595D-04  6.313D-01
 -4.492D-04  7.318D-01
 -4.925D-04  6.189D-01
 -4.772D-04  7.316D-01
 -5.278D-04  6.049D-01
 -5.061D-04  7.313D-01
 -5.658D-04  5.890D-01
 -5.360D-04  7.309D-01
 -6.071D-04  5.709D-01
 -5.670D-04  7.303D-01
 -6.524D-04  5.500D-01
 -5.991D-04  7.296D-01
 -7.027D-04  5.258D-01
 -6.323D-04  7.288D-01
 -7.596D-04  4.971D-01
 -6.667D-04  7.278D-01
 -8.256D-04  4.627D-01
 -7.022D-04  7.268D-01
 -9.050D-04  4.204D-01
 -7.388D-04  7.256D-01
 -1.006D-03  3.664D-01
 -7.767D-04  7.244D-01
 -1.144D-03  2.939D-01
 -8.156D-04  7.232D-01
 -1.366D-03  1.882D-01
 -8.557D-04  7.220D-01
 -1.864D-03  5.275D-03
 -8.968D-04  7.209D-01
 -1.576D-05  7.200D-01
 -2.469D-05  7.196D-01
 -3.301D-05  7.201D-01
 -4.116D-05  7.190D-01
 -4.918D-05  7.203D-01
 -5.725D-05  7.182D-01
 -6.522D-05  7.206D-01
 -7.336D-05  7.170D-01
 -8.133D-05  7.209D-01
 -8.963D-05  7.156D-01
 -9.762D-05  7.213D-01
 -1.061D-04  7.140D-01
 -1.142D-04  7.218D-01
 -1.230D-04  7.120D-01
 -1.310D-04  7.222D-01
 -1.402D-04  7.096D-01
 -1.482D-04  7.227D-01
 -1.579D-04  7.070D-01
 -1.658D-04  7.232D-01
 -1.760D-04  7.040D-01
 -1.838D-04  7.237D-01
 -1.948D-04  7.005D-01
 -2.023D-04  7.242D-01
 -2.141D-04  6.967D-01
 -2.214D-04  7.247D-01
 -2.342D-04  6.924D-01
 -2.410D-04  7.252D-01
 -2.550D-04  6.876D-01
 -2.612D-04  7.256D-01
 -2.766D-04  6.823D-01
 -2.821D-04  7.259D-01
 -2.991D-04  6.763D-01
 -3.037D-04  7.262D-01
 -3.227D-04  6.697D-01
 -3.260D-04  7.264D-01
 -3.473D-04  6.624D-01
 -3.491D-04  7.265D-01
 -3.732D-04  6.543D-01
 -3.730D-04  7.265D-01
 -4.004D-04  6.453D-01
 -3.977D-04  7.264D-01
 -4.292D-04  6.353D-01
 -4.233D-04  7.262D-01
 -4.596D-04  6.241D-01
 -4.498D-04  7.259D-01
 -4.919D-04  6.116D-01
 -4.772D-04  7.255D-01
 -5.265D-04  5.975D-01
 -5.057D-04  7.249D-01
 -5.637D-04  5.816D-01
 -5.351D-04  7.242D-01
 -6.040D-04  5.635D-01
 -5.655D-04  7.233D-01
 -6.481D-04  5.427D-01
 -5.970D-04  7.224D-01
 -6.971D-04  5.186D-01
 -6.296D-04  7.213D-01
 -7.525D-04  4.902D-01
 -6.632D-04  7.201D-01
 -8.166D-04  4.561D-01
 -6.980D-04  7.187D-01
 -8.936D-04  4.143D-01
 -7.339D-04  7.173D-01
 -9.909D-04  3.609D-01
 -7.709D-04  7.158D-01
 -1.125D-03  2.894D-01
 -8.090D-04  7.143D-01
 -1.339D-03  1.847D-01
 -8.482D-04  7.128D-01
 -1.818D-03  3.031D-03
 -8.884D-04  7.115D-01
