 -5.550D-03  7.664D-01
 -3.237D-03  7.611D-01
 -5.949D-03  7.590D-01
 -1.808D-03  7.604D-01
 -4.191D-03  7.512D-01
 -5.891D-03  7.503D-01
 -1.291D-03  7.580D-01
 -2.299D-03  7.521D-01
 -4.818D-03  7.391D-01
 -5.702D-03  7.403D-01
 -9.506D-04  7.580D-01
 -1.726D-03  7.483D-01
 -2.564D-03  7.426D-01
 -5.288D-03  7.249D-01
 -5.472D-03  7.293D-01
 -7.526D-04  7.574D-01
 -1.268D-03  7.494D-01
 -2.022D-03  7.368D-01
 -2.715D-03  7.321D-01
 -5.657D-03  7.091D-01
 -5.232D-03  7.174D-01
 -6.105D-04  7.579D-01
 -1.023D-03  7.482D-01
 -1.472D-03  7.398D-01
 -2.249D-03  7.236D-01
 -2.798D-03  7.208D-01
 -5.951D-03  6.916D-01
 -4.994D-03  7.050D-01
 -5.114D-04  7.582D-01
 -8.311D-04  7.496D-01
 -1.211D-03  7.375D-01
 -1.614D-03  7.293D-01
 -2.433D-03  7.090D-01
 -2.836D-03  7.089D-01
 -6.185D-03  6.728D-01
 -4.764D-03  6.921D-01
 -4.357D-04  7.592D-01
 -7.024D-04  7.498D-01
 -9.821D-04  7.403D-01
 -1.356D-03  7.257D-01
 -1.716D-03  7.184D-01
 -2.584D-03  6.932D-01
 -2.842D-03  6.967D-01
 -6.367D-03  6.528D-01
 -4.545D-03  6.790D-01
 -3.779D-04  7.599D-01
 -5.999D-04  7.514D-01
 -8.378D-04  7.403D-01
 -1.095D-03  7.306D-01
 -1.474D-03  7.129D-01
 -1.788D-03  7.072D-01
 -2.711D-03  6.764D-01
 -2.826D-03  6.845D-01
 -6.505D-03  6.318D-01
 -4.337D-03  6.659D-01
 -3.316D-04  7.611D-01
 -5.230D-04  7.524D-01
 -7.160D-04  7.430D-01
 -9.437D-04  7.299D-01
 -1.182D-03  7.205D-01
 -1.572D-03  6.992D-01
 -1.837D-03  6.959D-01
 -2.816D-03  6.588D-01
 -2.794D-03  6.724D-01
 -6.603D-03  6.100D-01
 -4.139D-03  6.531D-01
 -2.944D-04  7.621D-01
 -4.601D-04  7.542D-01
 -6.276D-04  7.441D-01
 -8.057D-04  7.343D-01
 -1.030D-03  7.190D-01
 -1.249D-03  7.104D-01
 -1.654D-03  6.850D-01
 -1.868D-03  6.849D-01
 -2.902D-03  6.407D-01
 -2.751D-03  6.606D-01
 -6.668D-03  5.875D-01
 -3.953D-03  6.407D-01
 -2.635D-04  7.633D-01
 -4.100D-04  7.556D-01
 -5.530D-04  7.469D-01
 -7.104D-04  7.353D-01
 -8.774D-04  7.254D-01
 -1.103D-03  7.076D-01
 -1.301D-03  7.004D-01
 -1.724D-03  6.704D-01
 -1.885D-03  6.741D-01
 -2.972D-03  6.221D-01
 -2.699D-03  6.492D-01
 -6.701D-03  5.645D-01
 -3.777D-03  6.288D-01
 -2.379D-04  7.644D-01
 -3.679D-04  7.574D-01
 -4.944D-04  7.486D-01
 -6.262D-04  7.393D-01
 -7.786D-04  7.262D-01
 -9.355D-04  7.166D-01
 -1.164D-03  6.959D-01
 -1.340D-03  6.908D-01
 -1.782D-03  6.555D-01
 -1.891D-03  6.640D-01
 -3.028D-03  6.034D-01
 -2.642D-03  6.385D-01
 -6.709D-03  5.412D-01
 -3.612D-03  6.178D-01
 -2.161D-04  7.656D-01
 -3.330D-04  7.589D-01
 -4.444D-04  7.512D-01
 -5.620D-04  7.412D-01
 -6.860D-04  7.318D-01
 -8.361D-04  7.169D-01
 -9.827D-04  7.082D-01
 -1.216D-03  6.841D-01
 -1.370D-03  6.818D-01
 -1.831D-03  6.406D-01
 -1.888D-03  6.544D-01
 -3.070D-03  5.845D-01
 -2.580D-03  6.286D-01
 -6.692D-03  5.178D-01
 -3.455D-03  6.076D-01
 -1.974D-04  7.667D-01
 -3.031D-04  7.607D-01
 -4.033D-04  7.531D-01
 -5.057D-04  7.448D-01
 -6.182D-04  7.338D-01
 -7.357D-04  7.244D-01
 -8.851D-04  7.076D-01
 -1.021D-03  7.002D-01
 -1.260D-03  6.724D-01
 -1.390D-03  6.733D-01
 -1.872D-03  6.257D-01
 -1.878D-03  6.457D-01
 -3.100D-03  5.657D-01
 -2.517D-03  6.196D-01
 -6.654D-03  4.943D-01
 -3.308D-03  5.984D-01
 -1.813D-04  7.678D-01
 -2.776D-04  7.622D-01
 -3.677D-04  7.555D-01
 -4.601D-04  7.471D-01
 -5.565D-04  7.386D-01
 -6.660D-04  7.263D-01
 -7.773D-04  7.175D-01
 -9.272D-04  6.983D-01
 -1.052D-03  6.928D-01
 -1.298D-03  6.608D-01
 -1.404D-03  6.656D-01
 -1.905D-03  6.110D-01
 -1.862D-03  6.379D-01
 -3.119D-03  5.471D-01
 -2.452D-03  6.116D-01
 -6.599D-03  4.709D-01
 -3.170D-03  5.903D-01
 -1.673D-04  7.689D-01
 -2.554D-04  7.638D-01
 -3.375D-04  7.574D-01
 -4.200D-04  7.503D-01
 -5.078D-04  7.411D-01
 -5.994D-04  7.327D-01
 -7.070D-04  7.190D-01
 -8.121D-04  7.110D-01
 -9.634D-04  6.893D-01
 -1.076D-03  6.860D-01
 -1.330D-03  6.494D-01
 -1.411D-03  6.588D-01
 -1.930D-03  5.965D-01
 -1.841D-03  6.310D-01
 -3.128D-03  5.288D-01
 -2.387D-03  6.047D-01
 -6.528D-03  4.477D-01
 -3.040D-03  5.833D-01
 -1.549D-04  7.698D-01
 -2.361D-04  7.651D-01
 -3.110D-04  7.596D-01
 -3.863D-04  7.526D-01
 -4.639D-04  7.453D-01
 -5.487D-04  7.353D-01
 -6.360D-04  7.271D-01
 -7.426D-04  7.119D-01
 -8.412D-04  7.052D-01
 -9.946D-04  6.805D-01
 -1.094D-03  6.800D-01
 -1.357D-03  6.384D-01
 -1.413D-03  6.528D-01
 -1.950D-03  5.825D-01
 -1.817D-03  6.250D-01
 -3.128D-03  5.110D-01
 -2.322D-03  5.988D-01
 -6.443D-03  4.249D-01
 -2.917D-03  5.776D-01
 -1.441D-04  7.707D-01
 -2.191D-04  7.665D-01
 -2.880D-04  7.613D-01
 -3.565D-04  7.554D-01
 -4.276D-04  7.479D-01
 -5.015D-04  7.406D-01
 -5.841D-04  7.297D-01
 -6.674D-04  7.221D-01
 -7.735D-04  7.051D-01
 -8.653D-04  6.999D-01
 -1.021D-03  6.721D-01
 -1.108D-03  6.748D-01
 -1.379D-03  6.278D-01
 -1.411D-03  6.478D-01
 -1.964D-03  5.690D-01
 -1.791D-03  6.202D-01
 -3.121D-03  4.937D-01
 -2.258D-03  5.941D-01
 -6.346D-03  4.024D-01
 -2.802D-03  5.731D-01
 -1.344D-04  7.715D-01
 -2.040D-04  7.677D-01
 -2.677D-04  7.632D-01
 -3.307D-04  7.576D-01
 -3.950D-04  7.515D-01
 -4.633D-04  7.434D-01
 -5.340D-04  7.363D-01
 -6.150D-04  7.243D-01
 -6.942D-04  7.176D-01
 -8.005D-04  6.987D-01
 -8.852D-04  6.954D-01
 -1.044D-03  6.641D-01
 -1.118D-03  6.705D-01
 -1.396D-03  6.177D-01
 -1.406D-03  6.437D-01
 -1.973D-03  5.560D-01
 -1.762D-03  6.163D-01
 -3.106D-03  4.769D-01
 -2.196D-03  5.905D-01
 -6.240D-03  3.805D-01
 -2.693D-03  5.698D-01
 -1.257D-04  7.722D-01
 -1.906D-04  7.689D-01
 -2.497D-04  7.647D-01
 -3.077D-04  7.600D-01
 -3.671D-04  7.540D-01
 -4.283D-04  7.479D-01
 -4.945D-04  7.392D-01
 -5.622D-04  7.324D-01
 -6.422D-04  7.193D-01
 -7.171D-04  7.136D-01
 -8.239D-04  6.926D-01
 -9.014D-04  6.916D-01
 -1.064D-03  6.566D-01
 -1.125D-03  6.670D-01
 -1.411D-03  6.081D-01
 -1.398D-03  6.405D-01
 -1.978D-03  5.436D-01
 -1.732D-03  6.135D-01
 -3.085D-03  4.608D-01
 -2.135D-03  5.881D-01
 -6.126D-03  3.592D-01
 -2.591D-03  5.677D-01
 -1.179D-04  7.728D-01
 -1.786D-04  7.699D-01
 -2.336D-04  7.663D-01
 -2.874D-04  7.618D-01
 -3.419D-04  7.569D-01
 -3.987D-04  7.505D-01
 -4.573D-04  7.446D-01
 -5.220D-04  7.352D-01
 -5.868D-04  7.291D-01
 -6.661D-04  7.147D-01
 -7.367D-04  7.103D-01
 -8.443D-04  6.870D-01
 -9.143D-04  6.886D-01
 -1.080D-03  6.495D-01
 -1.128D-03  6.643D-01
 -1.421D-03  5.990D-01
 -1.387D-03  6.382D-01
 -1.978D-03  5.318D-01
 -1.702D-03  6.117D-01
 -3.059D-03  4.454D-01
 -2.076D-03  5.867D-01
 -6.005D-03  3.386D-01
 -2.495D-03  5.667D-01
 -1.109D-04  7.734D-01
 -1.678D-04  7.708D-01
 -2.192D-04  7.675D-01
 -2.692D-04  7.637D-01
 -3.199D-04  7.590D-01
 -3.717D-04  7.541D-01
 -4.266D-04  7.474D-01
 -4.829D-04  7.417D-01
 -5.463D-04  7.316D-01
 -6.082D-04  7.262D-01
 -6.872D-04  7.104D-01
 -7.533D-04  7.077D-01
 -8.620D-04  6.817D-01
 -9.245D-04  6.862D-01
 -1.094D-03  6.429D-01
 -1.129D-03  6.624D-01
 -1.429D-03  5.905D-01
 -1.375D-03  6.368D-01
 -1.974D-03  5.207D-01
 -1.670D-03  6.108D-01
 -3.028D-03  4.308D-01
 -2.018D-03  5.863D-01
 -5.879D-03  3.186D-01
 -2.405D-03  5.669D-01
 -1.045D-04  7.738D-01
 -1.580D-04  7.715D-01
 -2.061D-04  7.687D-01
 -2.529D-04  7.653D-01
 -2.999D-04  7.614D-01
 -3.482D-04  7.565D-01
 -3.979D-04  7.517D-01
 -4.513D-04  7.445D-01
 -5.054D-04  7.392D-01
 -5.679D-04  7.283D-01
 -6.270D-04  7.239D-01
 -7.058D-04  7.065D-01
 -7.673D-04  7.056D-01
 -8.773D-04  6.769D-01
 -9.322D-04  6.846D-01
 -1.105D-03  6.368D-01
 -1.128D-03  6.612D-01
 -1.434D-03  5.826D-01
 -1.361D-03  6.362D-01
 -1.968D-03  5.104D-01
 -1.639D-03  6.108D-01
 -2.994D-03  4.169D-01
 -1.963D-03  5.869D-01
 -5.749D-03  2.995D-01
 -2.321D-03  5.680D-01
 -9.875D-05  7.741D-01
 -1.491D-04  7.722D-01
 -1.944D-04  7.697D-01
 -2.382D-04  7.668D-01
 -2.821D-04  7.632D-01
 -3.268D-04  7.593D-01
 -3.734D-04  7.542D-01
 -4.212D-04  7.496D-01
 -4.733D-04  7.419D-01
 -5.254D-04  7.372D-01
 -5.871D-04  7.253D-01
 -6.432D-04  7.221D-01
 -7.221D-04  7.029D-01
 -7.791D-04  7.042D-01
 -8.904D-04  6.725D-01
 -9.378D-04  6.836D-01
 -1.114D-03  6.312D-01
 -1.125D-03  6.608D-01
 -1.437D-03  5.752D-01
 -1.347D-03  6.364D-01
 -1.958D-03  5.007D-01
 -1.608D-03  6.117D-01
 -2.955D-03  4.038D-01
 -1.911D-03  5.883D-01
 -5.615D-03  2.811D-01
 -2.241D-03  5.701D-01
 -9.347D-05  7.744D-01
 -1.411D-04  7.727D-01
 -1.837D-04  7.706D-01
 -2.249D-04  7.680D-01
 -2.659D-04  7.650D-01
 -3.078D-04  7.613D-01
 -3.507D-04  7.575D-01
 -3.959D-04  7.521D-01
 -4.420D-04  7.478D-01
 -4.931D-04  7.396D-01
 -5.431D-04  7.356D-01
 -6.043D-04  7.227D-01
 -6.574D-04  7.208D-01
 -7.365D-04  6.997D-01
 -7.888D-04  7.033D-01
 -9.016D-04  6.685D-01
 -9.415D-04  6.832D-01
 -1.121D-03  6.260D-01
 -1.121D-03  6.610D-01
 -1.437D-03  5.685D-01
 -1.331D-03  6.373D-01
 -1.946D-03  4.917D-01
 -1.577D-03  6.133D-01
 -2.914D-03  3.916D-01
 -1.860D-03  5.906D-01
 -5.480D-03  2.636D-01
 -2.167D-03  5.730D-01
 -8.862D-05  7.745D-01
 -1.337D-04  7.731D-01
 -1.739D-04  7.712D-01
 -2.127D-04  7.691D-01
 -2.513D-04  7.664D-01
 -2.904D-04  7.635D-01
 -3.307D-04  7.596D-01
 -3.720D-04  7.560D-01
 -4.160D-04  7.502D-01
 -4.605D-04  7.464D-01
 -5.108D-04  7.376D-01
 -5.587D-04  7.344D-01
 -6.196D-04  7.203D-01
 -6.697D-04  7.199D-01
 -7.492D-04  6.969D-01
 -7.967D-04  7.029D-01
 -9.111D-04  6.649D-01
 -9.437D-04  6.834D-01
 -1.126D-03  6.213D-01
 -1.115D-03  6.618D-01
 -1.435D-03  5.623D-01
 -1.315D-03  6.388D-01
 -1.931D-03  4.834D-01
 -1.547D-03  6.155D-01
 -2.870D-03  3.801D-01
 -1.811D-03  5.935D-01
 -5.344D-03  2.469D-01
 -2.097D-03  5.766D-01
 -8.418D-05  7.746D-01
 -1.269D-04  7.733D-01
 -1.650D-04  7.718D-01
 -2.016D-04  7.699D-01
 -2.380D-04  7.677D-01
 -2.748D-04  7.650D-01
 -3.123D-04  7.621D-01
 -3.513D-04  7.581D-01
 -3.912D-04  7.548D-01
 -4.342D-04  7.487D-01
 -4.772D-04  7.453D-01
 -5.267D-04  7.358D-01
 -5.726D-04  7.336D-01
 -6.332D-04  7.183D-01
 -6.803D-04  7.195D-01
 -7.602D-04  6.944D-01
 -8.031D-04  7.029D-01
 -9.190D-04  6.617D-01
 -9.446D-04  6.840D-01
 -1.130D-03  6.171D-01
 -1.108D-03  6.631D-01
 -1.432D-03  5.566D-01
 -1.298D-03  6.409D-01
 -1.915D-03  4.758D-01
 -1.517D-03  6.183D-01
 -2.825D-03  3.695D-01
 -1.765D-03  5.971D-01
 -5.208D-03  2.311D-01
 -2.031D-03  5.808D-01
 -8.008D-05  7.746D-01
 -1.206D-04  7.735D-01
 -1.568D-04  7.722D-01
 -1.914D-04  7.706D-01
 -2.258D-04  7.687D-01
 -2.604D-04  7.666D-01
 -2.958D-04  7.637D-01
 -3.319D-04  7.610D-01
 -3.699D-04  7.568D-01
 -4.085D-04  7.538D-01
 -4.507D-04  7.473D-01
 -4.921D-04  7.446D-01
 -5.411D-04  7.343D-01
 -5.849D-04  7.332D-01
 -6.454D-04  7.165D-01
 -6.893D-04  7.194D-01
 -7.699D-04  6.921D-01
 -8.081D-04  7.034D-01
 -9.255D-04  6.587D-01
 -9.442D-04  6.851D-01
 -1.132D-03  6.132D-01
 -1.101D-03  6.649D-01
 -1.427D-03  5.515D-01
 -1.282D-03  6.434D-01
 -1.897D-03  4.688D-01
 -1.488D-03  6.216D-01
 -2.777D-03  3.597D-01
 -1.721D-03  6.011D-01
 -5.072D-03  2.162D-01
 -1.969D-03  5.856D-01
 -7.629D-05  7.744D-01
 -1.149D-04  7.736D-01
 -1.492D-04  7.725D-01
 -1.821D-04  7.711D-01
 -2.146D-04  7.696D-01
 -2.473D-04  7.676D-01
 -2.805D-04  7.656D-01
 -3.148D-04  7.626D-01
 -3.497D-04  7.601D-01
 -3.868D-04  7.557D-01
 -4.241D-04  7.531D-01
 -4.656D-04  7.461D-01
 -5.055D-04  7.441D-01
 -5.541D-04  7.329D-01
 -5.958D-04  7.330D-01
 -6.562D-04  7.149D-01
 -6.971D-04  7.197D-01
 -7.783D-04  6.901D-01
 -8.119D-04  7.042D-01
 -9.307D-04  6.561D-01
 -9.429D-04  6.865D-01
 -1.133D-03  6.097D-01
 -1.093D-03  6.670D-01
 -1.421D-03  5.468D-01
 -1.265D-03  6.463D-01
 -1.878D-03  4.625D-01
 -1.460D-03  6.253D-01
 -2.729D-03  3.507D-01
 -1.679D-03  6.056D-01
 -4.936D-03  2.022D-01
 -1.910D-03  5.907D-01
 -7.278D-05  7.742D-01
 -1.096D-04  7.735D-01
 -1.422D-04  7.726D-01
 -1.735D-04  7.715D-01
 -2.043D-04  7.702D-01
 -2.352D-04  7.687D-01
 -2.667D-04  7.667D-01
 -2.987D-04  7.647D-01
 -3.320D-04  7.617D-01
 -3.659D-04  7.594D-01
 -4.021D-04  7.547D-01
 -4.383D-04  7.526D-01
 -4.792D-04  7.451D-01
 -5.175D-04  7.438D-01
 -5.658D-04  7.318D-01
 -6.054D-04  7.331D-01
 -6.659D-04  7.134D-01
 -7.037D-04  7.203D-01
 -7.855D-04  6.882D-01
 -8.147D-04  7.053D-01
 -9.348D-04  6.537D-01
 -9.408D-04  6.882D-01
 -1.132D-03  6.066D-01
 -1.084D-03  6.695D-01
 -1.413D-03  5.427D-01
 -1.248D-03  6.495D-01
 -1.857D-03  4.568D-01
 -1.433D-03  6.293D-01
 -2.680D-03  3.424D-01
 -1.639D-03  6.103D-01
 -4.802D-03  1.891D-01
 -1.856D-03  5.962D-01
 -6.953D-05  7.739D-01
 -1.046D-04  7.733D-01
 -1.358D-04  7.726D-01
 -1.655D-04  7.717D-01
 -1.948D-04  7.707D-01
 -2.242D-04  7.693D-01
 -2.538D-04  7.679D-01
 -2.843D-04  7.659D-01
 -3.153D-04  7.641D-01
 -3.477D-04  7.609D-01
 -3.806D-04  7.589D-01
 -4.162D-04  7.539D-01
 -4.511D-04  7.522D-01
 -4.915D-04  7.442D-01
 -5.284D-04  7.438D-01
 -5.764D-04  7.307D-01
 -6.138D-04  7.334D-01
 -6.744D-04  7.121D-01
 -7.092D-04  7.210D-01
 -7.916D-04  6.866D-01
 -8.166D-04  7.066D-01
 -9.378D-04  6.516D-01
 -9.379D-04  6.902D-01
 -1.131D-03  6.038D-01
 -1.076D-03  6.721D-01
 -1.405D-03  5.389D-01
 -1.231D-03  6.529D-01
 -1.835D-03  4.516D-01
 -1.407D-03  6.335D-01
 -2.630D-03  3.348D-01
 -1.601D-03  6.153D-01
 -4.670D-03  1.768D-01
 -1.804D-03  6.019D-01
 -6.650D-05  7.735D-01
 -1.000D-04  7.731D-01
 -1.297D-04  7.725D-01
 -1.581D-04  7.718D-01
 -1.860D-04  7.709D-01
 -2.139D-04  7.699D-01
 -2.421D-04  7.686D-01
 -2.708D-04  7.673D-01
 -3.003D-04  7.651D-01
 -3.304D-04  7.635D-01
 -3.621D-04  7.602D-01
 -3.940D-04  7.586D-01
 -4.290D-04  7.532D-01
 -4.628D-04  7.521D-01
 -5.028D-04  7.434D-01
 -5.381D-04  7.439D-01
 -5.859D-04  7.298D-01
 -6.212D-04  7.339D-01
 -6.820D-04  7.110D-01
 -7.138D-04  7.220D-01
 -7.968D-04  6.851D-01
 -8.176D-04  7.080D-01
 -9.399D-04  6.496D-01
 -9.345D-04  6.922D-01
 -1.128D-03  6.012D-01
 -1.066D-03  6.749D-01
 -1.395D-03  5.356D-01
 -1.215D-03  6.565D-01
 -1.813D-03  4.470D-01
 -1.381D-03  6.378D-01
 -2.580D-03  3.280D-01
 -1.564D-03  6.204D-01
 -4.540D-03  1.654D-01
 -1.756D-03  6.076D-01
 -6.368D-05  7.730D-01
 -9.576D-05  7.727D-01
 -1.242D-04  7.723D-01
 -1.512D-04  7.717D-01
 -1.778D-04  7.711D-01
 -2.044D-04  7.702D-01
 -2.312D-04  7.693D-01
 -2.585D-04  7.679D-01
 -2.862D-04  7.667D-01
 -3.150D-04  7.645D-01
 -3.442D-04  7.631D-01
 -3.753D-04  7.596D-01
 -4.063D-04  7.583D-01
 -4.407D-04  7.526D-01
 -4.734D-04  7.521D-01
 -5.130D-04  7.427D-01
 -5.468D-04  7.442D-01
 -5.945D-04  7.289D-01
 -6.277D-04  7.345D-01
 -6.887D-04  7.099D-01
 -7.176D-04  7.230D-01
 -8.012D-04  6.837D-01
 -8.180D-04  7.096D-01
 -9.412D-04  6.479D-01
 -9.305D-04  6.944D-01
 -1.125D-03  5.989D-01
 -1.057D-03  6.778D-01
 -1.385D-03  5.326D-01
 -1.199D-03  6.601D-01
 -1.790D-03  4.429D-01
 -1.357D-03  6.422D-01
 -2.530D-03  3.218D-01
 -1.530D-03  6.255D-01
 -4.412D-03  1.548D-01
 -1.710D-03  6.134D-01
 -6.104D-05  7.724D-01
 -9.177D-05  7.722D-01
 -1.189D-04  7.719D-01
 -1.448D-04  7.715D-01
 -1.702D-04  7.710D-01
 -1.955D-04  7.704D-01
 -2.211D-04  7.696D-01
 -2.469D-04  7.687D-01
 -2.734D-04  7.673D-01
 -3.004D-04  7.662D-01
 -3.285D-04  7.639D-01
 -3.570D-04  7.628D-01
 -3.875D-04  7.590D-01
 -4.175D-04  7.582D-01
 -4.515D-04  7.520D-01
 -4.831D-04  7.521D-01
 -5.223D-04  7.420D-01
 -5.546D-04  7.445D-01
 -6.022D-04  7.281D-01
 -6.334D-04  7.352D-01
 -6.946D-04  7.088D-01
 -7.206D-04  7.241D-01
 -8.047D-04  6.824D-01
 -8.177D-04  7.112D-01
 -9.417D-04  6.462D-01
 -9.262D-04  6.966D-01
 -1.121D-03  5.969D-01
 -1.048D-03  6.806D-01
 -1.374D-03  5.299D-01
 -1.183D-03  6.637D-01
 -1.766D-03  4.392D-01
 -1.333D-03  6.465D-01
 -2.480D-03  3.163D-01
 -1.497D-03  6.306D-01
 -4.287D-03  1.450D-01
 -1.667D-03  6.191D-01
 -5.857D-05  7.718D-01
 -8.804D-05  7.716D-01
 -1.141D-04  7.715D-01
 -1.388D-04  7.712D-01
 -1.631D-04  7.708D-01
 -1.873D-04  7.703D-01
 -2.116D-04  7.698D-01
 -2.363D-04  7.689D-01
 -2.614D-04  7.682D-01
 -2.872D-04  7.667D-01
 -3.135D-04  7.658D-01
 -3.410D-04  7.634D-01
 -3.687D-04  7.625D-01
 -3.986D-04  7.585D-01
 -4.278D-04  7.580D-01
 -4.614D-04  7.514D-01
 -4.918D-04  7.522D-01
 -5.308D-04  7.413D-01
 -5.616D-04  7.449D-01
 -6.091D-04  7.272D-01
 -6.383D-04  7.359D-01
 -6.997D-04  7.078D-01
 -7.230D-04  7.252D-01
 -8.076D-04  6.811D-01
 -8.169D-04  7.128D-01
 -9.415D-04  6.446D-01
 -9.215D-04  6.988D-01
 -1.116D-03  5.949D-01
 -1.038D-03  6.835D-01
 -1.362D-03  5.275D-01
 -1.167D-03  6.672D-01
 -1.742D-03  4.360D-01
 -1.310D-03  6.508D-01
 -2.430D-03  3.113D-01
 -1.465D-03  6.356D-01
 -4.165D-03  1.360D-01
 -1.626D-03  6.247D-01
 -5.626D-05  7.711D-01
 -8.454D-05  7.710D-01
 -1.095D-04  7.709D-01
 -1.333D-04  7.707D-01
 -1.565D-04  7.705D-01
 -1.796D-04  7.702D-01
 -2.029D-04  7.697D-01
 -2.264D-04  7.692D-01
 -2.504D-04  7.684D-01
 -2.747D-04  7.677D-01
 -3.000D-04  7.662D-01
 -3.255D-04  7.655D-01
 -3.525D-04  7.629D-01
 -3.794D-04  7.623D-01
 -4.090D-04  7.579D-01
 -4.373D-04  7.580D-01
 -4.705D-04  7.507D-01
 -4.998D-04  7.523D-01
 -5.386D-04  7.406D-01
 -5.679D-04  7.453D-01
 -6.154D-04  7.264D-01
 -6.426D-04  7.366D-01
 -7.041D-04  7.068D-01
 -7.248D-04  7.263D-01
 -8.098D-04  6.799D-01
 -8.157D-04  7.144D-01
 -9.406D-04  6.431D-01
 -9.165D-04  7.010D-01
 -1.111D-03  5.932D-01
 -1.028D-03  6.862D-01
 -1.350D-03  5.253D-01
 -1.152D-03  6.707D-01
 -1.718D-03  4.332D-01
 -1.288D-03  6.549D-01
 -2.381D-03  3.070D-01
 -1.436D-03  6.404D-01
 -4.045D-03  1.278D-01
 -1.588D-03  6.301D-01
 -5.409D-05  7.703D-01
 -8.126D-05  7.703D-01
 -1.052D-04  7.702D-01
 -1.280D-04  7.701D-01
 -1.503D-04  7.700D-01
 -1.725D-04  7.698D-01
 -1.947D-04  7.696D-01
 -2.172D-04  7.691D-01
 -2.400D-04  7.687D-01
 -2.633D-04  7.678D-01
 -2.871D-04  7.673D-01
 -3.117D-04  7.656D-01
 -3.367D-04  7.651D-01
 -3.632D-04  7.623D-01
 -3.894D-04  7.620D-01
 -4.185D-04  7.573D-01
 -4.459D-04  7.579D-01
 -4.788D-04  7.501D-01
 -5.070D-04  7.524D-01
 -5.456D-04  7.398D-01
 -5.735D-04  7.456D-01
 -6.210D-04  7.255D-01
 -6.462D-04  7.373D-01
 -7.079D-04  7.057D-01
 -7.260D-04  7.273D-01
 -8.113D-04  6.786D-01
 -8.141D-04  7.159D-01
 -9.392D-04  6.417D-01
 -9.113D-04  7.030D-01
 -1.106D-03  5.915D-01
 -1.019D-03  6.888D-01
 -1.337D-03  5.234D-01
 -1.137D-03  6.739D-01
 -1.693D-03  4.306D-01
 -1.267D-03  6.589D-01
 -2.332D-03  3.031D-01
 -1.407D-03  6.450D-01
 -3.929D-03  1.203D-01
 -1.551D-03  6.352D-01
 -5.204D-05  7.694D-01
 -7.818D-05  7.694D-01
 -1.012D-04  7.695D-01
 -1.231D-04  7.695D-01
 -1.445D-04  7.694D-01
 -1.657D-04  7.693D-01
 -1.870D-04  7.691D-01
 -2.085D-04  7.689D-01
 -2.304D-04  7.685D-01
 -2.525D-04  7.682D-01
 -2.754D-04  7.672D-01
 -2.985D-04  7.668D-01
 -3.227D-04  7.651D-01
 -3.470D-04  7.647D-01
 -3.731D-04  7.617D-01
 -3.986D-04  7.618D-01
 -4.273D-04  7.566D-01
 -4.539D-04  7.577D-01
 -4.865D-04  7.493D-01
 -5.136D-04  7.525D-01
 -5.520D-04  7.389D-01
 -5.785D-04  7.459D-01
 -6.259D-04  7.244D-01
 -6.493D-04  7.378D-01
 -7.111D-04  7.045D-01
 -7.268D-04  7.282D-01
 -8.124D-04  6.773D-01
 -8.121D-04  7.172D-01
 -9.373D-04  6.402D-01
 -9.060D-04  7.048D-01
 -1.099D-03  5.899D-01
 -1.009D-03  6.913D-01
 -1.324D-03  5.216D-01
 -1.123D-03  6.770D-01
 -1.668D-03  4.284D-01
 -1.247D-03  6.626D-01
 -2.284D-03  2.997D-01
 -1.380D-03  6.493D-01
 -3.816D-03  1.134D-01
 -1.517D-03  6.400D-01
 -5.012D-05  7.684D-01
 -7.528D-05  7.685D-01
 -9.745D-05  7.686D-01
 -1.185D-04  7.687D-01
 -1.390D-04  7.687D-01
 -1.594D-04  7.687D-01
 -1.798D-04  7.687D-01
 -2.005D-04  7.685D-01
 -2.213D-04  7.683D-01
 -2.426D-04  7.678D-01
 -2.642D-04  7.676D-01
 -2.865D-04  7.666D-01
 -3.091D-04  7.663D-01
 -3.328D-04  7.644D-01
 -3.565D-04  7.643D-01
 -3.822D-04  7.610D-01
 -4.070D-04  7.614D-01
 -4.355D-04  7.559D-01
 -4.612D-04  7.575D-01
 -4.936D-04  7.484D-01
 -5.196D-04  7.524D-01
 -5.579D-04  7.379D-01
 -5.829D-04  7.460D-01
 -6.303D-04  7.233D-01
 -6.518D-04  7.382D-01
 -7.138D-04  7.033D-01
 -7.272D-04  7.290D-01
 -8.129D-04  6.759D-01
 -8.098D-04  7.184D-01
 -9.348D-04  6.387D-01
 -9.004D-04  7.065D-01
 -1.093D-03  5.883D-01
 -9.999D-04  6.935D-01
 -1.311D-03  5.199D-01
 -1.109D-03  6.797D-01
 -1.644D-03  4.265D-01
 -1.227D-03  6.659D-01
 -2.237D-03  2.967D-01
 -1.354D-03  6.533D-01
 -3.706D-03  1.072D-01
 -1.484D-03  6.445D-01
 -4.831D-05  7.674D-01
 -7.254D-05  7.675D-01
 -9.390D-05  7.677D-01
 -1.141D-04  7.678D-01
 -1.339D-04  7.679D-01
 -1.535D-04  7.679D-01
 -1.731D-04  7.679D-01
 -1.929D-04  7.680D-01
 -2.129D-04  7.678D-01
 -2.332D-04  7.677D-01
 -2.539D-04  7.672D-01
 -2.750D-04  7.670D-01
 -2.969D-04  7.659D-01
 -3.190D-04  7.658D-01
 -3.423D-04  7.637D-01
 -3.654D-04  7.638D-01
 -3.907D-04  7.602D-01
 -4.149D-04  7.610D-01
 -4.430D-04  7.550D-01
 -4.679D-04  7.572D-01
 -5.000D-04  7.474D-01
 -5.250D-04  7.522D-01
 -5.631D-04  7.368D-01
 -5.868D-04  7.460D-01
 -6.342D-04  7.221D-01
 -6.539D-04  7.385D-01
 -7.160D-04  7.019D-01
 -7.272D-04  7.296D-01
 -8.129D-04  6.744D-01
 -8.072D-04  7.194D-01
 -9.320D-04  6.372D-01
 -8.948D-04  7.079D-01
 -1.086D-03  5.868D-01
 -9.906D-04  6.954D-01
 -1.298D-03  5.184D-01
 -1.095D-03  6.822D-01
 -1.619D-03  4.247D-01
 -1.208D-03  6.690D-01
 -2.190D-03  2.941D-01
 -1.329D-03  6.569D-01
 -3.600D-03  1.017D-01
 -1.453D-03  6.485D-01
 -4.659D-05  7.663D-01
 -6.996D-05  7.665D-01
 -9.054D-05  7.666D-01
 -1.100D-04  7.668D-01
 -1.290D-04  7.669D-01
 -1.479D-04  7.671D-01
 -1.667D-04  7.672D-01
 -1.857D-04  7.672D-01
 -2.049D-04  7.672D-01
 -2.244D-04  7.670D-01
 -2.442D-04  7.670D-01
 -2.645D-04  7.664D-01
 -2.851D-04  7.663D-01
 -3.066D-04  7.651D-01
 -3.281D-04  7.651D-01
 -3.511D-04  7.629D-01
 -3.737D-04  7.632D-01
 -3.987D-04  7.593D-01
 -4.221D-04  7.605D-01
 -4.500D-04  7.540D-01
 -4.740D-04  7.567D-01
 -5.060D-04  7.463D-01
 -5.298D-04  7.519D-01
 -5.679D-04  7.355D-01
 -5.902D-04  7.459D-01
 -6.376D-04  7.207D-01
 -6.556D-04  7.386D-01
 -7.178D-04  7.004D-01
 -7.268D-04  7.300D-01
 -8.126D-04  6.728D-01
 -8.044D-04  7.201D-01
 -9.288D-04  6.356D-01
 -8.890D-04  7.090D-01
 -1.078D-03  5.852D-01
 -9.814D-04  6.970D-01
 -1.284D-03  5.169D-01
 -1.082D-03  6.844D-01
 -1.595D-03  4.232D-01
 -1.190D-03  6.717D-01
 -2.145D-03  2.919D-01
 -1.306D-03  6.601D-01
 -3.496D-03  9.667D-02
 -1.424D-03  6.521D-01
 -4.497D-05  7.652D-01
 -6.752D-05  7.654D-01
 -8.736D-05  7.655D-01
 -1.062D-04  7.657D-01
 -1.245D-04  7.659D-01
 -1.426D-04  7.661D-01
 -1.608D-04  7.662D-01
 -1.790D-04  7.664D-01
 -1.974D-04  7.664D-01
 -2.161D-04  7.664D-01
 -2.352D-04  7.662D-01
 -2.545D-04  7.662D-01
 -2.744D-04  7.656D-01
 -2.945D-04  7.656D-01
 -3.156D-04  7.642D-01
 -3.367D-04  7.644D-01
 -3.593D-04  7.619D-01
 -3.813D-04  7.625D-01
 -4.060D-04  7.582D-01
 -4.288D-04  7.598D-01
 -4.564D-04  7.528D-01
 -4.796D-04  7.562D-01
 -5.114D-04  7.450D-01
 -5.342D-04  7.514D-01
 -5.722D-04  7.341D-01
 -5.932D-04  7.455D-01
 -6.406D-04  7.191D-01
 -6.569D-04  7.384D-01
 -7.191D-04  6.987D-01
 -7.261D-04  7.301D-01
 -8.118D-04  6.711D-01
 -8.014D-04  7.206D-01
 -9.252D-04  6.339D-01
 -8.832D-04  7.099D-01
 -1.071D-03  5.837D-01
 -9.723D-04  6.983D-01
 -1.270D-03  5.154D-01
 -1.069D-03  6.862D-01
 -1.571D-03  4.218D-01
 -1.173D-03  6.740D-01
 -2.100D-03  2.900D-01
 -1.283D-03  6.629D-01
 -3.396D-03  9.222D-02
 -1.396D-03  6.553D-01
 -4.344D-05  7.640D-01
 -6.520D-05  7.642D-01
 -8.436D-05  7.643D-01
 -1.025D-04  7.646D-01
 -1.202D-04  7.648D-01
 -1.376D-04  7.650D-01
 -1.551D-04  7.652D-01
 -1.727D-04  7.653D-01
 -1.904D-04  7.655D-01
 -2.083D-04  7.655D-01
 -2.266D-04  7.656D-01
 -2.452D-04  7.653D-01
 -2.641D-04  7.654D-01
 -2.836D-04  7.646D-01
 -3.033D-04  7.648D-01
 -3.241D-04  7.632D-01
 -3.447D-04  7.636D-01
 -3.670D-04  7.608D-01
 -3.884D-04  7.617D-01
 -4.128D-04  7.570D-01
 -4.350D-04  7.590D-01
 -4.624D-04  7.514D-01
 -4.848D-04  7.554D-01
 -5.164D-04  7.435D-01
 -5.382D-04  7.508D-01
 -5.760D-04  7.325D-01
 -5.957D-04  7.450D-01
 -6.431D-04  7.174D-01
 -6.579D-04  7.381D-01
 -7.200D-04  6.969D-01
 -7.252D-04  7.300D-01
 -8.106D-04  6.693D-01
 -7.982D-04  7.208D-01
 -9.213D-04  6.321D-01
 -8.774D-04  7.105D-01
 -1.063D-03  5.820D-01
 -9.632D-04  6.993D-01
 -1.256D-03  5.140D-01
 -1.056D-03  6.876D-01
 -1.547D-03  4.205D-01
 -1.156D-03  6.759D-01
 -2.056D-03  2.883D-01
 -1.261D-03  6.653D-01
 -3.299D-03  8.827D-02
 -1.369D-03  6.579D-01
 -4.198D-05  7.627D-01
 -6.301D-05  7.629D-01
 -8.152D-05  7.631D-01
 -9.902D-05  7.633D-01
 -1.161D-04  7.635D-01
 -1.329D-04  7.638D-01
 -1.498D-04  7.640D-01
 -1.667D-04  7.642D-01
 -1.837D-04  7.644D-01
 -2.010D-04  7.646D-01
 -2.185D-04  7.645D-01
 -2.363D-04  7.647D-01
 -2.546D-04  7.643D-01
 -2.731D-04  7.644D-01
 -2.923D-04  7.635D-01
 -3.116D-04  7.638D-01
 -3.320D-04  7.620D-01
 -3.521D-04  7.626D-01
 -3.741D-04  7.595D-01
 -3.950D-04  7.607D-01
 -4.192D-04  7.556D-01
 -4.407D-04  7.580D-01
 -4.678D-04  7.499D-01
 -4.895D-04  7.544D-01
 -5.209D-04  7.418D-01
 -5.417D-04  7.499D-01
 -5.795D-04  7.307D-01
 -5.979D-04  7.442D-01
 -6.452D-04  7.155D-01
 -6.585D-04  7.375D-01
 -7.205D-04  6.949D-01
 -7.240D-04  7.296D-01
 -8.092D-04  6.673D-01
 -7.948D-04  7.207D-01
 -9.171D-04  6.302D-01
 -8.715D-04  7.107D-01
 -1.055D-03  5.803D-01
 -9.544D-04  7.000D-01
 -1.243D-03  5.126D-01
 -1.044D-03  6.887D-01
 -1.523D-03  4.193D-01
 -1.140D-03  6.774D-01
 -2.013D-03  2.869D-01
 -1.241D-03  6.672D-01
 -3.205D-03  8.479D-02
 -1.344D-03  6.601D-01
 -4.060D-05  7.614D-01
 -6.094D-05  7.615D-01
 -7.882D-05  7.618D-01
 -9.573D-05  7.620D-01
 -1.122D-04  7.622D-01
 -1.285D-04  7.625D-01
 -1.447D-04  7.628D-01
 -1.610D-04  7.630D-01
 -1.774D-04  7.632D-01
 -1.940D-04  7.633D-01
 -2.109D-04  7.635D-01
 -2.281D-04  7.634D-01
 -2.455D-04  7.636D-01
 -2.634D-04  7.632D-01
 -2.815D-04  7.634D-01
 -3.004D-04  7.623D-01
 -3.193D-04  7.627D-01
 -3.394D-04  7.607D-01
 -3.591D-04  7.614D-01
 -3.808D-04  7.581D-01
 -4.012D-04  7.595D-01
 -4.251D-04  7.540D-01
 -4.460D-04  7.568D-01
 -4.729D-04  7.482D-01
 -4.937D-04  7.533D-01
 -5.250D-04  7.400D-01
 -5.449D-04  7.488D-01
 -5.825D-04  7.287D-01
 -5.998D-04  7.432D-01
 -6.470D-04  7.133D-01
 -6.588D-04  7.366D-01
 -7.208D-04  6.927D-01
 -7.225D-04  7.290D-01
 -8.074D-04  6.652D-01
 -7.913D-04  7.203D-01
 -9.127D-04  6.282D-01
 -8.655D-04  7.107D-01
 -1.047D-03  5.785D-01
 -9.456D-04  7.002D-01
 -1.229D-03  5.111D-01
 -1.032D-03  6.894D-01
 -1.500D-03  4.182D-01
 -1.124D-03  6.785D-01
 -1.971D-03  2.857D-01
 -1.221D-03  6.686D-01
 -3.115D-03  8.173D-02
 -1.320D-03  6.618D-01
 -3.929D-05  7.600D-01
 -5.896D-05  7.601D-01
 -7.626D-05  7.604D-01
 -9.260D-05  7.606D-01
 -1.085D-04  7.609D-01
 -1.242D-04  7.611D-01
 -1.399D-04  7.614D-01
 -1.556D-04  7.616D-01
 -1.715D-04  7.618D-01
 -1.875D-04  7.621D-01
 -2.037D-04  7.622D-01
 -2.202D-04  7.624D-01
 -2.370D-04  7.622D-01
 -2.541D-04  7.624D-01
 -2.717D-04  7.619D-01
 -2.894D-04  7.621D-01
 -3.080D-04  7.609D-01
 -3.265D-04  7.614D-01
 -3.463D-04  7.592D-01
 -3.656D-04  7.601D-01
 -3.870D-04  7.564D-01
 -4.069D-04  7.581D-01
 -4.306D-04  7.522D-01
 -4.508D-04  7.554D-01
 -4.776D-04  7.462D-01
 -4.976D-04  7.519D-01
 -5.287D-04  7.379D-01
 -5.477D-04  7.474D-01
 -5.852D-04  7.264D-01
 -6.013D-04  7.420D-01
 -6.484D-04  7.110D-01
 -6.589D-04  7.355D-01
 -7.206D-04  6.904D-01
 -7.209D-04  7.280D-01
 -8.053D-04  6.628D-01
 -7.876D-04  7.196D-01
 -9.080D-04  6.260D-01
 -8.595D-04  7.102D-01
 -1.038D-03  5.766D-01
 -9.369D-04  7.001D-01
 -1.215D-03  5.096D-01
 -1.020D-03  6.896D-01
 -1.476D-03  4.170D-01
 -1.108D-03  6.791D-01
 -1.930D-03  2.847D-01
 -1.202D-03  6.696D-01
 -3.027D-03  7.907D-02
 -1.296D-03  6.630D-01
 -3.804D-05  7.585D-01
 -5.709D-05  7.587D-01
 -7.382D-05  7.589D-01
 -8.963D-05  7.591D-01
 -1.050D-04  7.594D-01
 -1.202D-04  7.597D-01
 -1.353D-04  7.599D-01
 -1.505D-04  7.602D-01
 -1.658D-04  7.605D-01
 -1.813D-04  7.606D-01
 -1.969D-04  7.609D-01
 -2.128D-04  7.609D-01
 -2.289D-04  7.611D-01
 -2.454D-04  7.609D-01
 -2.621D-04  7.611D-01
 -2.795D-04  7.604D-01
 -2.968D-04  7.608D-01
 -3.151D-04  7.594D-01
 -3.332D-04  7.600D-01
 -3.528D-04  7.575D-01
 -3.716D-04  7.586D-01
 -3.928D-04  7.546D-01
 -4.122D-04  7.566D-01
 -4.357D-04  7.502D-01
 -4.553D-04  7.538D-01
 -4.818D-04  7.440D-01
 -5.011D-04  7.503D-01
 -5.321D-04  7.355D-01
 -5.501D-04  7.458D-01
 -5.875D-04  7.240D-01
 -6.025D-04  7.405D-01
 -6.495D-04  7.085D-01
 -6.587D-04  7.341D-01
 -7.202D-04  6.878D-01
 -7.190D-04  7.268D-01
 -8.029D-04  6.603D-01
 -7.839D-04  7.185D-01
 -9.031D-04  6.236D-01
 -8.536D-04  7.094D-01
 -1.030D-03  5.745D-01
 -9.284D-04  6.997D-01
 -1.201D-03  5.080D-01
 -1.008D-03  6.895D-01
 -1.454D-03  4.159D-01
 -1.094D-03  6.793D-01
 -1.890D-03  2.837D-01
 -1.183D-03  6.701D-01
 -2.942D-03  7.676D-02
 -1.274D-03  6.637D-01
 -3.686D-05  7.570D-01
 -5.530D-05  7.572D-01
 -7.150D-05  7.574D-01
 -8.681D-05  7.576D-01
 -1.017D-04  7.579D-01
 -1.164D-04  7.581D-01
 -1.310D-04  7.584D-01
 -1.457D-04  7.587D-01
 -1.605D-04  7.589D-01
 -1.753D-04  7.592D-01
 -1.904D-04  7.593D-01
 -2.057D-04  7.595D-01
 -2.213D-04  7.595D-01
 -2.371D-04  7.597D-01
 -2.533D-04  7.594D-01
 -2.697D-04  7.597D-01
 -2.868D-04  7.588D-01
 -3.038D-04  7.592D-01
 -3.218D-04  7.577D-01
 -3.396D-04  7.583D-01
 -3.589D-04  7.556D-01
 -3.773D-04  7.569D-01
 -3.983D-04  7.525D-01
 -4.171D-04  7.548D-01
 -4.404D-04  7.480D-01
 -4.594D-04  7.520D-01
 -4.858D-04  7.416D-01
 -5.043D-04  7.484D-01
 -5.351D-04  7.330D-01
 -5.522D-04  7.440D-01
 -5.895D-04  7.213D-01
 -6.035D-04  7.387D-01
 -6.503D-04  7.057D-01
 -6.583D-04  7.324D-01
 -7.195D-04  6.850D-01
 -7.170D-04  7.252D-01
 -8.003D-04  6.576D-01
 -7.800D-04  7.172D-01
 -8.980D-04  6.211D-01
 -8.476D-04  7.083D-01
 -1.021D-03  5.724D-01
 -9.199D-04  6.988D-01
 -1.187D-03  5.063D-01
 -9.972D-04  6.889D-01
 -1.431D-03  4.148D-01
 -1.079D-03  6.790D-01
 -1.851D-03  2.829D-01
 -1.165D-03  6.701D-01
 -2.861D-03  7.476D-02
 -1.253D-03  6.639D-01
 -3.573D-05  7.554D-01
 -5.360D-05  7.556D-01
 -6.930D-05  7.558D-01
 -8.412D-05  7.560D-01
 -9.853D-05  7.562D-01
 -1.128D-04  7.565D-01
 -1.269D-04  7.568D-01
 -1.411D-04  7.570D-01
 -1.554D-04  7.573D-01
 -1.698D-04  7.575D-01
 -1.843D-04  7.578D-01
 -1.991D-04  7.578D-01
 -2.141D-04  7.581D-01
 -2.293D-04  7.580D-01
 -2.448D-04  7.582D-01
 -2.608D-04  7.577D-01
 -2.769D-04  7.580D-01
 -2.936D-04  7.570D-01
 -3.104D-04  7.575D-01
 -3.281D-04  7.557D-01
 -3.455D-04  7.565D-01
 -3.646D-04  7.535D-01
 -3.825D-04  7.550D-01
 -4.033D-04  7.502D-01
 -4.216D-04  7.528D-01
 -4.447D-04  7.455D-01
 -4.631D-04  7.500D-01
 -4.893D-04  7.390D-01
 -5.072D-04  7.463D-01
 -5.378D-04  7.302D-01
 -5.541D-04  7.419D-01
 -5.912D-04  7.184D-01
 -6.041D-04  7.366D-01
 -6.508D-04  7.027D-01
 -6.576D-04  7.304D-01
 -7.185D-04  6.820D-01
 -7.148D-04  7.234D-01
 -7.975D-04  6.546D-01
 -7.760D-04  7.154D-01
 -8.927D-04  6.184D-01
 -8.416D-04  7.068D-01
 -1.012D-03  5.700D-01
 -9.116D-04  6.975D-01
 -1.173D-03  5.045D-01
 -9.862D-04  6.879D-01
 -1.409D-03  4.136D-01
 -1.065D-03  6.783D-01
 -1.814D-03  2.821D-01
 -1.148D-03  6.696D-01
 -2.782D-03  7.305D-02
 -1.232D-03  6.635D-01
 -3.465D-05  7.538D-01
 -5.198D-05  7.539D-01
 -6.719D-05  7.541D-01
 -8.156D-05  7.543D-01
 -9.552D-05  7.546D-01
 -1.093D-04  7.548D-01
 -1.230D-04  7.551D-01
 -1.367D-04  7.553D-01
 -1.505D-04  7.556D-01
 -1.644D-04  7.558D-01
 -1.785D-04  7.560D-01
 -1.927D-04  7.562D-01
 -2.072D-04  7.562D-01
 -2.219D-04  7.565D-01
 -2.369D-04  7.563D-01
 -2.521D-04  7.565D-01
 -2.678D-04  7.559D-01
 -2.836D-04  7.562D-01
 -3.001D-04  7.551D-01
 -3.165D-04  7.556D-01
 -3.341D-04  7.536D-01
 -3.510D-04  7.545D-01
 -3.699D-04  7.512D-01
 -3.874D-04  7.528D-01
 -4.080D-04  7.477D-01
 -4.258D-04  7.506D-01
 -4.487D-04  7.428D-01
 -4.665D-04  7.477D-01
 -4.926D-04  7.361D-01
 -5.097D-04  7.440D-01
 -5.402D-04  7.271D-01
 -5.556D-04  7.395D-01
 -5.926D-04  7.152D-01
 -6.045D-04  7.342D-01
 -6.510D-04  6.994D-01
 -6.567D-04  7.281D-01
 -7.173D-04  6.787D-01
 -7.124D-04  7.212D-01
 -7.944D-04  6.515D-01
 -7.720D-04  7.134D-01
 -8.872D-04  6.155D-01
 -8.355D-04  7.049D-01
 -1.004D-03  5.675D-01
 -9.034D-04  6.959D-01
 -1.159D-03  5.025D-01
 -9.755D-04  6.865D-01
 -1.387D-03  4.123D-01
 -1.052D-03  6.772D-01
 -1.777D-03  2.814D-01
 -1.132D-03  6.687D-01
 -2.706D-03  7.158D-02
 -1.212D-03  6.627D-01
 -3.362D-05  7.521D-01
 -5.043D-05  7.522D-01
 -6.519D-05  7.524D-01
 -7.912D-05  7.526D-01
 -9.265D-05  7.528D-01
 -1.060D-04  7.531D-01
 -1.193D-04  7.533D-01
 -1.325D-04  7.535D-01
 -1.459D-04  7.538D-01
 -1.594D-04  7.540D-01
 -1.729D-04  7.542D-01
 -1.867D-04  7.543D-01
 -2.007D-04  7.545D-01
 -2.149D-04  7.545D-01
 -2.293D-04  7.547D-01
 -2.441D-04  7.544D-01
 -2.590D-04  7.546D-01
 -2.744D-04  7.539D-01
 -2.899D-04  7.542D-01
 -3.062D-04  7.529D-01
 -3.223D-04  7.534D-01
 -3.396D-04  7.512D-01
 -3.562D-04  7.522D-01
 -3.749D-04  7.486D-01
 -3.920D-04  7.505D-01
 -4.124D-04  7.450D-01
 -4.297D-04  7.481D-01
 -4.524D-04  7.399D-01
 -4.696D-04  7.451D-01
 -4.955D-04  7.330D-01
 -5.120D-04  7.414D-01
 -5.423D-04  7.239D-01
 -5.569D-04  7.369D-01
 -5.937D-04  7.118D-01
 -6.047D-04  7.316D-01
 -6.509D-04  6.960D-01
 -6.556D-04  7.255D-01
 -7.158D-04  6.753D-01
 -7.099D-04  7.186D-01
 -7.912D-04  6.482D-01
 -7.678D-04  7.110D-01
 -8.816D-04  6.124D-01
 -8.295D-04  7.027D-01
 -9.948D-04  5.648D-01
 -8.952D-04  6.938D-01
 -1.146D-03  5.004D-01
 -9.650D-04  6.847D-01
 -1.366D-03  4.110D-01
 -1.039D-03  6.756D-01
 -1.741D-03  2.807D-01
 -1.115D-03  6.673D-01
 -2.632D-03  7.034D-02
 -1.193D-03  6.614D-01
 -3.263D-05  7.503D-01
 -4.895D-05  7.505D-01
 -6.327D-05  7.506D-01
 -7.678D-05  7.508D-01
 -8.990D-05  7.510D-01
 -1.028D-04  7.512D-01
 -1.157D-04  7.515D-01
 -1.286D-04  7.517D-01
 -1.415D-04  7.519D-01
 -1.545D-04  7.521D-01
 -1.677D-04  7.523D-01
 -1.810D-04  7.525D-01
 -1.945D-04  7.525D-01
 -2.082D-04  7.527D-01
 -2.221D-04  7.526D-01
 -2.363D-04  7.527D-01
 -2.508D-04  7.523D-01
 -2.654D-04  7.525D-01
 -2.807D-04  7.517D-01
 -2.959D-04  7.520D-01
 -3.119D-04  7.505D-01
 -3.277D-04  7.511D-01
 -3.448D-04  7.486D-01
 -3.611D-04  7.497D-01
 -3.795D-04  7.459D-01
 -3.962D-04  7.479D-01
 -4.164D-04  7.420D-01
 -4.333D-04  7.454D-01
 -4.558D-04  7.367D-01
 -4.725D-04  7.423D-01
 -4.982D-04  7.297D-01
 -5.139D-04  7.385D-01
 -5.441D-04  7.203D-01
 -5.579D-04  7.340D-01
 -5.945D-04  7.082D-01
 -6.047D-04  7.287D-01
 -6.506D-04  6.923D-01
 -6.544D-04  7.226D-01
 -7.141D-04  6.716D-01
 -7.073D-04  7.158D-01
 -7.877D-04  6.446D-01
 -7.636D-04  7.083D-01
 -8.758D-04  6.091D-01
 -8.235D-04  7.001D-01
 -9.859D-04  5.620D-01
 -8.872D-04  6.914D-01
 -1.132D-03  4.982D-01
 -9.546D-04  6.824D-01
 -1.345D-03  4.096D-01
 -1.026D-03  6.735D-01
 -1.706D-03  2.800D-01
 -1.100D-03  6.654D-01
 -2.561D-03  6.928D-02
 -1.175D-03  6.596D-01
 -3.169D-05  7.485D-01
 -4.753D-05  7.487D-01
 -6.144D-05  7.488D-01
 -7.455D-05  7.490D-01
 -8.728D-05  7.492D-01
 -9.983D-05  7.494D-01
 -1.123D-04  7.496D-01
 -1.248D-04  7.498D-01
 -1.373D-04  7.500D-01
 -1.499D-04  7.501D-01
 -1.626D-04  7.503D-01
 -1.755D-04  7.504D-01
 -1.886D-04  7.506D-01
 -2.018D-04  7.505D-01
 -2.152D-04  7.507D-01
 -2.290D-04  7.505D-01
 -2.429D-04  7.506D-01
 -2.572D-04  7.501D-01
 -2.716D-04  7.503D-01
 -2.866D-04  7.492D-01
 -3.015D-04  7.496D-01
 -3.173D-04  7.479D-01
 -3.328D-04  7.485D-01
 -3.497D-04  7.458D-01
 -3.656D-04  7.470D-01
 -3.839D-04  7.428D-01
 -4.002D-04  7.450D-01
 -4.202D-04  7.388D-01
 -4.366D-04  7.424D-01
 -4.589D-04  7.333D-01
 -4.750D-04  7.392D-01
 -5.005D-04  7.261D-01
 -5.156D-04  7.354D-01
 -5.457D-04  7.166D-01
 -5.587D-04  7.308D-01
 -5.951D-04  7.043D-01
 -6.044D-04  7.255D-01
 -6.501D-04  6.883D-01
 -6.529D-04  7.194D-01
 -7.122D-04  6.677D-01
 -7.045D-04  7.127D-01
 -7.841D-04  6.408D-01
 -7.593D-04  7.052D-01
 -8.699D-04  6.056D-01
 -8.175D-04  6.971D-01
 -9.769D-04  5.589D-01
 -8.792D-04  6.886D-01
 -1.118D-03  4.958D-01
 -9.445D-04  6.798D-01
 -1.324D-03  4.080D-01
 -1.013D-03  6.711D-01
 -1.671D-03  2.793D-01
 -1.085D-03  6.631D-01
 -2.493D-03  6.837D-02
 -1.157D-03  6.573D-01
 -3.079D-05  7.467D-01
 -4.618D-05  7.468D-01
 -5.968D-05  7.469D-01
 -7.242D-05  7.471D-01
 -8.478D-05  7.472D-01
 -9.695D-05  7.474D-01
 -1.091D-04  7.476D-01
 -1.211D-04  7.478D-01
 -1.333D-04  7.479D-01
 -1.455D-04  7.481D-01
 -1.578D-04  7.482D-01
 -1.703D-04  7.484D-01
 -1.829D-04  7.484D-01
 -1.957D-04  7.485D-01
 -2.087D-04  7.484D-01
 -2.219D-04  7.485D-01
 -2.354D-04  7.482D-01
 -2.491D-04  7.483D-01
 -2.632D-04  7.476D-01
 -2.773D-04  7.478D-01
 -2.921D-04  7.466D-01
 -3.068D-04  7.470D-01
 -3.224D-04  7.450D-01
 -3.376D-04  7.458D-01
 -3.543D-04  7.428D-01
 -3.699D-04  7.441D-01
 -3.879D-04  7.396D-01
 -4.038D-04  7.420D-01
 -4.236D-04  7.353D-01
 -4.395D-04  7.392D-01
 -4.617D-04  7.296D-01
 -4.773D-04  7.359D-01
 -5.026D-04  7.222D-01
 -5.171D-04  7.319D-01
 -5.470D-04  7.126D-01
 -5.593D-04  7.273D-01
 -5.955D-04  7.002D-01
 -6.040D-04  7.220D-01
 -6.493D-04  6.842D-01
 -6.513D-04  7.159D-01
 -7.101D-04  6.635D-01
 -7.016D-04  7.092D-01
 -7.803D-04  6.368D-01
 -7.549D-04  7.018D-01
 -8.639D-04  6.019D-01
 -8.114D-04  6.938D-01
 -9.678D-04  5.557D-01
 -8.713D-04  6.854D-01
 -1.105D-03  4.932D-01
 -9.345D-04  6.768D-01
 -1.303D-03  4.063D-01
 -1.001D-03  6.682D-01
 -1.638D-03  2.785D-01
 -1.070D-03  6.603D-01
 -2.427D-03  6.759D-02
 -1.140D-03  6.546D-01
 -2.993D-05  7.448D-01
 -4.489D-05  7.449D-01
 -5.801D-05  7.450D-01
 -7.038D-05  7.451D-01
 -8.238D-05  7.453D-01
 -9.420D-05  7.454D-01
 -1.059D-04  7.456D-01
 -1.177D-04  7.457D-01
 -1.295D-04  7.459D-01
 -1.413D-04  7.460D-01
 -1.532D-04  7.461D-01
 -1.653D-04  7.461D-01
 -1.775D-04  7.463D-01
 -1.899D-04  7.462D-01
 -2.025D-04  7.463D-01
 -2.153D-04  7.461D-01
 -2.283D-04  7.462D-01
 -2.416D-04  7.457D-01
 -2.550D-04  7.458D-01
 -2.689D-04  7.449D-01
 -2.828D-04  7.451D-01
 -2.973D-04  7.437D-01
 -3.117D-04  7.441D-01
 -3.272D-04  7.420D-01
 -3.420D-04  7.428D-01
 -3.585D-04  7.395D-01
 -3.738D-04  7.410D-01
 -3.917D-04  7.361D-01
 -4.072D-04  7.386D-01
 -4.268D-04  7.316D-01
 -4.423D-04  7.358D-01
 -4.643D-04  7.257D-01
 -4.793D-04  7.323D-01
 -5.045D-04  7.181D-01
 -5.183D-04  7.283D-01
 -5.480D-04  7.083D-01
 -5.596D-04  7.236D-01
 -5.956D-04  6.958D-01
 -6.033D-04  7.182D-01
 -6.483D-04  6.798D-01
 -6.496D-04  7.121D-01
 -7.077D-04  6.592D-01
 -6.985D-04  7.054D-01
 -7.763D-04  6.326D-01
 -7.504D-04  6.981D-01
 -8.578D-04  5.980D-01
 -8.054D-04  6.902D-01
 -9.588D-04  5.522D-01
 -8.634D-04  6.819D-01
 -1.092D-03  4.905D-01
 -9.247D-04  6.734D-01
 -1.283D-03  4.045D-01
 -9.889D-04  6.649D-01
 -1.606D-03  2.776D-01
 -1.056D-03  6.572D-01
 -2.363D-03  6.691D-02
 -1.123D-03  6.514D-01
 -2.911D-05  7.428D-01
 -4.365D-05  7.429D-01
 -5.640D-05  7.430D-01
 -6.842D-05  7.431D-01
 -8.008D-05  7.432D-01
 -9.157D-05  7.434D-01
 -1.030D-04  7.435D-01
 -1.144D-04  7.436D-01
 -1.258D-04  7.437D-01
 -1.373D-04  7.438D-01
 -1.489D-04  7.439D-01
 -1.606D-04  7.440D-01
 -1.724D-04  7.439D-01
 -1.844D-04  7.440D-01
 -1.966D-04  7.439D-01
 -2.089D-04  7.439D-01
 -2.215D-04  7.436D-01
 -2.343D-04  7.436D-01
 -2.474D-04  7.430D-01
 -2.605D-04  7.431D-01
 -2.742D-04  7.421D-01
 -2.879D-04  7.423D-01
 -3.023D-04  7.407D-01
 -3.164D-04  7.411D-01
 -3.317D-04  7.387D-01
 -3.462D-04  7.395D-01
 -3.625D-04  7.360D-01
 -3.774D-04  7.376D-01
 -3.951D-04  7.324D-01
 -4.102D-04  7.351D-01
 -4.297D-04  7.277D-01
 -4.447D-04  7.321D-01
 -4.665D-04  7.216D-01
 -4.810D-04  7.285D-01
 -5.061D-04  7.138D-01
 -5.193D-04  7.243D-01
 -5.488D-04  7.039D-01
 -5.598D-04  7.195D-01
 -5.955D-04  6.912D-01
 -6.025D-04  7.141D-01
 -6.471D-04  6.751D-01
 -6.476D-04  7.080D-01
 -7.052D-04  6.546D-01
 -6.954D-04  7.013D-01
 -7.722D-04  6.282D-01
 -7.459D-04  6.940D-01
 -8.515D-04  5.938D-01
 -7.993D-04  6.862D-01
 -9.497D-04  5.486D-01
 -8.557D-04  6.780D-01
 -1.079D-03  4.876D-01
 -9.150D-04  6.696D-01
 -1.264D-03  4.024D-01
 -9.771D-04  6.613D-01
 -1.574D-03  2.766D-01
 -1.042D-03  6.536D-01
 -2.301D-03  6.630D-02
 -1.107D-03  6.478D-01
 -2.831D-05  7.409D-01
 -4.246D-05  7.409D-01
 -5.486D-05  7.410D-01
 -6.655D-05  7.411D-01
 -7.788D-05  7.412D-01
 -8.904D-05  7.413D-01
 -1.001D-04  7.413D-01
 -1.112D-04  7.414D-01
 -1.223D-04  7.415D-01
 -1.334D-04  7.416D-01
 -1.447D-04  7.416D-01
 -1.560D-04  7.416D-01
 -1.675D-04  7.416D-01
 -1.791D-04  7.416D-01
 -1.909D-04  7.416D-01
 -2.029D-04  7.413D-01
 -2.150D-04  7.413D-01
 -2.274D-04  7.409D-01
 -2.399D-04  7.409D-01
 -2.528D-04  7.401D-01
 -2.658D-04  7.402D-01
 -2.793D-04  7.390D-01
 -2.927D-04  7.392D-01
 -3.069D-04  7.374D-01
 -3.208D-04  7.378D-01
 -3.359D-04  7.352D-01
 -3.501D-04  7.361D-01
 -3.663D-04  7.322D-01
 -3.808D-04  7.339D-01
 -3.984D-04  7.284D-01
 -4.131D-04  7.313D-01
 -4.324D-04  7.235D-01
 -4.469D-04  7.281D-01
 -4.686D-04  7.172D-01
 -4.826D-04  7.244D-01
 -5.074D-04  7.092D-01
 -5.201D-04  7.201D-01
 -5.494D-04  6.991D-01
 -5.597D-04  7.152D-01
 -5.951D-04  6.864D-01
 -6.015D-04  7.097D-01
 -6.457D-04  6.703D-01
 -6.456D-04  7.036D-01
 -7.026D-04  6.498D-01
 -6.921D-04  6.969D-01
 -7.679D-04  6.235D-01
 -7.413D-04  6.897D-01
 -8.452D-04  5.895D-01
 -7.932D-04  6.819D-01
 -9.406D-04  5.447D-01
 -8.479D-04  6.738D-01
 -1.066D-03  4.844D-01
 -9.055D-04  6.654D-01
 -1.245D-03  4.003D-01
 -9.656D-04  6.572D-01
 -1.544D-03  2.755D-01
 -1.028D-03  6.496D-01
 -2.242D-03  6.574D-02
 -1.091D-03  6.438D-01
 -2.755D-05  7.388D-01
 -4.131D-05  7.389D-01
 -5.338D-05  7.389D-01
 -6.475D-05  7.390D-01
 -7.577D-05  7.390D-01
 -8.662D-05  7.391D-01
 -9.739D-05  7.391D-01
 -1.081D-04  7.392D-01
 -1.189D-04  7.392D-01
 -1.297D-04  7.393D-01
 -1.406D-04  7.393D-01
 -1.517D-04  7.393D-01
 -1.628D-04  7.392D-01
 -1.740D-04  7.392D-01
 -1.855D-04  7.390D-01
 -1.970D-04  7.389D-01
 -2.088D-04  7.386D-01
 -2.208D-04  7.385D-01
 -2.330D-04  7.380D-01
 -2.453D-04  7.379D-01
 -2.580D-04  7.370D-01
 -2.708D-04  7.370D-01
 -2.841D-04  7.357D-01
 -2.973D-04  7.358D-01
 -3.113D-04  7.338D-01
 -3.249D-04  7.343D-01
 -3.398D-04  7.314D-01
 -3.538D-04  7.324D-01
 -3.697D-04  7.283D-01
 -3.840D-04  7.300D-01
 -4.013D-04  7.242D-01
 -4.157D-04  7.272D-01
 -4.348D-04  7.191D-01
 -4.489D-04  7.239D-01
 -4.704D-04  7.126D-01
 -4.839D-04  7.201D-01
 -5.085D-04  7.044D-01
 -5.207D-04  7.157D-01
 -5.497D-04  6.942D-01
 -5.594D-04  7.107D-01
 -5.946D-04  6.813D-01
 -6.003D-04  7.051D-01
 -6.441D-04  6.652D-01
 -6.433D-04  6.990D-01
 -6.997D-04  6.447D-01
 -6.888D-04  6.922D-01
 -7.635D-04  6.186D-01
 -7.367D-04  6.850D-01
 -8.388D-04  5.849D-01
 -7.871D-04  6.773D-01
 -9.316D-04  5.406D-01
 -8.403D-04  6.692D-01
 -1.053D-03  4.811D-01
 -8.960D-04  6.609D-01
 -1.226D-03  3.979D-01
 -9.543D-04  6.527D-01
 -1.514D-03  2.743D-01
 -1.015D-03  6.452D-01
 -2.185D-03  6.520D-02
 -1.076D-03  6.393D-01
 -2.682D-05  7.367D-01
 -4.022D-05  7.367D-01
 -5.196D-05  7.368D-01
 -6.302D-05  7.368D-01
 -7.375D-05  7.369D-01
 -8.430D-05  7.369D-01
 -9.477D-05  7.369D-01
 -1.052D-04  7.369D-01
 -1.157D-04  7.369D-01
 -1.262D-04  7.369D-01
 -1.368D-04  7.369D-01
 -1.475D-04  7.368D-01
 -1.583D-04  7.368D-01
 -1.692D-04  7.366D-01
 -1.803D-04  7.365D-01
 -1.915D-04  7.363D-01
 -2.029D-04  7.361D-01
 -2.145D-04  7.357D-01
 -2.262D-04  7.356D-01
 -2.383D-04  7.349D-01
 -2.504D-04  7.348D-01
 -2.629D-04  7.337D-01
 -2.755D-04  7.337D-01
 -2.886D-04  7.321D-01
 -3.015D-04  7.323D-01
 -3.154D-04  7.301D-01
 -3.287D-04  7.306D-01
 -3.435D-04  7.274D-01
 -3.572D-04  7.285D-01
 -3.730D-04  7.240D-01
 -3.869D-04  7.259D-01
 -4.040D-04  7.198D-01
 -4.180D-04  7.230D-01
 -4.370D-04  7.144D-01
 -4.507D-04  7.195D-01
 -4.720D-04  7.077D-01
 -4.850D-04  7.155D-01
 -5.094D-04  6.994D-01
 -5.210D-04  7.110D-01
 -5.499D-04  6.890D-01
 -5.590D-04  7.059D-01
 -5.939D-04  6.761D-01
 -5.989D-04  7.002D-01
 -6.424D-04  6.599D-01
 -6.410D-04  6.940D-01
 -6.967D-04  6.395D-01
 -6.853D-04  6.873D-01
 -7.590D-04  6.135D-01
 -7.319D-04  6.800D-01
 -8.323D-04  5.801D-01
 -7.810D-04  6.723D-01
 -9.225D-04  5.364D-01
 -8.327D-04  6.643D-01
 -1.040D-03  4.775D-01
 -8.868D-04  6.561D-01
 -1.207D-03  3.954D-01
 -9.432D-04  6.479D-01
 -1.485D-03  2.730D-01
 -1.002D-03  6.404D-01
 -2.129D-03  6.467D-02
 -1.061D-03  6.345D-01
 -2.612D-05  7.346D-01
 -3.916D-05  7.346D-01
 -5.059D-05  7.346D-01
 -6.136D-05  7.346D-01
 -7.180D-05  7.346D-01
 -8.207D-05  7.346D-01
 -9.225D-05  7.346D-01
 -1.024D-04  7.346D-01
 -1.126D-04  7.346D-01
 -1.228D-04  7.345D-01
 -1.331D-04  7.344D-01
 -1.435D-04  7.344D-01
 -1.540D-04  7.342D-01
 -1.646D-04  7.341D-01
 -1.753D-04  7.339D-01
 -1.862D-04  7.337D-01
 -1.972D-04  7.333D-01
 -2.084D-04  7.331D-01
 -2.199D-04  7.326D-01
 -2.314D-04  7.324D-01
 -2.433D-04  7.315D-01
 -2.552D-04  7.314D-01
 -2.676D-04  7.302D-01
 -2.799D-04  7.301D-01
 -2.929D-04  7.284D-01
 -3.056D-04  7.285D-01
 -3.193D-04  7.261D-01
 -3.323D-04  7.266D-01
 -3.469D-04  7.232D-01
 -3.603D-04  7.243D-01
 -3.759D-04  7.196D-01
 -3.895D-04  7.216D-01
 -4.065D-04  7.151D-01
 -4.201D-04  7.184D-01
 -4.389D-04  7.095D-01
 -4.522D-04  7.148D-01
 -4.733D-04  7.026D-01
 -4.859D-04  7.106D-01
 -5.101D-04  6.941D-01
 -5.212D-04  7.060D-01
 -5.498D-04  6.836D-01
 -5.584D-04  7.008D-01
 -5.929D-04  6.706D-01
 -5.974D-04  6.950D-01
 -6.404D-04  6.543D-01
 -6.385D-04  6.888D-01
 -6.936D-04  6.340D-01
 -6.817D-04  6.820D-01
 -7.543D-04  6.082D-01
 -7.272D-04  6.747D-01
 -8.258D-04  5.751D-01
 -7.749D-04  6.670D-01
 -9.134D-04  5.319D-01
 -8.251D-04  6.590D-01
 -1.027D-03  4.738D-01
 -8.776D-04  6.508D-01
 -1.189D-03  3.927D-01
 -9.323D-04  6.428D-01
 -1.456D-03  2.715D-01
 -9.888D-04  6.352D-01
 -2.076D-03  6.413D-02
 -1.046D-03  6.293D-01
 -2.545D-05  7.324D-01
 -3.815D-05  7.324D-01
 -4.928D-05  7.324D-01
 -5.977D-05  7.324D-01
 -6.993D-05  7.323D-01
 -7.992D-05  7.323D-01
 -8.983D-05  7.323D-01
 -9.972D-05  7.322D-01
 -1.096D-04  7.322D-01
 -1.196D-04  7.321D-01
 -1.296D-04  7.320D-01
 -1.396D-04  7.318D-01
 -1.498D-04  7.317D-01
 -1.601D-04  7.314D-01
 -1.705D-04  7.313D-01
 -1.811D-04  7.309D-01
 -1.918D-04  7.307D-01
 -2.027D-04  7.302D-01
 -2.137D-04  7.300D-01
 -2.249D-04  7.293D-01
 -2.363D-04  7.290D-01
 -2.480D-04  7.280D-01
 -2.597D-04  7.278D-01
 -2.719D-04  7.264D-01
 -2.841D-04  7.263D-01
 -2.969D-04  7.244D-01
 -3.094D-04  7.246D-01
 -3.229D-04  7.219D-01
 -3.357D-04  7.224D-01
 -3.501D-04  7.188D-01
 -3.632D-04  7.199D-01
 -3.787D-04  7.149D-01
 -3.920D-04  7.170D-01
 -4.088D-04  7.102D-01
 -4.220D-04  7.137D-01
 -4.406D-04  7.044D-01
 -4.535D-04  7.099D-01
 -4.745D-04  6.973D-01
 -4.866D-04  7.056D-01
 -5.106D-04  6.886D-01
 -5.212D-04  7.008D-01
 -5.495D-04  6.780D-01
 -5.576D-04  6.954D-01
 -5.918D-04  6.648D-01
 -5.958D-04  6.896D-01
 -6.383D-04  6.486D-01
 -6.359D-04  6.833D-01
 -6.903D-04  6.283D-01
 -6.780D-04  6.764D-01
 -7.496D-04  6.027D-01
 -7.223D-04  6.691D-01
 -8.192D-04  5.699D-01
 -7.688D-04  6.615D-01
 -9.043D-04  5.272D-01
 -8.175D-04  6.535D-01
 -1.015D-03  4.698D-01
 -8.685D-04  6.453D-01
 -1.171D-03  3.897D-01
 -9.215D-04  6.373D-01
 -1.429D-03  2.699D-01
 -9.763D-04  6.297D-01
 -2.024D-03  6.354D-02
 -1.032D-03  6.237D-01
 -2.480D-05  7.302D-01
 -3.718D-05  7.301D-01
 -4.802D-05  7.301D-01
 -5.823D-05  7.301D-01
 -6.813D-05  7.300D-01
 -7.786D-05  7.300D-01
 -8.751D-05  7.299D-01
 -9.713D-05  7.298D-01
 -1.068D-04  7.297D-01
 -1.164D-04  7.296D-01
 -1.261D-04  7.294D-01
 -1.359D-04  7.292D-01
 -1.458D-04  7.290D-01
 -1.558D-04  7.288D-01
 -1.660D-04  7.285D-01
 -1.762D-04  7.282D-01
 -1.866D-04  7.278D-01
 -1.971D-04  7.275D-01
 -2.078D-04  7.269D-01
 -2.187D-04  7.266D-01
 -2.298D-04  7.257D-01
 -2.409D-04  7.254D-01
 -2.525D-04  7.243D-01
 -2.640D-04  7.240D-01
 -2.761D-04  7.225D-01
 -2.880D-04  7.223D-01
 -3.006D-04  7.202D-01
 -3.129D-04  7.204D-01
 -3.263D-04  7.175D-01
 -3.389D-04  7.180D-01
 -3.531D-04  7.141D-01
 -3.659D-04  7.153D-01
 -3.812D-04  7.100D-01
 -3.942D-04  7.122D-01
 -4.109D-04  7.051D-01
 -4.237D-04  7.087D-01
 -4.422D-04  6.990D-01
 -4.547D-04  7.047D-01
 -4.754D-04  6.917D-01
 -4.871D-04  7.002D-01
 -5.109D-04  6.829D-01
 -5.210D-04  6.953D-01
 -5.491D-04  6.721D-01
 -5.566D-04  6.899D-01
 -5.905D-04  6.589D-01
 -5.940D-04  6.839D-01
 -6.361D-04  6.426D-01
 -6.332D-04  6.775D-01
 -6.868D-04  6.224D-01
 -6.743D-04  6.706D-01
 -7.447D-04  5.970D-01
 -7.174D-04  6.633D-01
 -8.125D-04  5.645D-01
 -7.627D-04  6.556D-01
 -8.952D-04  5.223D-01
 -8.100D-04  6.476D-01
 -1.002D-03  4.657D-01
 -8.595D-04  6.395D-01
 -1.153D-03  3.866D-01
 -9.109D-04  6.314D-01
 -1.402D-03  2.681D-01
 -9.640D-04  6.239D-01
 -1.975D-03  6.290D-02
 -1.018D-03  6.178D-01
 -2.417D-05  7.279D-01
 -3.624D-05  7.278D-01
 -4.681D-05  7.278D-01
 -5.676D-05  7.277D-01
 -6.640D-05  7.277D-01
 -7.588D-05  7.276D-01
 -8.527D-05  7.275D-01
 -9.464D-05  7.273D-01
 -1.040D-04  7.272D-01
 -1.134D-04  7.270D-01
 -1.229D-04  7.268D-01
 -1.324D-04  7.266D-01
 -1.420D-04  7.264D-01
 -1.517D-04  7.261D-01
 -1.616D-04  7.258D-01
 -1.715D-04  7.254D-01
 -1.816D-04  7.250D-01
 -1.918D-04  7.245D-01
 -2.022D-04  7.241D-01
 -2.127D-04  7.234D-01
 -2.234D-04  7.230D-01
 -2.344D-04  7.220D-01
 -2.454D-04  7.216D-01
 -2.567D-04  7.203D-01
 -2.681D-04  7.200D-01
 -2.800D-04  7.183D-01
 -2.917D-04  7.181D-01
 -3.042D-04  7.158D-01
 -3.162D-04  7.159D-01
 -3.294D-04  7.128D-01
 -3.418D-04  7.134D-01
 -3.558D-04  7.092D-01
 -3.684D-04  7.105D-01
 -3.835D-04  7.049D-01
 -3.962D-04  7.072D-01
 -4.127D-04  6.997D-01
 -4.252D-04  7.034D-01
 -4.435D-04  6.935D-01
 -4.556D-04  6.993D-01
 -4.762D-04  6.860D-01
 -4.874D-04  6.947D-01
 -5.110D-04  6.770D-01
 -5.206D-04  6.896D-01
 -5.485D-04  6.660D-01
 -5.555D-04  6.840D-01
 -5.891D-04  6.527D-01
 -5.920D-04  6.780D-01
 -6.336D-04  6.364D-01
 -6.303D-04  6.715D-01
 -6.833D-04  6.163D-01
 -6.704D-04  6.645D-01
 -7.397D-04  5.910D-01
 -7.125D-04  6.572D-01
 -8.058D-04  5.589D-01
 -7.565D-04  6.494D-01
 -8.861D-04  5.171D-01
 -8.026D-04  6.414D-01
 -9.898D-04  4.613D-01
 -8.506D-04  6.333D-01
 -1.136D-03  3.833D-01
 -9.005D-04  6.253D-01
 -1.375D-03  2.661D-01
 -9.519D-04  6.177D-01
 -1.926D-03  6.220D-02
 -1.004D-03  6.116D-01
 -2.357D-05  7.256D-01
 -3.533D-05  7.255D-01
 -4.564D-05  7.254D-01
 -5.534D-05  7.253D-01
 -6.473D-05  7.252D-01
 -7.397D-05  7.251D-01
 -8.312D-05  7.250D-01
 -9.224D-05  7.248D-01
 -1.014D-04  7.246D-01
 -1.105D-04  7.244D-01
 -1.197D-04  7.242D-01
 -1.290D-04  7.239D-01
 -1.383D-04  7.236D-01
 -1.478D-04  7.233D-01
 -1.573D-04  7.229D-01
 -1.670D-04  7.226D-01
 -1.768D-04  7.220D-01
 -1.867D-04  7.216D-01
 -1.968D-04  7.210D-01
 -2.070D-04  7.205D-01
 -2.174D-04  7.197D-01
 -2.279D-04  7.192D-01
 -2.387D-04  7.181D-01
 -2.495D-04  7.176D-01
 -2.608D-04  7.162D-01
 -2.719D-04  7.158D-01
 -2.837D-04  7.139D-01
 -2.952D-04  7.137D-01
 -3.075D-04  7.112D-01
 -3.193D-04  7.113D-01
 -3.324D-04  7.080D-01
 -3.445D-04  7.085D-01
 -3.584D-04  7.041D-01
 -3.707D-04  7.054D-01
 -3.857D-04  6.995D-01
 -3.980D-04  7.019D-01
 -4.143D-04  6.941D-01
 -4.265D-04  6.980D-01
 -4.446D-04  6.877D-01
 -4.563D-04  6.936D-01
 -4.767D-04  6.800D-01
 -4.875D-04  6.889D-01
 -5.109D-04  6.708D-01
 -5.201D-04  6.836D-01
 -5.477D-04  6.597D-01
 -5.542D-04  6.779D-01
 -5.875D-04  6.464D-01
 -5.899D-04  6.718D-01
 -6.311D-04  6.301D-01
 -6.273D-04  6.652D-01
 -6.796D-04  6.100D-01
 -6.665D-04  6.582D-01
 -7.346D-04  5.849D-01
 -7.075D-04  6.508D-01
 -7.990D-04  5.531D-01
 -7.504D-04  6.430D-01
 -8.771D-04  5.118D-01
 -7.951D-04  6.350D-01
 -9.776D-04  4.567D-01
 -8.418D-04  6.269D-01
 -1.119D-03  3.797D-01
 -8.902D-04  6.188D-01
 -1.350D-03  2.639D-01
 -9.401D-04  6.112D-01
 -1.880D-03  6.140D-02
 -9.905D-04  6.050D-01
 -2.299D-05  7.232D-01
 -3.446D-05  7.231D-01
 -4.451D-05  7.230D-01
 -5.397D-05  7.229D-01
 -6.313D-05  7.228D-01
 -7.213D-05  7.226D-01
 -8.105D-05  7.225D-01
 -8.993D-05  7.223D-01
 -9.882D-05  7.220D-01
 -1.077D-04  7.218D-01
 -1.167D-04  7.215D-01
 -1.257D-04  7.212D-01
 -1.348D-04  7.209D-01
 -1.440D-04  7.205D-01
 -1.533D-04  7.201D-01
 -1.627D-04  7.196D-01
 -1.722D-04  7.192D-01
 -1.818D-04  7.185D-01
 -1.916D-04  7.180D-01
 -2.015D-04  7.173D-01
 -2.115D-04  7.167D-01
 -2.218D-04  7.157D-01
 -2.321D-04  7.152D-01
 -2.428D-04  7.139D-01
 -2.535D-04  7.134D-01
 -2.645D-04  7.118D-01
 -2.755D-04  7.114D-01
 -2.871D-04  7.093D-01
 -2.984D-04  7.091D-01
 -3.106D-04  7.063D-01
 -3.222D-04  7.064D-01
 -3.351D-04  7.029D-01
 -3.470D-04  7.034D-01
 -3.607D-04  6.988D-01
 -3.727D-04  7.001D-01
 -3.876D-04  6.940D-01
 -3.996D-04  6.964D-01
 -4.158D-04  6.883D-01
 -4.276D-04  6.923D-01
 -4.455D-04  6.817D-01
 -4.569D-04  6.878D-01
 -4.771D-04  6.738D-01
 -4.875D-04  6.828D-01
 -5.107D-04  6.644D-01
 -5.194D-04  6.774D-01
 -5.467D-04  6.533D-01
 -5.528D-04  6.716D-01
 -5.857D-04  6.398D-01
 -5.877D-04  6.654D-01
 -6.283D-04  6.235D-01
 -6.243D-04  6.587D-01
 -6.758D-04  6.034D-01
 -6.625D-04  6.516D-01
 -7.295D-04  5.785D-01
 -7.024D-04  6.441D-01
 -7.921D-04  5.470D-01
 -7.442D-04  6.363D-01
 -8.681D-04  5.063D-01
 -7.877D-04  6.283D-01
 -9.655D-04  4.519D-01
 -8.330D-04  6.201D-01
 -1.102D-03  3.760D-01
 -8.800D-04  6.120D-01
 -1.325D-03  2.615D-01
 -9.284D-04  6.044D-01
 -1.835D-03  6.051D-02
 -9.773D-04  5.981D-01
 -2.243D-05  7.208D-01
 -3.362D-05  7.207D-01
 -4.343D-05  7.206D-01
 -5.265D-05  7.204D-01
 -6.158D-05  7.203D-01
 -7.036D-05  7.201D-01
 -7.905D-05  7.199D-01
 -8.771D-05  7.197D-01
 -9.637D-05  7.194D-01
 -1.051D-04  7.191D-01
 -1.138D-04  7.188D-01
 -1.226D-04  7.184D-01
 -1.314D-04  7.181D-01
 -1.403D-04  7.176D-01
 -1.494D-04  7.172D-01
 -1.585D-04  7.167D-01
 -1.677D-04  7.161D-01
 -1.771D-04  7.156D-01
 -1.866D-04  7.148D-01
 -1.962D-04  7.143D-01
 -2.060D-04  7.134D-01
 -2.159D-04  7.127D-01
 -2.260D-04  7.116D-01
 -2.362D-04  7.110D-01
 -2.467D-04  7.096D-01
 -2.572D-04  7.090D-01
 -2.681D-04  7.072D-01
 -2.789D-04  7.067D-01
 -2.904D-04  7.045D-01
 -3.015D-04  7.042D-01
 -3.135D-04  7.013D-01
 -3.249D-04  7.013D-01
 -3.376D-04  6.976D-01
 -3.493D-04  6.981D-01
 -3.629D-04  6.932D-01
 -3.746D-04  6.946D-01
 -3.893D-04  6.882D-01
 -4.010D-04  6.907D-01
 -4.170D-04  6.823D-01
 -4.285D-04  6.864D-01
 -4.463D-04  6.755D-01
 -4.573D-04  6.817D-01
 -4.773D-04  6.674D-01
 -4.872D-04  6.766D-01
 -5.102D-04  6.579D-01
 -5.185D-04  6.710D-01
 -5.456D-04  6.466D-01
 -5.512D-04  6.651D-01
 -5.838D-04  6.330D-01
 -5.854D-04  6.587D-01
 -6.255D-04  6.167D-01
 -6.211D-04  6.519D-01
 -6.718D-04  5.967D-01
 -6.584D-04  6.447D-01
 -7.243D-04  5.720D-01
 -6.973D-04  6.372D-01
 -7.853D-04  5.408D-01
 -7.380D-04  6.293D-01
 -8.591D-04  5.005D-01
 -7.803D-04  6.213D-01
 -9.535D-04  4.469D-01
 -8.244D-04  6.131D-01
 -1.086D-03  3.720D-01
 -8.700D-04  6.050D-01
 -1.301D-03  2.590D-01
 -9.169D-04  5.973D-01
 -1.791D-03  5.950D-02
 -9.643D-04  5.909D-01
 -2.189D-05  7.183D-01
 -3.281D-05  7.182D-01
 -4.238D-05  7.181D-01
 -5.138D-05  7.179D-01
 -6.009D-05  7.177D-01
 -6.865D-05  7.175D-01
 -7.712D-05  7.173D-01
 -8.557D-05  7.170D-01
 -9.401D-05  7.167D-01
 -1.025D-04  7.164D-01
 -1.110D-04  7.160D-01
 -1.195D-04  7.156D-01
 -1.281D-04  7.152D-01
 -1.368D-04  7.147D-01
 -1.456D-04  7.142D-01
 -1.545D-04  7.137D-01
 -1.635D-04  7.131D-01
 -1.726D-04  7.124D-01
 -1.818D-04  7.118D-01
 -1.911D-04  7.110D-01
 -2.006D-04  7.103D-01
 -2.103D-04  7.093D-01
 -2.200D-04  7.086D-01
 -2.300D-04  7.073D-01
 -2.400D-04  7.066D-01
 -2.504D-04  7.050D-01
 -2.607D-04  7.044D-01
 -2.715D-04  7.024D-01
 -2.821D-04  7.019D-01
 -2.934D-04  6.994D-01
 -3.043D-04  6.991D-01
 -3.162D-04  6.960D-01
 -3.274D-04  6.960D-01
 -3.400D-04  6.920D-01
 -3.514D-04  6.926D-01
 -3.648D-04  6.875D-01
 -3.763D-04  6.889D-01
 -3.908D-04  6.822D-01
 -4.023D-04  6.847D-01
 -4.181D-04  6.761D-01
 -4.293D-04  6.802D-01
 -4.469D-04  6.690D-01
 -4.575D-04  6.754D-01
 -4.773D-04  6.608D-01
 -4.869D-04  6.701D-01
 -5.096D-04  6.511D-01
 -5.175D-04  6.644D-01
 -5.443D-04  6.397D-01
 -5.495D-04  6.583D-01
 -5.817D-04  6.261D-01
 -5.830D-04  6.518D-01
 -6.225D-04  6.097D-01
 -6.178D-04  6.449D-01
 -6.678D-04  5.898D-01
 -6.542D-04  6.376D-01
 -7.189D-04  5.652D-01
 -6.922D-04  6.300D-01
 -7.784D-04  5.343D-01
 -7.317D-04  6.221D-01
 -8.501D-04  4.946D-01
 -7.729D-04  6.140D-01
 -9.417D-04  4.416D-01
 -8.157D-04  6.058D-01
 -1.069D-03  3.678D-01
 -8.600D-04  5.977D-01
 -1.277D-03  2.562D-01
 -9.056D-04  5.899D-01
 -1.749D-03  5.837D-02
 -9.516D-04  5.834D-01
 -2.137D-05  7.158D-01
 -3.203D-05  7.157D-01
 -4.137D-05  7.155D-01
 -5.015D-05  7.154D-01
 -5.865D-05  7.151D-01
 -6.700D-05  7.149D-01
 -7.527D-05  7.146D-01
 -8.350D-05  7.143D-01
 -9.173D-05  7.140D-01
 -9.998D-05  7.136D-01
 -1.083D-04  7.132D-01
 -1.166D-04  7.128D-01
 -1.250D-04  7.123D-01
 -1.334D-04  7.118D-01
 -1.420D-04  7.112D-01
 -1.506D-04  7.107D-01
 -1.594D-04  7.100D-01
 -1.682D-04  7.093D-01
 -1.772D-04  7.085D-01
 -1.862D-04  7.078D-01
 -1.955D-04  7.069D-01
 -2.048D-04  7.061D-01
 -2.143D-04  7.049D-01
 -2.239D-04  7.042D-01
 -2.337D-04  7.028D-01
 -2.436D-04  7.020D-01
 -2.538D-04  7.003D-01
 -2.640D-04  6.995D-01
 -2.747D-04  6.974D-01
 -2.851D-04  6.968D-01
 -2.963D-04  6.942D-01
 -3.070D-04  6.938D-01
 -3.187D-04  6.905D-01
 -3.297D-04  6.905D-01
 -3.421D-04  6.863D-01
 -3.533D-04  6.869D-01
 -3.666D-04  6.815D-01
 -3.778D-04  6.829D-01
 -3.921D-04  6.760D-01
 -4.033D-04  6.786D-01
 -4.190D-04  6.697D-01
 -4.299D-04  6.739D-01
 -4.472D-04  6.624D-01
 -4.575D-04  6.688D-01
 -4.771D-04  6.540D-01
 -4.863D-04  6.634D-01
 -5.089D-04  6.441D-01
 -5.164D-04  6.575D-01
 -5.428D-04  6.326D-01
 -5.477D-04  6.513D-01
 -5.795D-04  6.189D-01
 -5.804D-04  6.447D-01
 -6.194D-04  6.025D-01
 -6.144D-04  6.377D-01
 -6.636D-04  5.827D-01
 -6.500D-04  6.303D-01
 -7.135D-04  5.583D-01
 -6.870D-04  6.226D-01
 -7.714D-04  5.277D-01
 -7.255D-04  6.147D-01
 -8.411D-04  4.884D-01
 -7.656D-04  6.065D-01
 -9.299D-04  4.362D-01
 -8.072D-04  5.982D-01
 -1.053D-03  3.634D-01
 -8.502D-04  5.901D-01
 -1.254D-03  2.532D-01
 -8.944D-04  5.823D-01
 -1.709D-03  5.711D-02
 -9.390D-04  5.756D-01
 -2.087D-05  7.133D-01
 -3.128D-05  7.131D-01
 -4.039D-05  7.130D-01
 -4.896D-05  7.128D-01
 -5.726D-05  7.125D-01
 -6.541D-05  7.123D-01
 -7.347D-05  7.120D-01
 -8.151D-05  7.116D-01
 -8.953D-05  7.112D-01
 -9.757D-05  7.108D-01
 -1.056D-04  7.104D-01
 -1.138D-04  7.099D-01
 -1.219D-04  7.094D-01
 -1.302D-04  7.088D-01
 -1.385D-04  7.082D-01
 -1.469D-04  7.076D-01
 -1.554D-04  7.069D-01
 -1.640D-04  7.061D-01
 -1.727D-04  7.054D-01
 -1.816D-04  7.045D-01
 -1.905D-04  7.037D-01
 -1.996D-04  7.026D-01
 -2.088D-04  7.017D-01
 -2.181D-04  7.004D-01
 -2.276D-04  6.996D-01
 -2.373D-04  6.980D-01
 -2.470D-04  6.972D-01
 -2.571D-04  6.953D-01
 -2.671D-04  6.945D-01
 -2.776D-04  6.922D-01
 -2.879D-04  6.916D-01
 -2.989D-04  6.887D-01
 -3.095D-04  6.883D-01
 -3.211D-04  6.848D-01
 -3.318D-04  6.848D-01
 -3.441D-04  6.803D-01
 -3.550D-04  6.810D-01
 -3.682D-04  6.753D-01
 -3.791D-04  6.768D-01
 -3.933D-04  6.696D-01
 -4.042D-04  6.722D-01
 -4.197D-04  6.631D-01
 -4.303D-04  6.674D-01
 -4.475D-04  6.556D-01
 -4.574D-04  6.621D-01
 -4.768D-04  6.470D-01
 -4.857D-04  6.565D-01
 -5.080D-04  6.370D-01
 -5.151D-04  6.505D-01
 -5.412D-04  6.253D-01
 -5.458D-04  6.441D-01
 -5.771D-04  6.115D-01
 -5.777D-04  6.373D-01
 -6.162D-04  5.951D-01
 -6.110D-04  6.302D-01
 -6.594D-04  5.754D-01
 -6.456D-04  6.228D-01
 -7.081D-04  5.511D-01
 -6.817D-04  6.150D-01
 -7.644D-04  5.208D-01
 -7.193D-04  6.070D-01
 -8.322D-04  4.820D-01
 -7.583D-04  5.988D-01
 -9.183D-04  4.305D-01
 -7.987D-04  5.904D-01
 -1.038D-03  3.588D-01
 -8.405D-04  5.822D-01
 -1.231D-03  2.501D-01
 -8.833D-04  5.744D-01
 -1.669D-03  5.569D-02
 -9.267D-04  5.676D-01
 -2.038D-05  7.107D-01
 -3.055D-05  7.105D-01
 -3.945D-05  7.103D-01
 -4.782D-05  7.101D-01
 -5.592D-05  7.099D-01
 -6.387D-05  7.096D-01
 -7.174D-05  7.092D-01
 -7.958D-05  7.089D-01
 -8.741D-05  7.084D-01
 -9.525D-05  7.080D-01
 -1.031D-04  7.075D-01
 -1.110D-04  7.070D-01
 -1.190D-04  7.064D-01
 -1.270D-04  7.058D-01
 -1.351D-04  7.052D-01
 -1.433D-04  7.045D-01
 -1.516D-04  7.037D-01
 -1.600D-04  7.030D-01
 -1.685D-04  7.021D-01
 -1.770D-04  7.012D-01
 -1.857D-04  7.002D-01
 -1.945D-04  6.993D-01
 -2.035D-04  6.981D-01
 -2.125D-04  6.972D-01
 -2.218D-04  6.957D-01
 -2.311D-04  6.948D-01
 -2.407D-04  6.931D-01
 -2.502D-04  6.922D-01
 -2.602D-04  6.901D-01
 -2.700D-04  6.893D-01
 -2.804D-04  6.868D-01
 -2.905D-04  6.861D-01
 -3.014D-04  6.831D-01
 -3.117D-04  6.826D-01
 -3.232D-04  6.789D-01
 -3.337D-04  6.789D-01
 -3.459D-04  6.742D-01
 -3.566D-04  6.748D-01
 -3.696D-04  6.689D-01
 -3.803D-04  6.704D-01
 -3.943D-04  6.630D-01
 -4.049D-04  6.657D-01
 -4.203D-04  6.562D-01
 -4.305D-04  6.606D-01
 -4.475D-04  6.486D-01
 -4.571D-04  6.552D-01
 -4.763D-04  6.398D-01
 -4.848D-04  6.494D-01
 -5.069D-04  6.296D-01
 -5.137D-04  6.432D-01
 -5.395D-04  6.178D-01
 -5.437D-04  6.367D-01
 -5.746D-04  6.040D-01
 -5.749D-04  6.298D-01
 -6.129D-04  5.876D-01
 -6.074D-04  6.226D-01
 -6.551D-04  5.679D-01
 -6.412D-04  6.150D-01
 -7.025D-04  5.438D-01
 -6.764D-04  6.072D-01
 -7.574D-04  5.138D-01
 -7.130D-04  5.991D-01
 -8.233D-04  4.755D-01
 -7.509D-04  5.908D-01
 -9.068D-04  4.247D-01
 -7.902D-04  5.824D-01
 -1.023D-03  3.539D-01
 -8.308D-04  5.741D-01
 -1.209D-03  2.467D-01
 -8.725D-04  5.662D-01
 -1.631D-03  5.413D-02
 -9.145D-04  5.593D-01
