 -1.813D-03  7.906D-01
 -2.295D-03  7.810D-01
 -1.773D-03  7.824D-01
 -3.735D-04  7.947D-01
 -3.770D-03  7.697D-01
 -1.672D-03  7.725D-01
 -6.072D-04  7.691D-01
 -5.374D-04  7.704D-01
 -4.923D-03  7.576D-01
 -1.559D-03  7.595D-01
 -1.411D-04  7.971D-01
 -1.147D-03  7.456D-01
 -6.407D-04  7.502D-01
 -5.814D-03  7.433D-01
 -1.448D-03  7.433D-01
 -2.542D-04  7.484D-01
 -2.341D-04  7.498D-01
 -1.643D-03  7.251D-01
 -6.978D-04  7.285D-01
 -6.503D-03  7.267D-01
 -1.345D-03  7.236D-01
 -6.954D-05  7.987D-01
 -5.131D-04  7.089D-01
 -3.108D-04  7.166D-01
 -2.075D-03  7.033D-01
 -7.240D-04  7.041D-01
 -7.033D-03  7.078D-01
 -1.251D-03  7.002D-01
 -1.312D-04  7.197D-01
 -1.229D-04  7.212D-01
 -7.728D-04  6.787D-01
 -3.673D-04  6.848D-01
 -2.441D-03  6.795D-01
 -7.298D-04  6.763D-01
 -7.436D-03  6.865D-01
 -1.164D-03  6.730D-01
 -3.986D-05  7.998D-01
 -2.744D-04  6.600D-01
 -1.729D-04  6.721D-01
 -1.013D-03  6.485D-01
 -4.059D-04  6.511D-01
 -2.745D-03  6.533D-01
 -7.220D-04  6.447D-01
 -7.736D-03  6.630D-01
 -1.083D-03  6.415D-01
 -7.648D-05  6.837D-01
 -7.230D-05  6.852D-01
 -4.258D-04  6.181D-01
 -2.144D-04  6.283D-01
 -1.227D-03  6.167D-01
 -4.300D-04  6.142D-01
 -2.995D-03  6.249D-01
 -7.053D-04  6.089D-01
 -7.951D-03  6.373D-01
 -1.009D-03  6.056D-01
 -2.519D-05  8.004D-01
 -1.627D-04  5.983D-01
 -1.050D-04  6.164D-01
 -5.713D-04  5.782D-01
 -2.463D-04  5.837D-01
 -1.412D-03  5.826D-01
 -4.428D-04  5.732D-01
 -3.195D-03  5.940D-01
 -6.825D-04  5.685D-01
 -8.094D-03  6.095D-01
 -9.394D-04  5.648D-01
 -4.822D-05  6.408D-01
 -4.582D-05  6.423D-01
 -2.571D-04  5.422D-01
 -1.340D-04  5.580D-01
 -7.047D-04  5.371D-01
 -2.695D-04  5.361D-01
 -1.570D-03  5.460D-01
 -4.467D-04  5.275D-01
 -3.353D-03  5.609D-01
 -6.557D-04  5.229D-01
 -8.176D-03  5.798D-01
 -8.744D-04  5.185D-01
 -1.704D-05  8.007D-01
 -1.031D-04  5.227D-01
 -6.767D-05  5.491D-01
 -3.501D-04  4.905D-01
 -1.579D-04  5.003D-01
 -8.233D-04  4.938D-01
 -2.849D-04  4.839D-01
 -1.700D-03  5.069D-01
 -4.439D-04  4.764D-01
 -3.472D-03  5.254D-01
 -6.263D-04  4.716D-01
 -8.206D-03  5.481D-01
 -8.133D-04  4.661D-01
 -3.210D-05  5.912D-01
 -3.061D-05  5.929D-01
 -1.645D-04  4.485D-01
 -8.788D-05  4.724D-01
 -4.371D-04  4.382D-01
 -1.764D-04  4.395D-01
 -9.261D-04  4.476D-01
 -2.938D-04  4.262D-01
 -1.807D-03  4.651D-01
 -4.359D-04  4.190D-01
 -3.557D-03  4.877D-01
 -5.952D-04  4.136D-01
 -8.191D-03  5.146D-01
 -7.557D-04  4.068D-01
 -1.213D-05  8.007D-01
 -6.830D-05  4.315D-01
 -4.546D-05  4.692D-01
 -2.262D-04  3.820D-01
 -1.052D-04  3.981D-01
 -5.156D-04  3.833D-01
 -1.899D-04  3.734D-01
 -1.013D-03  3.984D-01
 -2.973D-04  3.617D-01
 -1.891D-03  4.206D-01
 -4.238D-04  3.544D-01
 -3.613D-03  4.477D-01
 -5.631D-04  3.481D-01
 -8.138D-03  4.795D-01
 -7.012D-04  3.394D-01
 -2.224D-05  5.354D-01
 -2.125D-05  5.372D-01
 -1.095D-04  3.334D-01
 -5.960D-05  3.689D-01
 -2.846D-04  3.151D-01
 -1.192D-04  3.204D-01
 -5.844D-04  3.250D-01
 -1.987D-04  3.001D-01
 -1.085D-03  3.458D-01
 -2.963D-04  2.891D-01
 -1.954D-03  3.732D-01
 -4.087D-04  2.813D-01
 -3.642D-03  4.055D-01
 -5.304D-04  2.737D-01
 -8.051D-03  4.426D-01
 -6.495D-04  2.626D-01
 -8.970D-06  8.004D-01
 -4.671D-05  3.215D-01
 -3.149D-05  3.749D-01
 -1.514D-04  2.469D-01
 -7.202D-05  2.726D-01
 -3.376D-04  2.450D-01
 -1.297D-04  2.357D-01
 -6.431D-04  2.626D-01
 -2.035D-04  2.178D-01
 -1.142D-03  2.896D-01
 -2.916D-04  2.068D-01
 -1.998D-03  3.229D-01
 -3.913D-04  1.981D-01
 -3.649D-03  3.610D-01
 -4.977D-04  1.887D-01
 -7.936D-03  4.042D-01
 -6.004D-04  1.745D-01
 -1.588D-05  4.735D-01
 -1.519D-05  4.753D-01
 -7.490D-05  1.907D-01
 -4.141D-05  2.432D-01
 -1.912D-04  1.602D-01
 -8.225D-05  1.718D-01
 -3.843D-04  1.702D-01
 -1.371D-04  1.412D-01
 -6.918D-04  1.955D-01
 -2.048D-04  1.244D-01
 -1.186D-03  2.295D-01
 -2.840D-04  1.127D-01
 -2.026D-03  2.695D-01
 -3.722D-04  1.024D-01
 -3.635D-03  3.142D-01
 -4.651D-04  9.057D-02
 -7.797D-03  3.643D-01
 -5.536D-04  7.235D-02
 -6.843D-06  7.999D-01
 -3.267D-05  1.880D-01
 -2.230D-05  2.636D-01
 -1.037D-04  7.578D-02
 -5.024D-05  1.165D-01
 -2.275D-04  6.857D-02
 -9.016D-05  6.103D-02
 -4.243D-04  8.929D-02
 -1.414D-04  3.365D-02
 -7.308D-04  1.232D-01
 -2.032D-04  1.676D-02
 -1.218D-03  1.651D-01
 -2.741D-04  3.800D-03
 -2.038D-03  2.128D-01
 -3.519D-04 -8.680D-03
 -3.603D-03  2.652D-01
 -4.329D-04 -2.379D-02
 -7.638D-03  3.230D-01
 -5.092D-04 -4.732D-02
 -1.160D-05  4.053D-01
 -1.111D-05  4.073D-01
 -5.214D-05  9.772D-03
 -2.925D-05  8.840D-02
 -1.311D-04 -4.038D-02
 -5.760D-05 -1.779D-02
 -2.595D-04 -3.064D-02
 -9.577D-05 -6.478D-02
 -4.573D-04  1.154D-03
 -1.432D-04 -9.096D-02
 -7.607D-04  4.483D-02
 -1.991D-04 -1.089D-01
 -1.238D-03  9.609D-02
 -2.622D-04 -1.240D-01
 -2.038D-03  1.527D-01
 -3.307D-04 -1.395D-01
 -3.555D-03  2.137D-01
 -4.013D-04 -1.591D-01
 -7.461D-03  2.802D-01
 -4.669D-04 -1.897D-01
 -5.352D-06  7.992D-01
 -2.320D-05  2.295D-02
 -1.605D-05  1.309D-01
 -7.203D-05 -1.486D-01
 -3.549D-05 -8.329D-02
 -1.560D-04 -1.652D-01
 -6.333D-05 -1.685D-01
 -2.866D-04 -1.399D-01
 -9.923D-05 -2.115D-01
 -4.836D-04 -9.561D-02
 -1.427D-04 -2.382D-01
 -7.820D-04 -4.038D-02
 -1.930D-04 -2.583D-01
 -1.248D-03  2.184D-02
 -2.490D-04 -2.766D-01
 -2.025D-03  8.886D-02
 -3.091D-04 -2.965D-01
 -3.495D-03  1.598D-01
 -3.704D-04 -3.221D-01
 -7.269D-03  2.361D-01
 -4.267D-04 -3.627D-01
 -8.627D-06  3.307D-01
 -8.275D-06  3.328D-01
 -3.670D-05 -2.283D-01
 -2.090D-05 -1.075D-01
 -9.097D-05 -3.123D-01
 -4.070D-05 -2.700D-01
 -1.779D-04 -3.038D-01
 -6.741D-05 -3.448D-01
 -3.089D-04 -2.618D-01
 -1.007D-04 -3.872D-01
 -5.035D-04 -2.027D-01
 -1.402D-04 -4.162D-01
 -7.954D-04 -1.336D-01
 -1.852D-04 -4.399D-01
 -1.249D-03 -5.828D-02
 -2.347D-04 -4.630D-01
 -2.002D-03  2.093D-02
 -2.873D-04 -4.891D-01
 -3.423D-03  1.033D-01
 -3.404D-04 -5.236D-01
 -7.067D-03  1.905D-01
 -3.886D-04 -5.785D-01
 -4.274D-06  7.982D-01
 -1.665D-05 -1.874D-01
 -1.168D-05 -3.019D-02
 -5.047D-05 -4.596D-01
 -2.525D-05 -3.504D-01
 -1.081D-04 -4.942D-01
 -4.474D-05 -4.877D-01
 -1.963D-04 -4.616D-01
 -6.993D-05 -5.594D-01
 -3.264D-04 -3.998D-01
 -1.005D-04 -6.043D-01
 -5.172D-04 -3.223D-01
 -1.362D-04 -6.379D-01
 -8.017D-04 -2.361D-01
 -1.762D-04 -6.675D-01
 -1.242D-03 -1.451D-01
 -2.198D-04 -6.978D-01
 -1.970D-03 -5.152D-02
 -2.657D-04 -7.334D-01
 -3.341D-03  4.398D-02
 -3.116D-04 -7.813D-01
 -6.855D-03  1.436D-01
 -3.528D-04 -8.569D-01
 -6.512D-06  2.492D-01
 -6.250D-06  2.515D-01
 -2.599D-05 -5.611D-01
 -1.503D-05 -3.660D-01
 -6.353D-05 -7.103D-01
 -2.888D-05 -6.282D-01
 -1.230D-04 -7.058D-01
 -4.761D-05 -7.570D-01
 -2.112D-04 -6.453D-01
 -7.105D-05 -8.320D-01
 -3.393D-04 -5.582D-01
 -9.893D-05 -8.837D-01
 -5.255D-04 -4.574D-01
 -1.309D-04 -9.255D-01
 -8.015D-04 -3.499D-01
 -1.661D-04 -9.482D-01
 -1.227D-03 -2.397D-01
 -2.040D-04 -9.668D-01
 -1.930D-03 -1.290D-01
 -2.432D-04 -9.887D-01
 -3.252D-03 -1.830D-02
 -2.817D-04 -1.019D+00
 -6.635D-03  9.534D-02
 -3.148D-04 -1.068D+00
 -3.474D-06  7.971D-01
 -1.201D-05 -4.683D-01
 -8.571D-06 -2.313D-01
 -3.552D-05 -9.332D-01
 -1.803D-05 -7.340D-01
 -7.524D-05 -9.954D-01
 -3.169D-05 -9.759D-01
 -1.355D-04 -9.620D-01
 -4.914D-05 -1.049D+00
 -2.227D-04 -8.647D-01
 -7.036D-05 -1.093D+00
 -3.479D-04 -7.436D-01
 -9.509D-05 -1.124D+00
 -5.286D-04 -6.120D-01
 -1.230D-04 -1.150D+00
 -7.955D-04 -4.772D-01
 -1.535D-04 -1.174D+00
 -1.206D-03 -3.433D-01
 -1.860D-04 -1.200D+00
 -1.883D-03 -2.122D-01
 -2.193D-04 -1.231D+00
 -3.155D-03 -8.383D-02
 -2.515D-04 -1.264D+00
 -6.411D-03  4.561D-02
 -2.783D-04 -1.303D+00
 -4.972D-06  1.600D-01
 -4.775D-06  1.625D-01
 -1.841D-05 -1.042D+00
 -1.085D-05 -7.305D-01
 -4.393D-05 -1.204D+00
 -2.038D-05 -1.107D+00
 -8.430D-05 -1.208D+00
 -3.313D-05 -1.240D+00
 -1.440D-04 -1.154D+00
 -4.907D-05 -1.317D+00
 -2.299D-04 -1.072D+00
 -6.801D-05 -1.356D+00
 -3.527D-04 -9.656D-01
 -8.971D-05 -1.380D+00
 -5.273D-04 -7.918D-01
 -1.139D-04 -1.399D+00
 -7.845D-04 -6.214D-01
 -1.400D-04 -1.418D+00
 -1.179D-03 -4.578D-01
 -1.675D-04 -1.438D+00
 -1.830D-03 -3.020D-01
 -1.953D-04 -1.463D+00
 -3.053D-03 -1.529D-01
 -2.216D-04 -1.497D+00
 -6.184D-03 -5.592D-03
 -2.429D-04 -1.556D+00
 -2.865D-06  7.957D-01
 -8.695D-06 -8.731D-01
 -6.316D-06 -4.933D-01
 -2.438D-05 -1.402D+00
 -1.274D-05 -1.200D+00
 -5.086D-05 -1.464D+00
 -2.180D-05 -1.425D+00
 -9.102D-05 -1.438D+00
 -3.349D-05 -1.518D+00
 -1.493D-04 -1.374D+00
 -4.771D-05 -1.575D+00
 -2.324D-04 -1.263D+00
 -6.431D-05 -1.613D+00
 -3.510D-04 -1.136D+00
 -8.306D-05 -1.644D+00
 -5.222D-04 -1.005D+00
 -1.037D-04 -1.670D+00
 -7.693D-04 -7.870D-01
 -1.258D-04 -1.694D+00
 -1.148D-03 -5.854D-01
 -1.488D-04 -1.717D+00
 -1.773D-03 -3.994D-01
 -1.719D-04 -1.745D+00
 -2.948D-03 -2.260D-01
 -1.935D-04 -1.787D+00
 -5.954D-03 -5.836D-02
 -2.104D-04 -1.859D+00
 -3.832D-06  6.178D-02
 -3.681D-06  6.454D-02
 -1.268D-05 -1.492D+00
 -7.768D-06 -1.180D+00
 -2.946D-05 -1.715D+00
 -1.397D-05 -1.573D+00
 -5.601D-05 -1.731D+00
 -2.235D-05 -1.750D+00
 -9.521D-05 -1.669D+00
 -3.289D-05 -1.838D+00
 -1.514D-04 -1.571D+00
 -4.543D-05 -1.896D+00
 -2.314D-04 -1.458D+00
 -5.985D-05 -1.937D+00
 -3.452D-04 -1.325D+00
 -7.593D-05 -1.971D+00
 -5.091D-04 -1.157D+00
 -9.343D-05 -2.002D+00
 -7.504D-04 -9.807D-01
 -1.120D-04 -2.034D+00
 -1.114D-03 -7.292D-01
 -1.311D-04 -2.072D+00
 -1.712D-03 -5.058D-01
 -1.499D-04 -2.121D+00
 -2.839D-03 -3.035D-01
 -1.676D-04 -2.191D+00
 -5.724D-03 -1.128D-01
 -1.765D-04 -1.998D+00
 -2.394D-06  7.942D-01
 -6.196D-06 -1.308D+00
 -4.665D-06 -8.570D-01
 -1.630D-05 -1.949D+00
 -8.755D-06 -1.671D+00
 -3.356D-05 -2.074D+00
 -1.463D-05 -1.982D+00
 -5.964D-05 -2.040D+00
 -2.228D-05 -2.157D+00
 -9.734D-05 -1.940D+00
 -3.160D-05 -2.269D+00
 -1.508D-04 -1.812D+00
 -4.256D-05 -2.348D+00
 -2.269D-04 -1.660D+00
 -5.415D-05 -2.226D+00
 -3.356D-04 -1.502D+00
 -6.675D-05 -2.116D+00
 -4.925D-04 -1.335D+00
 -8.012D-05 -2.017D+00
 -7.240D-04 -1.134D+00
 -9.386D-05 -1.920D+00
 -1.076D-03 -8.936D-01
 -1.074D-04 -1.817D+00
 -1.648D-03 -6.229D-01
 -1.200D-04 -1.705D+00
 -2.727D-03 -3.861D-01
 -1.303D-04 -1.573D+00
 -5.494D-03 -1.690D-01
 -1.355D-04 -1.411D+00
 -2.975D-06 -4.732D-02
 -2.859D-06 -4.423D-02
 -8.542D-06 -2.068D+00
 -5.419D-06 -1.621D+00
 -1.889D-05 -2.187D+00
 -9.371D-06 -2.217D+00
 -3.524D-05 -2.113D+00
 -1.426D-05 -2.091D+00
 -6.077D-05 -2.266D+00
 -2.010D-05 -1.851D+00
 -9.758D-05 -2.294D+00
 -2.708D-05 -1.727D+00
 -1.483D-04 -2.092D+00
 -3.508D-05 -1.645D+00
 -2.200D-04 -1.894D+00
 -4.396D-05 -1.582D+00
 -3.226D-04 -1.698D+00
 -5.352D-05 -1.527D+00
 -4.720D-04 -1.501D+00
 -6.367D-05 -1.476D+00
 -6.932D-04 -1.293D+00
 -7.406D-05 -1.424D+00
 -1.034D-03 -1.069D+00
 -8.420D-05 -1.346D+00
 -1.582D-03 -7.529D-01
 -9.313D-05 -1.130D+00
 -2.615D-03 -4.745D-01
 -1.000D-04 -8.704D-01
 -5.266D-03 -2.271D-01
 -1.025D-04 -5.272D-01
 -2.022D-06  7.925D-01
 -4.308D-06 -1.762D+00
 -3.408D-06 -1.259D+00
 -9.715D-06 -1.750D+00
 -5.902D-06 -2.362D+00
 -1.893D-05 -1.574D+00
 -8.663D-06 -1.695D+00
 -3.362D-05 -1.596D+00
 -1.247D-05 -1.499D+00
 -5.603D-05 -1.707D+00
 -1.711D-05 -1.255D+00
 -8.993D-05 -1.918D+00
 -2.249D-05 -1.043D+00
 -1.419D-04 -2.291D+00
 -2.855D-05 -8.906D-01
 -2.113D-04 -2.181D+00
 -3.517D-05 -7.654D-01
 -3.078D-04 -1.920D+00
 -4.221D-05 -6.507D-01
 -4.485D-04 -1.682D+00
 -4.948D-05 -5.366D-01
 -6.594D-04 -1.456D+00
 -5.673D-05 -4.156D-01
 -9.847D-04 -1.202D+00
 -6.362D-05 -2.808D-01
 -1.515D-03 -8.990D-01
 -6.988D-05 -1.314D-01
 -2.502D-03 -5.697D-01
 -7.448D-05  5.403D-02
 -5.041D-03 -2.873D-01
 -7.681D-05  4.358D-01
 -2.323D-06 -1.699D-01
 -2.234D-06 -1.664D-01
 -5.008D-06 -1.654D+00
 -3.709D-06 -2.221D+00
 -9.905D-06 -8.289D-01
 -5.277D-06 -1.512D+00
 -1.820D-05 -6.990D-01
 -7.545D-06 -7.426D-01
 -3.117D-05 -8.531D-01
 -1.044D-05 -3.928D-01
 -5.096D-05 -1.189D+00
 -1.394D-05 -2.027D-01
 -8.063D-05 -1.551D+00
 -1.797D-05 -7.744D-02
 -1.254D-04 -1.775D+00
 -2.243D-05  2.005D-02
 -1.953D-04 -2.187D+00
 -2.743D-05  1.599D-01
 -2.913D-04 -2.193D+00
 -3.275D-05  2.974D-01
 -4.235D-04 -1.886D+00
 -3.824D-05  4.369D-01
 -6.227D-04 -1.612D+00
 -4.372D-05  5.872D-01
 -9.333D-04 -1.354D+00
 -4.893D-05  7.577D-01
 -1.447D-03 -1.065D+00
 -5.346D-05  9.614D-01
 -2.389D-03 -6.727D-01
 -5.677D-05  1.215D+00
 -4.819D-03 -3.498D-01
 -5.776D-05  1.556D+00
 -1.726D-06  7.906D-01
 -2.951D-06 -2.425D+00
 -2.438D-06 -1.657D+00
 -5.031D-06 -2.383D-01
 -3.264D-06 -1.323D+00
 -9.599D-06  1.855D-01
 -4.502D-06 -1.684D-01
 -1.687D-05  1.547D-01
 -6.405D-06  3.808D-01
 -2.784D-05 -8.546D-02
 -8.771D-06  7.198D-01
 -4.468D-05 -3.663D-01
 -1.151D-05  9.329D-01
 -7.070D-05 -7.995D-01
 -1.460D-05  1.089D+00
 -1.106D-04 -1.430D+00
 -1.803D-05  1.210D+00
 -1.706D-04 -1.742D+00
 -2.171D-05  1.319D+00
 -2.674D-04 -2.237D+00
 -2.556D-05  1.427D+00
 -3.975D-04 -2.126D+00
 -2.946D-05  1.540D+00
 -5.842D-04 -1.797D+00
 -3.331D-05  1.666D+00
 -8.797D-04 -1.498D+00
 -3.765D-05  1.829D+00
 -1.371D-03 -1.186D+00
 -4.164D-05  2.026D+00
 -2.277D-03 -7.851D-01
 -4.480D-05  2.282D+00
 -4.601D-03 -4.149D-01
 -4.625D-05  2.644D+00
 -1.823D-06 -3.098D-01
 -1.753D-06 -3.058D-01
 -2.621D-06 -1.131D-01
 -2.171D-06 -1.600D+00
 -5.062D-06  1.153D+00
 -2.752D-06  3.309D-01
 -9.201D-06  1.320D+00
 -3.901D-06  1.208D+00
 -1.559D-05  1.193D+00
 -5.374D-06  1.595D+00
 -2.522D-05  8.932D-01
 -7.367D-06  1.850D+00
 -3.955D-05  4.406D-01
 -9.652D-06  2.026D+00
 -6.069D-05 -1.217D-01
 -1.220D-05  2.163D+00
 -9.481D-05 -6.225D-01
 -1.498D-05  2.282D+00
 -1.488D-04 -1.364D+00
 -1.794D-05  2.395D+00
 -2.320D-04 -1.797D+00
 -2.106D-05  2.507D+00
 -3.719D-04 -2.442D+00
 -2.430D-05  2.619D+00
 -5.463D-04 -1.992D+00
 -2.752D-05  2.745D+00
 -8.245D-04 -1.644D+00
 -3.055D-05  2.894D+00
 -1.293D-03 -1.315D+00
 -3.314D-05  3.079D+00
 -2.166D-03 -9.087D-01
 -3.670D-05  3.264D+00
 -4.388D-03 -4.829D-01
 -3.954D-05  3.538D+00
 -1.485D-06  7.885D-01
 -1.662D-06 -1.351D+00
 -1.717D-06 -2.175D+00
 -2.668D-06  1.783D+00
 -1.727D-06  5.277D-01
 -5.206D-06  2.325D+00
 -2.421D-06  1.860D+00
 -9.068D-06  2.330D+00
 -3.521D-06  2.456D+00
 -1.471D-05  2.114D+00
 -4.863D-06  2.757D+00
 -2.259D-05  1.760D+00
 -6.413D-06  2.953D+00
 -3.448D-05  1.316D+00
 -8.217D-06  3.088D+00
 -5.313D-05  7.592D-01
 -1.044D-05  3.173D+00
 -8.076D-05  1.507D-02
 -1.289D-05  3.251D+00
 -1.265D-04 -6.109D-01
 -1.554D-05  3.329D+00
 -2.017D-04 -1.520D+00
 -1.835D-05  3.412D+00
 -3.215D-04 -1.964D+00
 -2.129D-05  3.504D+00
 -5.078D-04 -2.238D+00
 -2.428D-05  3.610D+00
 -7.690D-04 -1.812D+00
 -2.719D-05  3.739D+00
 -1.216D-03 -1.457D+00
 -2.985D-05  3.904D+00
 -2.058D-03 -1.046D+00
 -3.189D-05  4.131D+00
 -4.179D-03 -5.541D-01
 -3.545D-05  4.301D+00
 -1.435D-06 -4.727D-01
 -1.380D-06 -4.680D-01
 -1.436D-06  1.906D+00
 -1.169D-06 -6.953D-02
 -2.909D-06  3.125D+00
 -1.534D-06  2.352D+00
 -5.474D-06  3.276D+00
 -2.276D-06  3.145D+00
 -8.997D-06  3.199D+00
 -3.406D-06  3.463D+00
 -1.364D-05  3.002D+00
 -4.708D-06  3.667D+00
 -2.099D-05  2.633D+00
 -6.191D-06  3.812D+00
 -3.136D-05  2.151D+00
 -7.848D-06  3.928D+00
 -4.531D-05  1.546D+00
 -9.662D-06  4.029D+00
 -6.989D-05  8.852D-01
 -1.161D-05  4.125D+00
 -1.072D-04 -4.446D-03
 -1.383D-05  4.195D+00
 -1.712D-04 -7.658D-01
 -1.653D-05  4.226D+00
 -2.782D-04 -1.660D+00
 -1.944D-05  4.266D+00
 -4.636D-04 -2.341D+00
 -2.251D-05  4.319D+00
 -7.154D-04 -1.988D+00
 -2.568D-05  4.390D+00
 -1.137D-03 -1.577D+00
 -2.883D-05  4.490D+00
 -1.947D-03 -1.171D+00
 -3.170D-05  4.641D+00
 -3.977D-03 -6.289D-01
 -3.402D-05  4.866D+00
 -1.289D-06  7.862D-01
 -9.059D-07  3.788D-01
 -1.075D-06 -1.781D+00
 -1.710D-06  3.584D+00
 -9.802D-07  2.474D+00
 -3.342D-06  4.082D+00
 -1.561D-06  3.632D+00
 -5.778D-06  4.115D+00
 -2.287D-06  4.167D+00
 -9.291D-06  3.947D+00
 -3.468D-06  4.272D+00
 -1.411D-05  3.675D+00
 -4.823D-06  4.361D+00
 -2.033D-05  3.340D+00
 -6.361D-06  4.435D+00
 -2.798D-05  2.953D+00
 -8.081D-06  4.501D+00
 -4.139D-05  2.369D+00
 -9.976D-06  4.562D+00
 -5.995D-05  1.632D+00
 -1.203D-05  4.624D+00
 -9.224D-05  8.294D-01
 -1.422D-05  4.690D+00
 -1.442D-04 -1.911D-01
 -1.651D-05  4.764D+00
 -2.387D-04 -1.131D+00
 -1.886D-05  4.851D+00
 -3.998D-04 -1.919D+00
 -2.236D-05  4.814D+00
 -6.621D-04 -2.205D+00
 -2.630D-05  4.781D+00
 -1.060D-03 -1.714D+00
 -3.061D-05  4.762D+00
 -1.832D-03 -1.276D+00
 -3.522D-05  4.770D+00
 -3.779D-03 -7.079D-01
 -3.978D-05  4.837D+00
 -1.132D-06 -6.673D-01
 -1.089D-06 -6.615D-01
 -9.336D-07  3.631D+00
 -6.636D-07  1.864D+00
 -2.249D-06  4.457D+00
 -1.008D-06  4.017D+00
 -4.212D-06  4.601D+00
 -1.764D-06  4.457D+00
 -6.906D-06  4.552D+00
 -2.633D-06  4.737D+00
 -1.040D-05  4.415D+00
 -3.806D-06  4.807D+00
 -1.455D-05  4.250D+00
 -5.353D-06  4.769D+00
 -1.944D-05  4.042D+00
 -7.123D-06  4.752D+00
 -2.777D-05  3.568D+00
 -9.122D-06  4.747D+00
 -3.743D-05  3.080D+00
 -1.136D-05  4.747D+00
 -5.394D-05  2.412D+00
 -1.383D-05  4.752D+00
 -7.821D-05  1.542D+00
 -1.653D-05  4.762D+00
 -1.240D-04  5.775D-01
 -1.946D-05  4.778D+00
 -2.012D-04 -5.058D-01
 -2.258D-05  4.802D+00
 -3.462D-04 -1.660D+00
 -2.587D-05  4.838D+00
 -6.129D-04 -2.478D+00
 -3.039D-05  4.779D+00
 -9.844D-04 -1.862D+00
 -3.738D-05  4.569D+00
 -1.721D-03 -1.391D+00
 -4.609D-05  4.341D+00
 -3.588D-03 -7.916D-01
 -5.759D-05  4.077D+00
 -1.126D-06  7.838D-01
 -5.252D-07  2.231D+00
 -6.174D-07 -5.156D-01
 -1.326D-06  4.827D+00
 -6.513D-07  4.091D+00
 -3.241D-06  4.732D+00
 -1.236D-06  4.812D+00
 -5.684D-06  4.733D+00
 -2.279D-06  4.735D+00
 -8.623D-06  4.727D+00
 -3.471D-06  4.781D+00
 -1.178D-05  4.752D+00
 -4.842D-06  4.838D+00
 -1.538D-05  4.718D+00
 -6.703D-06  4.755D+00
 -2.106D-05  4.415D+00
 -9.067D-06  4.624D+00
 -2.683D-05  4.162D+00
 -1.180D-05  4.521D+00
 -3.629D-05  3.680D+00
 -1.493D-05  4.432D+00
 -4.873D-05  3.083D+00
 -1.851D-05  4.349D+00
 -7.021D-05  2.297D+00
 -2.260D-05  4.269D+00
 -1.048D-04  1.283D+00
 -2.724D-05  4.188D+00
 -1.710D-04  8.316D-02
 -3.255D-05  4.104D+00
 -2.958D-04 -1.101D+00
 -3.863D-05  4.014D+00
 -5.312D-04 -2.085D+00
 -4.565D-05  3.916D+00
 -9.121D-04 -2.022D+00
 -5.388D-05  3.806D+00
 -1.611D-03 -1.508D+00
 -6.375D-05  3.679D+00
 -3.404D-03 -8.807D-01
 -7.621D-05  3.520D+00
 -8.948D-07 -9.075D-01
 -8.613D-07 -9.002D-01
 -7.375D-07  4.802D+00
 -4.392D-07  3.497D+00
 -2.443D-06  4.676D+00
 -9.493D-07  4.718D+00
 -5.245D-06  4.407D+00
 -1.894D-06  4.704D+00
 -8.364D-06  4.449D+00
 -3.561D-06  4.279D+00
 -1.131D-05  4.653D+00
 -5.583D-06  4.085D+00
 -1.453D-05  4.786D+00
 -7.982D-06  3.970D+00
 -1.892D-05  4.709D+00
 -1.078D-05  3.891D+00
 -2.265D-05  4.730D+00
 -1.399D-05  3.829D+00
 -2.818D-05  4.538D+00
 -1.765D-05  3.777D+00
 -3.563D-05  4.184D+00
 -2.178D-05  3.729D+00
 -4.661D-05  3.664D+00
 -2.642D-05  3.683D+00
 -6.187D-05  2.970D+00
 -3.161D-05  3.636D+00
 -9.275D-05  1.989D+00
 -3.742D-05  3.588D+00
 -1.458D-04  8.249D-01
 -4.393D-05  3.536D+00
 -2.497D-04 -5.237D-01
 -5.123D-05  3.480D+00
 -4.595D-04 -1.790D+00
 -5.948D-05  3.416D+00
 -8.416D-04 -2.213D+00
 -6.891D-05  3.344D+00
 -1.504D-03 -1.610D+00
 -7.993D-05  3.257D+00
 -3.225D-03 -9.762D-01
 -9.338D-05  3.147D+00
 -9.894D-07  7.812D-01
 -3.558D-07  3.768D+00
 -3.565D-07  1.117D+00
 -1.910D-06  4.170D+00
 -6.317D-07  4.700D+00
 -5.030D-06  3.769D+00
 -1.777D-06  4.150D+00
 -8.954D-06  3.722D+00
 -3.538D-06  3.759D+00
 -1.338D-05  3.785D+00
 -5.718D-06  3.593D+00
 -1.785D-05  3.925D+00
 -8.332D-06  3.500D+00
 -2.173D-05  4.152D+00
 -1.139D-05  3.439D+00
 -2.408D-05  4.514D+00
 -1.492D-05  3.394D+00
 -2.680D-05  4.738D+00
 -1.892D-05  3.356D+00
 -3.152D-05  4.678D+00
 -2.343D-05  3.323D+00
 -3.626D-05  4.581D+00
 -2.847D-05  3.292D+00
 -4.528D-05  4.152D+00
 -3.407D-05  3.261D+00
 -5.962D-05  3.511D+00
 -4.028D-05  3.229D+00
 -8.120D-05  2.669D+00
 -4.714D-05  3.195D+00
 -1.235D-04  1.465D+00
 -5.472D-05  3.158D+00
 -2.124D-04  3.335D-02
 -6.313D-05  3.118D+00
 -3.976D-04 -1.477D+00
 -7.249D-05  3.072D+00
 -7.771D-04 -2.447D+00
 -8.302D-05  3.019D+00
 -1.399D-03 -1.724D+00
 -9.507D-05  2.955D+00
 -3.054D-03 -1.079D+00
 -1.094D-04  2.873D+00
 -7.064D-07 -1.188D+00
 -6.803D-07 -1.183D+00
 -1.044D-06  4.179D+00
 -3.481D-07  4.631D+00
 -4.075D-06  3.408D+00
 -1.414D-06  3.879D+00
 -8.235D-06  3.297D+00
 -3.169D-06  3.427D+00
 -1.332D-05  3.305D+00
 -5.392D-06  3.260D+00
 -1.903D-05  3.368D+00
 -8.096D-06  3.174D+00
 -2.494D-05  3.477D+00
 -1.129D-05  3.121D+00
 -3.046D-05  3.639D+00
 -1.499D-05  3.083D+00
 -3.478D-05  3.876D+00
 -1.920D-05  3.053D+00
 -3.671D-05  4.238D+00
 -2.395D-05  3.027D+00
 -3.538D-05  4.768D+00
 -2.925D-05  3.004D+00
 -4.089D-05  4.650D+00
 -3.513D-05  2.981D+00
 -4.579D-05  4.526D+00
 -4.161D-05  2.958D+00
 -5.547D-05  4.063D+00
 -4.873D-05  2.934D+00
 -7.595D-05  3.220D+00
 -5.654D-05  2.909D+00
 -1.103D-04  2.154D+00
 -6.510D-05  2.881D+00
 -1.814D-04  7.369D-01
 -7.450D-05  2.849D+00
 -3.375D-04 -8.670D-01
 -8.485D-05  2.814D+00
 -6.860D-04 -2.239D+00
 -9.635D-05  2.773D+00
 -1.298D-03 -1.848D+00
 -1.093D-04  2.723D+00
 -2.889D-03 -1.191D+00
 -1.245D-04  2.659D+00
 -8.747D-07  7.785D-01
 -2.988D-07  4.725D+00
 -2.220D-07  2.753D+00
 -2.817D-06  3.214D+00
 -9.360D-07  3.859D+00
 -6.836D-06  3.016D+00
 -2.604D-06  3.209D+00
 -1.209D-05  2.986D+00
 -4.780D-06  3.019D+00
 -1.836D-05  3.010D+00
 -7.476D-06  2.931D+00
 -2.535D-05  3.069D+00
 -1.070D-05  2.880D+00
 -3.265D-05  3.158D+00
 -1.446D-05  2.846D+00
 -3.970D-05  3.284D+00
 -1.877D-05  2.820D+00
 -4.577D-05  3.460D+00
 -2.364D-05  2.799D+00
 -4.981D-05  3.713D+00
 -2.908D-05  2.780D+00
 -5.030D-05  4.098D+00
 -3.511D-05  2.762D+00
 -4.481D-05  4.760D+00
 -4.176D-05  2.745D+00
 -5.034D-05  4.628D+00
 -4.904D-05  2.727D+00
 -5.709D-05  4.372D+00
 -5.700D-05  2.708D+00
 -6.982D-05  3.787D+00
 -6.567D-05  2.687D+00
 -9.580D-05  2.786D+00
 -7.511D-05  2.665D+00
 -1.532D-04  1.341D+00
 -8.539D-05  2.640D+00
 -2.862D-04 -3.846D-01
 -9.663D-05  2.611D+00
 -5.946D-04 -1.928D+00
 -1.090D-04  2.578D+00
 -1.203D-03 -1.973D+00
 -1.228D-04  2.538D+00
 -2.720D-03 -1.271D+00
 -1.386D-04  2.485D+00
 -5.510D-07 -1.421D+00
 -5.307D-07 -1.414D+00
 -1.535D-06  3.227D+00
 -4.261D-07  4.422D+00
 -5.144D-06  2.826D+00
 -1.950D-06  3.086D+00
 -1.021D-05  2.757D+00
 -4.006D-06  2.842D+00
 -1.658D-05  2.756D+00
 -6.614D-06  2.743D+00
 -2.404D-05  2.786D+00
 -9.781D-06  2.691D+00
 -3.229D-05  2.839D+00
 -1.351D-05  2.658D+00
 -4.094D-05  2.915D+00
 -1.782D-05  2.634D+00
 -4.946D-05  3.018D+00
 -2.271D-05  2.616D+00
 -5.715D-05  3.157D+00
 -2.820D-05  2.600D+00
 -6.307D-05  3.349D+00
 -3.429D-05  2.585D+00
 -6.587D-05  3.625D+00
 -4.100D-05  2.571D+00
 -6.348D-05  4.059D+00
 -4.836D-05  2.556D+00
 -5.521D-05  4.703D+00
 -5.638D-05  2.542D+00
 -5.865D-05  4.630D+00
 -6.509D-05  2.526D+00
 -6.957D-05  4.146D+00
 -7.454D-05  2.509D+00
 -9.138D-05  3.280D+00
 -8.476D-05  2.491D+00
 -1.369D-04  1.991D+00
 -9.584D-05  2.470D+00
 -2.457D-04  2.231D-01
 -1.079D-04  2.446D+00
 -5.191D-04 -1.727D+00
 -1.210D-04  2.418D+00
 -1.111D-03 -2.116D+00
 -1.355D-04  2.384D+00
 -2.557D-03 -1.352D+00
 -1.520D-04  2.341D+00
 -7.773D-07  7.755D-01
 -4.070D-07  4.169D+00
 -1.628D-07  4.057D+00
 -3.425D-06  2.716D+00
 -1.281D-06  3.081D+00
 -8.048D-06  2.589D+00
 -3.160D-06  2.715D+00
 -1.419D-05  2.566D+00
 -5.617D-06  2.595D+00
 -2.168D-05  2.577D+00
 -8.659D-06  2.538D+00
 -3.032D-05  2.608D+00
 -1.229D-05  2.504D+00
 -3.981D-05  2.655D+00
 -1.652D-05  2.481D+00
 -4.977D-05  2.720D+00
 -2.135D-05  2.464D+00
 -5.969D-05  2.807D+00
 -2.679D-05  2.450D+00
 -6.893D-05  2.921D+00
 -3.286D-05  2.437D+00
 -7.657D-05  3.075D+00
 -3.955D-05  2.425D+00
 -8.140D-05  3.288D+00
 -4.690D-05  2.414D+00
 -8.162D-05  3.603D+00
 -5.491D-05  2.402D+00
 -7.434D-05  4.122D+00
 -6.360D-05  2.389D+00
 -6.600D-05  4.615D+00
 -7.300D-05  2.376D+00
 -6.799D-05  4.528D+00
 -8.314D-05  2.362D+00
 -8.273D-05  3.838D+00
 -9.407D-05  2.346D+00
 -1.196D-04  2.595D+00
 -1.059D-04  2.328D+00
 -2.100D-04  8.452D-01
 -1.186D-04  2.307D+00
 -4.457D-04 -1.218D+00
 -1.324D-04  2.284D+00
 -1.024D-03 -2.284D+00
 -1.475D-04  2.255D+00
 -2.401D-03 -1.439D+00
 -1.645D-04  2.217D+00
 -4.262D-07 -1.644D+00
 -4.107D-07 -1.638D+00
 -1.865D-06  2.727D+00
 -6.544D-07  3.349D+00
 -5.861D-06  2.467D+00
 -2.313D-06  2.640D+00
 -1.152D-05  2.418D+00
 -4.569D-06  2.480D+00
 -1.874D-05  2.414D+00
 -7.430D-06  2.413D+00
 -2.736D-05  2.430D+00
 -1.090D-05  2.376D+00
 -3.715D-05  2.460D+00
 -1.499D-05  2.353D+00
 -4.785D-05  2.503D+00
 -1.969D-05  2.337D+00
 -5.907D-05  2.560D+00
 -2.502D-05  2.324D+00
 -7.034D-05  2.634D+00
 -3.099D-05  2.312D+00
 -8.103D-05  2.730D+00
 -3.759D-05  2.302D+00
 -9.030D-05  2.857D+00
 -4.485D-05  2.292D+00
 -9.699D-05  3.030D+00
 -5.278D-05  2.282D+00
 -9.947D-05  3.274D+00
 -6.138D-05  2.272D+00
 -9.527D-05  3.651D+00
 -7.068D-05  2.261D+00
 -8.002D-05  4.327D+00
 -8.070D-05  2.249D+00
 -7.500D-05  4.552D+00
 -9.148D-05  2.236D+00
 -8.364D-05  4.132D+00
 -1.030D-04  2.222D+00
 -1.113D-04  3.091D+00
 -1.154D-04  2.207D+00
 -1.798D-04  1.416D+00
 -1.288D-04  2.189D+00
 -3.805D-04 -7.183D-01
 -1.432D-04  2.168D+00
 -9.458D-04 -2.483D+00
 -1.588D-04  2.143D+00
 -2.250D-03 -1.531D+00
 -1.763D-04  2.111D+00
 -6.941D-07  7.724D-01
 -5.892D-07  3.243D+00
 -1.559D-07  4.605D+00
 -3.831D-06  2.394D+00
 -1.516D-06  2.639D+00
 -8.843D-06  2.302D+00
 -3.532D-06  2.395D+00
 -1.555D-05  2.284D+00
 -6.169D-06  2.310D+00
 -2.385D-05  2.289D+00
 -9.432D-06  2.269D+00
 -3.356D-05  2.307D+00
 -1.332D-05  2.244D+00
 -4.449D-05  2.335D+00
 -1.785D-05  2.228D+00
 -5.635D-05  2.374D+00
 -2.301D-05  2.215D+00
 -6.879D-05  2.424D+00
 -2.881D-05  2.204D+00
 -8.135D-05  2.489D+00
 -3.527D-05  2.195D+00
 -9.342D-05  2.571D+00
 -4.238D-05  2.186D+00
 -1.042D-04  2.679D+00
 -5.016D-05  2.178D+00
 -1.126D-04  2.822D+00
 -5.862D-05  2.169D+00
 -1.171D-04  3.020D+00
 -6.777D-05  2.160D+00
 -1.155D-04  3.312D+00
 -7.762D-05  2.150D+00
 -1.042D-04  3.791D+00
 -8.820D-05  2.140D+00
 -8.023D-05  4.633D+00
 -9.953D-05  2.128D+00
 -8.066D-05  4.513D+00
 -1.117D-04  2.116D+00
 -1.024D-04  3.597D+00
 -1.246D-04  2.102D+00
 -1.601D-04  2.024D+00
 -1.385D-04  2.086D+00
 -3.239D-04 -3.063D-01
 -1.534D-04  2.067D+00
 -8.417D-04 -2.334D+00
 -1.695D-04  2.045D+00
 -2.105D-03 -1.603D+00
 -1.873D-04  2.017D+00
 -3.271D-07 -1.894D+00
 -3.153D-07 -1.887D+00
 -2.087D-06  2.404D+00
 -8.081D-07  2.809D+00
 -6.323D-06  2.216D+00
 -2.555D-06  2.343D+00
 -1.236D-05  2.178D+00
 -4.934D-06  2.227D+00
 -2.011D-05  2.173D+00
 -7.950D-06  2.178D+00
 -2.946D-05  2.183D+00
 -1.161D-05  2.151D+00
 -4.025D-05  2.201D+00
 -1.591D-05  2.133D+00
 -5.227D-05  2.228D+00
 -2.085D-05  2.120D+00
 -6.526D-05  2.263D+00
 -2.645D-05  2.110D+00
 -7.886D-05  2.308D+00
 -3.270D-05  2.102D+00
 -9.265D-05  2.364D+00
 -3.962D-05  2.094D+00
 -1.060D-04  2.436D+00
 -4.720D-05  2.086D+00
 -1.182D-04  2.528D+00
 -5.546D-05  2.078D+00
 -1.283D-04  2.650D+00
 -6.441D-05  2.071D+00
 -1.347D-04  2.815D+00
 -7.405D-05  2.062D+00
 -1.354D-04  3.051D+00
 -8.440D-05  2.053D+00
 -1.272D-04  3.418D+00
 -9.548D-05  2.044D+00
 -1.045D-04  4.091D+00
 -1.073D-04  2.034D+00
 -8.914D-05  4.503D+00
 -1.199D-04  2.022D+00
 -9.839D-05  3.976D+00
 -1.334D-04  2.010D+00
 -1.399D-04  2.582D+00
 -1.477D-04  1.995D+00
 -2.809D-04  3.258D-01
 -1.630D-04  1.978D+00
 -7.354D-04 -2.044D+00
 -1.795D-04  1.958D+00
 -1.965D-03 -1.680D+00
 -1.977D-04  1.933D+00
 -6.224D-07  7.692D-01
 -7.133D-07  2.746D+00
 -2.119D-07  3.975D+00
 -4.089D-06  2.163D+00
 -1.673D-06  2.343D+00
 -9.331D-06  2.093D+00
 -3.769D-06  2.165D+00
 -1.639D-05  2.078D+00
 -6.510D-06  2.101D+00
 -2.516D-05  2.079D+00
 -9.899D-06  2.069D+00
 -3.555D-05  2.091D+00
 -1.394D-05  2.050D+00
 -4.738D-05  2.109D+00
 -1.863D-05  2.037D+00
 -6.045D-05  2.133D+00
 -2.398D-05  2.028D+00
 -7.452D-05  2.165D+00
 -2.999D-05  2.019D+00
 -8.923D-05  2.205D+00
 -3.667D-05  2.012D+00
 -1.042D-04  2.255D+00
 -4.401D-05  2.005D+00
 -1.188D-04  2.319D+00
 -5.203D-05  1.998D+00
 -1.324D-04  2.399D+00
 -6.073D-05  1.991D+00
 -1.439D-04  2.504D+00
 -7.012D-05  1.984D+00
 -1.520D-04  2.644D+00
 -8.021D-05  1.976D+00
 -1.548D-04  2.840D+00
 -9.100D-05  1.968D+00
 -1.494D-04  3.135D+00
 -1.025D-04  1.959D+00
 -1.309D-04  3.634D+00
 -1.148D-04  1.950D+00
 -9.442D-05  4.582D+00
 -1.278D-04  1.939D+00
 -9.723D-05  4.280D+00
 -1.417D-04  1.927D+00
 -1.311D-04  3.036D+00
 -1.564D-04  1.914D+00
 -2.415D-04  8.729D-01
 -1.721D-04  1.899D+00
 -6.464D-04 -1.841D+00
 -1.890D-04  1.881D+00
 -1.831D-03 -1.763D+00
 -2.073D-04  1.858D+00
 -2.493D-07 -2.206D+00
 -2.403D-07 -2.196D+00
 -2.229D-06  2.172D+00
 -9.130D-07  2.464D+00
 -6.595D-06  2.028D+00
 -2.707D-06  2.126D+00
 -1.284D-05  1.998D+00
 -5.151D-06  2.038D+00
 -2.089D-05  1.992D+00
 -8.249D-06  1.999D+00
 -3.067D-05  1.997D+00
 -1.200D-05  1.978D+00
 -4.206D-05  2.009D+00
 -1.641D-05  1.964D+00
 -5.489D-05  2.027D+00
 -2.148D-05  1.954D+00
 -6.898D-05  2.050D+00
 -2.722D-05  1.946D+00
 -8.407D-05  2.079D+00
 -3.361D-05  1.939D+00
 -9.984D-05  2.115D+00
 -4.068D-05  1.932D+00
 -1.159D-04  2.159D+00
 -4.842D-05  1.926D+00
 -1.317D-04  2.216D+00
 -5.684D-05  1.919D+00
 -1.465D-04  2.286D+00
 -6.594D-05  1.913D+00
 -1.594D-04  2.378D+00
 -7.574D-05  1.906D+00
 -1.691D-04  2.499D+00
 -8.623D-05  1.899D+00
 -1.739D-04  2.666D+00
 -9.743D-05  1.891D+00
 -1.709D-04  2.909D+00
 -1.093D-04  1.883D+00
 -1.558D-04  3.302D+00
 -1.220D-04  1.874D+00
 -1.205D-04  4.074D+00
 -1.354D-04  1.864D+00
 -9.848D-05  4.482D+00
 -1.496D-04  1.853D+00
 -1.203D-04  3.513D+00
 -1.647D-04  1.841D+00
 -2.094D-04  1.404D+00
 -1.807D-04  1.827D+00
 -5.634D-04 -1.530D+00
 -1.978D-04  1.810D+00
 -1.704D-03 -1.850D+00
 -2.164D-04  1.789D+00
 -5.604D-07  7.658D-01
 -7.979D-07  2.421D+00
 -2.910D-07  3.169D+00
 -4.236D-06  1.987D+00
 -1.772D-06  2.127D+00
 -9.590D-06  1.931D+00
 -3.904D-06  1.989D+00
 -1.682D-05  1.918D+00
 -6.692D-06  1.939D+00
 -2.585D-05  1.918D+00
 -1.014D-05  1.914D+00
 -3.660D-05  1.925D+00
 -1.424D-05  1.898D+00
 -4.895D-05  1.937D+00
 -1.901D-05  1.888D+00
 -6.275D-05  1.953D+00
 -2.444D-05  1.880D+00
 -7.780D-05  1.974D+00
 -3.053D-05  1.873D+00
 -9.386D-05  2.001D+00
 -3.730D-05  1.866D+00
 -1.106D-04  2.033D+00
 -4.473D-05  1.861D+00
 -1.277D-04  2.074D+00
 -5.284D-05  1.855D+00
 -1.446D-04  2.124D+00
 -6.163D-05  1.849D+00
 -1.606D-04  2.187D+00
 -7.109D-05  1.843D+00
 -1.748D-04  2.267D+00
 -8.125D-05  1.836D+00
 -1.860D-04  2.373D+00
 -9.210D-05  1.830D+00
 -1.926D-04  2.517D+00
 -1.037D-04  1.822D+00
 -1.918D-04  2.723D+00
 -1.159D-04  1.815D+00
 -1.798D-04  3.043D+00
 -1.289D-04  1.806D+00
 -1.494D-04  3.624D+00
 -1.427D-04  1.797D+00
 -1.078D-04  4.457D+00
 -1.572D-04  1.786D+00
 -1.144D-04  3.883D+00
 -1.726D-04  1.775D+00
 -1.868D-04  1.956D+00
 -1.888D-04  1.762D+00
 -4.860D-04 -1.042D+00
 -2.061D-04  1.746D+00
 -1.585D-03 -1.932D+00
 -2.248D-04  1.727D+00
 -1.802D-07 -2.072D+00
 -1.743D-07 -2.089D+00
 -2.311D-06  1.994D+00
 -9.820D-07  2.217D+00
 -6.725D-06  1.880D+00
 -2.791D-06  1.959D+00
 -1.305D-05  1.854D+00
 -5.257D-06  1.888D+00
 -2.124D-05  1.849D+00
 -8.381D-06  1.857D+00
 -3.123D-05  1.852D+00
 -1.216D-05  1.840D+00
 -4.291D-05  1.860D+00
 -1.661D-05  1.828D+00
 -5.619D-05  1.871D+00
 -2.172D-05  1.820D+00
 -7.090D-05  1.887D+00
 -2.749D-05  1.813D+00
 -8.687D-05  1.906D+00
 -3.392D-05  1.807D+00
 -1.039D-04  1.930D+00
 -4.103D-05  1.801D+00
 -1.216D-04  1.960D+00
 -4.880D-05  1.796D+00
 -1.396D-04  1.996D+00
 -5.724D-05  1.790D+00
 -1.575D-04  2.041D+00
 -6.636D-05  1.785D+00
 -1.746D-04  2.098D+00
 -7.616D-05  1.779D+00
 -1.900D-04  2.169D+00
 -8.665D-05  1.773D+00
 -2.027D-04  2.262D+00
 -9.782D-05  1.766D+00
 -2.108D-04  2.388D+00
 -1.097D-04  1.759D+00
 -2.121D-04  2.565D+00
 -1.223D-04  1.752D+00
 -2.028D-04  2.833D+00
 -1.355D-04  1.744D+00
 -1.765D-04  3.294D+00
 -1.496D-04  1.735D+00
 -1.195D-04  4.354D+00
 -1.643D-04  1.725D+00
 -1.133D-04  4.156D+00
 -1.799D-04  1.714D+00
 -1.638D-04  2.470D+00
 -1.964D-04  1.701D+00
 -4.200D-04 -6.416D-01
 -2.139D-04  1.687D+00
 -1.471D-03 -2.023D+00
 -2.327D-04  1.669D+00
 -5.064D-07  7.622D-01
 -8.532D-07  2.186D+00
 -3.458D-07  2.709D+00
 -4.300D-06  1.847D+00
 -1.828D-06  1.959D+00
 -9.677D-06  1.801D+00
 -3.963D-06  1.849D+00
 -1.695D-05  1.789D+00
 -6.756D-06  1.808D+00
 -2.608D-05  1.788D+00
 -1.021D-05  1.787D+00
 -3.698D-05  1.792D+00
 -1.431D-05  1.774D+00
 -4.956D-05  1.800D+00
 -1.908D-05  1.765D+00
 -6.372D-05  1.811D+00
 -2.451D-05  1.759D+00
 -7.930D-05  1.826D+00
 -3.060D-05  1.753D+00
 -9.613D-05  1.844D+00
 -3.736D-05  1.747D+00
 -1.140D-04  1.866D+00
 -4.478D-05  1.742D+00
 -1.326D-04  1.893D+00
 -5.287D-05  1.737D+00
 -1.515D-04  1.926D+00
 -6.162D-05  1.732D+00
 -1.703D-04  1.967D+00
 -7.104D-05  1.726D+00
 -1.885D-04  2.017D+00
 -8.114D-05  1.721D+00
 -2.050D-04  2.081D+00
 -9.191D-05  1.715D+00
 -2.189D-04  2.164D+00
 -1.034D-04  1.708D+00
 -2.286D-04  2.275D+00
 -1.155D-04  1.702D+00
 -2.318D-04  2.429D+00
 -1.283D-04  1.694D+00
 -2.249D-04  2.658D+00
 -1.419D-04  1.686D+00
 -2.022D-04  3.037D+00
 -1.561D-04  1.678D+00
 -1.522D-04  3.815D+00
 -1.711D-04  1.668D+00
 -1.103D-04  4.436D+00
 -1.869D-04  1.658D+00
 -1.527D-04  2.894D+00
 -2.035D-04  1.646D+00
 -3.629D-04 -2.152D-01
 -2.211D-04  1.632D+00
 -1.362D-03 -2.123D+00
 -2.400D-04  1.615D+00
 -1.237D-07 -1.557D+00
 -1.196D-07 -1.587D+00
 -2.349D-06  1.853D+00
 -1.024D-06  2.030D+00
 -6.750D-06  1.759D+00
 -2.825D-06  1.824D+00
 -1.307D-05  1.737D+00
 -5.280D-06  1.766D+00
 -2.126D-05  1.732D+00
 -8.389D-06  1.740D+00
 -3.129D-05  1.733D+00
 -1.215D-05  1.726D+00
 -4.306D-05  1.738D+00
 -1.657D-05  1.716D+00
 -5.651D-05  1.746D+00
 -2.165D-05  1.709D+00
 -7.150D-05  1.757D+00
 -2.739D-05  1.703D+00
 -8.791D-05  1.770D+00
 -3.378D-05  1.697D+00
 -1.056D-04  1.787D+00
 -4.083D-05  1.693D+00
 -1.242D-04  1.807D+00
 -4.854D-05  1.688D+00
 -1.436D-04  1.832D+00
 -5.692D-05  1.683D+00
 -1.634D-04  1.862D+00
 -6.595D-05  1.678D+00
 -1.831D-04  1.898D+00
 -7.565D-05  1.673D+00
 -2.022D-04  1.944D+00
 -8.601D-05  1.667D+00
 -2.198D-04  2.002D+00
 -9.704D-05  1.661D+00
 -2.349D-04  2.076D+00
 -1.087D-04  1.655D+00
 -2.460D-04  2.174D+00
 -1.211D-04  1.648D+00
 -2.509D-04  2.310D+00
 -1.342D-04  1.641D+00
 -2.463D-04  2.508D+00
 -1.479D-04  1.634D+00
 -2.267D-04  2.827D+00
 -1.624D-04  1.625D+00
 -1.821D-04  3.438D+00
 -1.775D-04  1.616D+00
 -1.216D-04  4.369D+00
 -1.935D-04  1.606D+00
 -1.410D-04  3.325D+00
 -2.102D-04  1.594D+00
 -3.167D-04  3.232D-01
 -2.279D-04  1.581D+00
 -1.261D-03 -2.233D+00
 -2.467D-04  1.565D+00
 -4.592D-07  7.584D-01
 -8.862D-07  2.005D+00
 -3.836D-07  2.399D+00
 -4.303D-06  1.731D+00
 -1.851D-06  1.824D+00
 -9.638D-06  1.693D+00
 -3.966D-06  1.733D+00
 -1.687D-05  1.682D+00
 -6.730D-06  1.699D+00
 -2.595D-05  1.680D+00
 -1.015D-05  1.681D+00
 -3.684D-05  1.683D+00
 -1.421D-05  1.671D+00
 -4.945D-05  1.688D+00
 -1.893D-05  1.663D+00
 -6.371D-05  1.696D+00
 -2.430D-05  1.657D+00
 -7.950D-05  1.706D+00
 -3.032D-05  1.652D+00
 -9.668D-05  1.718D+00
 -3.700D-05  1.647D+00
 -1.151D-04  1.734D+00
 -4.433D-05  1.642D+00
 -1.345D-04  1.752D+00
 -5.231D-05  1.637D+00
 -1.547D-04  1.775D+00
 -6.094D-05  1.633D+00
 -1.752D-04  1.802D+00
 -7.023D-05  1.628D+00
 -1.957D-04  1.836D+00
 -8.017D-05  1.623D+00
 -2.157D-04  1.877D+00
 -9.077D-05  1.617D+00
 -2.342D-04  1.929D+00
 -1.020D-04  1.611D+00
 -2.504D-04  1.996D+00
 -1.139D-04  1.605D+00
 -2.628D-04  2.084D+00
 -1.265D-04  1.599D+00
 -2.693D-04  2.204D+00
 -1.397D-04  1.592D+00
 -2.668D-04  2.378D+00
 -1.537D-04  1.584D+00
 -2.501D-04  2.651D+00
 -1.683D-04  1.576D+00
 -2.100D-04  3.150D+00
 -1.836D-04  1.567D+00
 -1.246D-04  4.482D+00
 -1.996D-04  1.557D+00
 -1.299D-04  3.735D+00
 -2.164D-04  1.546D+00
 -2.750D-04  7.983D-01
 -2.341D-04  1.534D+00
 -1.168D-03 -2.355D+00
 -2.529D-04  1.518D+00
 -8.245D-08 -4.925D-01
 -7.977D-08 -5.135D-01
 -2.352D-06  1.736D+00
 -1.045D-06  1.881D+00
 -6.696D-06  1.657D+00
 -2.821D-06  1.712D+00
 -1.294D-05  1.638D+00
 -5.240D-06  1.664D+00
 -2.105D-05  1.633D+00
 -8.305D-06  1.642D+00
 -3.099D-05  1.633D+00
 -1.201D-05  1.629D+00
 -4.270D-05  1.636D+00
 -1.637D-05  1.621D+00
 -5.611D-05  1.642D+00
 -2.137D-05  1.614D+00
 -7.113D-05  1.649D+00
 -2.702D-05  1.609D+00
 -8.767D-05  1.659D+00
 -3.331D-05  1.604D+00
 -1.056D-04  1.670D+00
 -4.024D-05  1.600D+00
 -1.247D-04  1.684D+00
 -4.782D-05  1.595D+00
 -1.448D-04  1.701D+00
 -5.605D-05  1.591D+00
 -1.657D-04  1.722D+00
 -6.492D-05  1.586D+00
 -1.869D-04  1.747D+00
 -7.444D-05  1.581D+00
 -2.082D-04  1.778D+00
 -8.460D-05  1.576D+00
 -2.289D-04  1.815D+00
 -9.540D-05  1.571D+00
 -2.484D-04  1.862D+00
 -1.069D-04  1.565D+00
 -2.656D-04  1.923D+00
 -1.189D-04  1.559D+00
 -2.792D-04  2.002D+00
 -1.317D-04  1.553D+00
 -2.872D-04  2.110D+00
 -1.451D-04  1.546D+00
 -2.865D-04  2.264D+00
 -1.591D-04  1.538D+00
 -2.725D-04  2.501D+00
 -1.738D-04  1.530D+00
 -2.364D-04  2.919D+00
 -1.892D-04  1.521D+00
 -1.595D-04  3.909D+00
 -2.053D-04  1.512D+00
 -1.301D-04  3.954D+00
 -2.222D-04  1.501D+00
 -2.403D-04  1.271D+00
 -2.399D-04  1.489D+00
 -1.080D-03 -2.496D+00
 -2.587D-04  1.474D+00
 -4.178D-07  7.545D-01
 -9.024D-07  1.861D+00
 -4.086D-07  2.170D+00
 -4.258D-06  1.634D+00
 -1.849D-06  1.712D+00
 -9.504D-06  1.601D+00
 -3.925D-06  1.635D+00
 -1.662D-05  1.591D+00
 -6.640D-06  1.606D+00
 -2.558D-05  1.589D+00
 -9.992D-06  1.591D+00
 -3.633D-05  1.590D+00
 -1.398D-05  1.582D+00
 -4.882D-05  1.594D+00
 -1.861D-05  1.575D+00
 -6.299D-05  1.599D+00
 -2.388D-05  1.569D+00
 -7.874D-05  1.606D+00
 -2.978D-05  1.565D+00
 -9.597D-05  1.615D+00
 -3.632D-05  1.560D+00
 -1.146D-04  1.625D+00
 -4.350D-05  1.556D+00
 -1.343D-04  1.638D+00
 -5.132D-05  1.552D+00
 -1.551D-04  1.654D+00
 -5.977D-05  1.547D+00
 -1.766D-04  1.673D+00
 -6.885D-05  1.543D+00
 -1.985D-04  1.696D+00
 -7.857D-05  1.538D+00
 -2.205D-04  1.723D+00
 -8.892D-05  1.533D+00
 -2.419D-04  1.758D+00
 -9.991D-05  1.527D+00
 -2.622D-04  1.801D+00
 -1.115D-04  1.522D+00
 -2.803D-04  1.856D+00
 -1.238D-04  1.516D+00
 -2.950D-04  1.927D+00
 -1.366D-04  1.509D+00
 -3.043D-04  2.024D+00
 -1.502D-04  1.502D+00
 -3.055D-04  2.161D+00
 -1.643D-04  1.495D+00
 -2.938D-04  2.370D+00
 -1.791D-04  1.487D+00
 -2.613D-04  2.727D+00
 -1.946D-04  1.478D+00
 -1.914D-04  3.506D+00
 -2.107D-04  1.469D+00
 -1.234D-04  4.282D+00
 -2.276D-04  1.458D+00
 -2.161D-04  1.758D+00
 -2.453D-04  1.446D+00
 -9.804D-04 -2.477D+00
 -2.639D-04  1.432D+00
 -5.606D-08  6.090D-01
 -5.420D-08  5.831D-01
 -2.330D-06  1.637D+00
 -1.051D-06  1.759D+00
 -6.583D-06  1.570D+00
 -2.788D-06  1.617D+00
 -1.270D-05  1.553D+00
 -5.155D-06  1.575D+00
 -2.066D-05  1.548D+00
 -8.153D-06  1.557D+00
 -3.042D-05  1.548D+00
 -1.178D-05  1.546D+00
 -4.195D-05  1.550D+00
 -1.604D-05  1.538D+00
 -5.519D-05  1.553D+00
 -2.093D-05  1.533D+00
 -7.006D-05  1.558D+00
 -2.644D-05  1.528D+00
 -8.649D-05  1.565D+00
 -3.259D-05  1.523D+00
 -1.044D-04  1.573D+00
 -3.937D-05  1.519D+00
 -1.236D-04  1.583D+00
 -4.677D-05  1.515D+00
 -1.440D-04  1.595D+00
 -5.479D-05  1.511D+00
 -1.653D-04  1.609D+00
 -6.345D-05  1.506D+00
 -1.874D-04  1.627D+00
 -7.272D-05  1.502D+00
 -2.099D-04  1.647D+00
 -8.262D-05  1.497D+00
 -2.325D-04  1.673D+00
 -9.314D-05  1.492D+00
 -2.546D-04  1.704D+00
 -1.043D-04  1.486D+00
 -2.756D-04  1.744D+00
 -1.160D-04  1.481D+00
 -2.946D-04  1.794D+00
 -1.284D-04  1.475D+00
 -3.103D-04  1.859D+00
 -1.414D-04  1.468D+00
 -3.209D-04  1.946D+00
 -1.550D-04  1.461D+00
 -3.236D-04  2.069D+00
 -1.692D-04  1.454D+00
 -3.142D-04  2.255D+00
 -1.841D-04  1.446D+00
 -2.850D-04  2.564D+00
 -1.996D-04  1.437D+00
 -2.208D-04  3.202D+00
 -2.157D-04  1.428D+00
 -1.320D-04  4.272D+00
 -2.326D-04  1.418D+00
 -1.919D-04  2.213D+00
 -2.502D-04  1.406D+00
 -8.718D-04 -2.223D+00
 -2.687D-04  1.392D+00
 -3.812D-07  7.505D-01
 -9.057D-07  1.741D+00
 -4.238D-07  1.992D+00
 -4.180D-06  1.549D+00
 -1.829D-06  1.616D+00
 -9.302D-06  1.521D+00
 -3.854D-06  1.551D+00
 -1.626D-05  1.512D+00
 -6.501D-06  1.526D+00
 -2.502D-05  1.509D+00
 -9.770D-06  1.512D+00
 -3.555D-05  1.510D+00
 -1.366D-05  1.504D+00
 -4.782D-05  1.512D+00
 -1.817D-05  1.498D+00
 -6.175D-05  1.516D+00
 -2.330D-05  1.493D+00
 -7.730D-05  1.520D+00
 -2.906D-05  1.489D+00
 -9.436D-05  1.526D+00
 -3.543D-05  1.485D+00
 -1.128D-04  1.534D+00
 -4.242D-05  1.481D+00
 -1.326D-04  1.543D+00
 -5.002D-05  1.476D+00
 -1.536D-04  1.554D+00
 -5.824D-05  1.472D+00
 -1.755D-04  1.567D+00
 -6.707D-05  1.468D+00
 -1.981D-04  1.583D+00
 -7.652D-05  1.463D+00
 -2.212D-04  1.602D+00
 -8.657D-05  1.458D+00
 -2.443D-04  1.626D+00
 -9.723D-05  1.453D+00
 -2.670D-04  1.654D+00
 -1.085D-04  1.448D+00
 -2.887D-04  1.690D+00
 -1.204D-04  1.442D+00
 -3.084D-04  1.736D+00
 -1.328D-04  1.436D+00
 -3.250D-04  1.795D+00
 -1.459D-04  1.429D+00
 -3.367D-04  1.875D+00
 -1.596D-04  1.422D+00
 -3.410D-04  1.986D+00
 -1.739D-04  1.415D+00
 -3.336D-04  2.151D+00
 -1.887D-04  1.407D+00
 -3.074D-04  2.423D+00
 -2.042D-04  1.398D+00
 -2.483D-04  2.960D+00
 -2.204D-04  1.389D+00
 -1.385D-04  4.298D+00
 -2.372D-04  1.379D+00
 -1.749D-04  2.621D+00
 -2.547D-04  1.368D+00
 -7.768D-04 -2.025D+00
 -2.731D-04  1.354D+00
 -3.929D-08  1.701D+00
 -3.791D-08  1.677D+00
 -2.290D-06  1.552D+00
 -1.045D-06  1.655D+00
 -6.429D-06  1.493D+00
 -2.734D-06  1.534D+00
 -1.239D-05  1.479D+00
 -5.037D-06  1.499D+00
 -2.014D-05  1.474D+00
 -7.952D-06  1.482D+00
 -2.967D-05  1.473D+00
 -1.148D-05  1.472D+00
 -4.094D-05  1.474D+00
 -1.562D-05  1.466D+00
 -5.389D-05  1.476D+00
 -2.037D-05  1.461D+00
 -6.849D-05  1.480D+00
 -2.573D-05  1.456D+00
 -8.465D-05  1.484D+00
 -3.170D-05  1.452D+00
 -1.023D-04  1.490D+00
 -3.828D-05  1.448D+00
 -1.214D-04  1.497D+00
 -4.547D-05  1.444D+00
 -1.417D-04  1.505D+00
 -5.326D-05  1.440D+00
 -1.631D-04  1.515D+00
 -6.165D-05  1.436D+00
 -1.855D-04  1.527D+00
 -7.065D-05  1.431D+00
 -2.086D-04  1.542D+00
 -8.024D-05  1.427D+00
 -2.322D-04  1.559D+00
 -9.043D-05  1.422D+00
 -2.558D-04  1.581D+00
 -1.012D-04  1.417D+00
 -2.791D-04  1.607D+00
 -1.126D-04  1.411D+00
 -3.013D-04  1.640D+00
 -1.245D-04  1.405D+00
 -3.217D-04  1.682D+00
 -1.371D-04  1.399D+00
 -3.392D-04  1.736D+00
 -1.502D-04  1.392D+00
 -3.519D-04  1.809D+00
 -1.639D-04  1.385D+00
 -3.576D-04  1.910D+00
 -1.782D-04  1.378D+00
 -3.521D-04  2.058D+00
 -1.931D-04  1.370D+00
 -3.287D-04  2.299D+00
 -2.086D-04  1.362D+00
 -2.740D-04  2.759D+00
 -2.247D-04  1.352D+00
 -1.539D-04  4.130D+00
 -2.414D-04  1.342D+00
 -1.640D-04  2.989D+00
 -2.588D-04  1.331D+00
 -6.913D-04 -1.869D+00
 -2.771D-04  1.318D+00
 -3.487D-07  7.463D-01
 -8.993D-07  1.640D+00
 -4.315D-07  1.848D+00
 -4.077D-06  1.475D+00
 -1.795D-06  1.533D+00
 -9.051D-06  1.450D+00
 -3.759D-06  1.477D+00
 -1.581D-05  1.442D+00
 -6.328D-06  1.455D+00
 -2.433D-05  1.439D+00
 -9.499D-06  1.443D+00
 -3.459D-05  1.439D+00
 -1.327D-05  1.436D+00
 -4.654D-05  1.440D+00
 -1.765D-05  1.430D+00
 -6.015D-05  1.443D+00
 -2.262D-05  1.425D+00
 -7.536D-05  1.446D+00
 -2.820D-05  1.421D+00
 -9.211D-05  1.450D+00
 -3.437D-05  1.417D+00
 -1.103D-04  1.455D+00
 -4.114D-05  1.413D+00
 -1.299D-04  1.462D+00
 -4.851D-05  1.409D+00
 -1.507D-04  1.469D+00
 -5.647D-05  1.405D+00
 -1.726D-04  1.478D+00
 -6.502D-05  1.401D+00
 -1.954D-04  1.489D+00
 -7.415D-05  1.397D+00
 -2.190D-04  1.503D+00
 -8.387D-05  1.392D+00
 -2.429D-04  1.519D+00
 -9.418D-05  1.387D+00
 -2.670D-04  1.539D+00
 -1.051D-04  1.382D+00
 -2.907D-04  1.563D+00
 -1.165D-04  1.376D+00
 -3.135D-04  1.593D+00
 -1.285D-04  1.370D+00
 -3.346D-04  1.631D+00
 -1.411D-04  1.364D+00
 -3.527D-04  1.681D+00
 -1.543D-04  1.357D+00
 -3.665D-04  1.747D+00
 -1.680D-04  1.350D+00
 -3.734D-04  1.839D+00
 -1.823D-04  1.343D+00
 -3.697D-04  1.974D+00
 -1.972D-04  1.335D+00
 -3.488D-04  2.189D+00
 -2.126D-04  1.326D+00
 -2.983D-04  2.589D+00
 -2.286D-04  1.317D+00
 -1.878D-04  3.663D+00
 -2.453D-04  1.307D+00
 -1.489D-04  3.399D+00
 -2.626D-04  1.296D+00
 -6.108D-04 -1.586D+00
 -2.807D-04  1.283D+00
 -2.894D-08  2.720D+00
 -2.785D-08  2.702D+00
 -2.235D-06  1.477D+00
 -1.029D-06  1.566D+00
 -6.245D-06  1.426D+00
 -2.666D-06  1.462D+00
 -1.202D-05  1.413D+00
 -4.895D-06  1.430D+00
 -1.954D-05  1.408D+00
 -7.717D-06  1.416D+00
 -2.879D-05  1.407D+00
 -1.113D-05  1.407D+00
 -3.973D-05  1.407D+00
 -1.514D-05  1.401D+00
 -5.234D-05  1.409D+00
 -1.973D-05  1.396D+00
 -6.656D-05  1.411D+00
 -2.492D-05  1.392D+00
 -8.234D-05  1.414D+00
 -3.070D-05  1.388D+00
 -9.963D-05  1.418D+00
 -3.706D-05  1.384D+00
 -1.183D-04  1.422D+00
 -4.400D-05  1.381D+00
 -1.384D-04  1.428D+00
 -5.153D-05  1.377D+00
 -1.596D-04  1.435D+00
 -5.964D-05  1.372D+00
 -1.819D-04  1.443D+00
 -6.833D-05  1.368D+00
 -2.052D-04  1.453D+00
 -7.758D-05  1.364D+00
 -2.291D-04  1.466D+00
 -8.742D-05  1.359D+00
 -2.535D-04  1.480D+00
 -9.781D-05  1.354D+00
 -2.779D-04  1.498D+00
 -1.088D-04  1.348D+00
 -3.021D-04  1.521D+00
 -1.203D-04  1.343D+00
 -3.253D-04  1.548D+00
 -1.324D-04  1.337D+00
 -3.469D-04  1.584D+00
 -1.450D-04  1.330D+00
 -3.658D-04  1.629D+00
 -1.582D-04  1.324D+00
 -3.804D-04  1.690D+00
 -1.719D-04  1.317D+00
 -3.884D-04  1.774D+00
 -1.862D-04  1.309D+00
 -3.863D-04  1.897D+00
 -2.010D-04  1.301D+00
 -3.678D-04  2.090D+00
 -2.164D-04  1.292D+00
 -3.211D-04  2.442D+00
 -2.323D-04  1.283D+00
 -2.185D-04  3.321D+00
 -2.488D-04  1.273D+00
 -1.446D-04  3.651D+00
 -2.659D-04  1.262D+00
 -5.399D-04 -1.208D+00
 -2.839D-04  1.250D+00
 -3.199D-07  7.419D-01
 -8.855D-07  1.552D+00
 -4.333D-07  1.728D+00
 -3.957D-06  1.409D+00
 -1.750D-06  1.460D+00
 -8.766D-06  1.387D+00
 -3.649D-06  1.410D+00
 -1.530D-05  1.380D+00
 -6.131D-06  1.391D+00
 -2.355D-05  1.377D+00
 -9.194D-06  1.381D+00
 -3.349D-05  1.376D+00
 -1.284D-05  1.374D+00
 -4.508D-05  1.377D+00
 -1.707D-05  1.369D+00
 -5.830D-05  1.378D+00
 -2.187D-05  1.365D+00
 -7.309D-05  1.380D+00
 -2.725D-05  1.361D+00
 -8.941D-05  1.383D+00
 -3.321D-05  1.357D+00
 -1.072D-04  1.386D+00
 -3.975D-05  1.353D+00
 -1.264D-04  1.391D+00
 -4.685D-05  1.349D+00
 -1.468D-04  1.396D+00
 -5.453D-05  1.345D+00
 -1.685D-04  1.402D+00
 -6.277D-05  1.341D+00
 -1.912D-04  1.410D+00
 -7.157D-05  1.337D+00
 -2.147D-04  1.419D+00
 -8.094D-05  1.332D+00
 -2.390D-04  1.430D+00
 -9.086D-05  1.327D+00
 -2.637D-04  1.443D+00
 -1.013D-04  1.322D+00
 -2.885D-04  1.460D+00
 -1.124D-04  1.317D+00
 -3.130D-04  1.481D+00
 -1.239D-04  1.311D+00
 -3.367D-04  1.506D+00
 -1.360D-04  1.305D+00
 -3.587D-04  1.539D+00
 -1.487D-04  1.298D+00
 -3.782D-04  1.581D+00
 -1.619D-04  1.291D+00
 -3.936D-04  1.637D+00
 -1.756D-04  1.284D+00
 -4.027D-04  1.714D+00
 -1.898D-04  1.277D+00
 -4.021D-04  1.825D+00
 -2.045D-04  1.269D+00
 -3.858D-04  2.000D+00
 -2.198D-04  1.260D+00
 -3.426D-04  2.313D+00
 -2.356D-04  1.251D+00
 -2.468D-04  3.053D+00
 -2.520D-04  1.241D+00
 -1.414D-04  3.879D+00
 -2.690D-04  1.230D+00
 -4.754D-04 -8.742D-01
 -2.867D-04  1.218D+00
 -2.261D-08  3.634D+00
 -2.183D-08  3.611D+00
 -2.171D-06  1.410D+00
 -1.008D-06  1.488D+00
 -6.041D-06  1.365D+00
 -2.586D-06  1.397D+00
 -1.161D-05  1.353D+00
 -4.736D-06  1.369D+00
 -1.888D-05  1.349D+00
 -7.458D-06  1.356D+00
 -2.781D-05  1.348D+00
 -1.075D-05  1.348D+00
 -3.840D-05  1.347D+00
 -1.461D-05  1.343D+00
 -5.060D-05  1.348D+00
 -1.905D-05  1.338D+00
 -6.439D-05  1.349D+00
 -2.405D-05  1.334D+00
 -7.972D-05  1.351D+00
 -2.961D-05  1.331D+00
 -9.653D-05  1.353D+00
 -3.574D-05  1.327D+00
 -1.148D-04  1.356D+00
 -4.243D-05  1.323D+00
 -1.343D-04  1.360D+00
 -4.968D-05  1.319D+00
 -1.552D-04  1.365D+00
 -5.749D-05  1.315D+00
 -1.772D-04  1.371D+00
 -6.585D-05  1.311D+00
 -2.002D-04  1.377D+00
 -7.476D-05  1.306D+00
 -2.241D-04  1.386D+00
 -8.421D-05  1.302D+00
 -2.487D-04  1.396D+00
 -9.421D-05  1.297D+00
 -2.736D-04  1.408D+00
 -1.047D-04  1.291D+00
 -2.987D-04  1.423D+00
 -1.158D-04  1.286D+00
 -3.236D-04  1.442D+00
 -1.274D-04  1.280D+00
 -3.476D-04  1.466D+00
 -1.395D-04  1.274D+00
 -3.701D-04  1.496D+00
 -1.522D-04  1.267D+00
 -3.901D-04  1.535D+00
 -1.653D-04  1.260D+00
 -4.062D-04  1.586D+00
 -1.790D-04  1.253D+00
 -4.163D-04  1.657D+00
 -1.931D-04  1.245D+00
 -4.170D-04  1.759D+00
 -2.078D-04  1.237D+00
 -4.028D-04  1.919D+00
 -2.230D-04  1.229D+00
 -3.628D-04  2.199D+00
 -2.387D-04  1.219D+00
 -2.730D-04  2.834D+00
 -2.549D-04  1.209D+00
 -1.327D-04  4.193D+00
 -2.717D-04  1.198D+00
 -4.165D-04 -5.708D-01
 -2.892D-04  1.186D+00
 -2.941D-07  7.374D-01
 -8.664D-07  1.475D+00
 -4.307D-07  1.626D+00
 -3.825D-06  1.350D+00
 -1.699D-06  1.394D+00
 -8.459D-06  1.330D+00
 -3.528D-06  1.351D+00
 -1.476D-05  1.323D+00
 -5.918D-06  1.334D+00
 -2.271D-05  1.321D+00
 -8.868D-06  1.324D+00
 -3.230D-05  1.320D+00
 -1.238D-05  1.318D+00
 -4.350D-05  1.320D+00
 -1.645D-05  1.313D+00
 -5.627D-05  1.320D+00
 -2.107D-05  1.309D+00
 -7.059D-05  1.321D+00
 -2.625D-05  1.306D+00
 -8.641D-05  1.323D+00
 -3.199D-05  1.302D+00
 -1.037D-04  1.325D+00
 -3.827D-05  1.298D+00
 -1.223D-04  1.328D+00
 -4.510D-05  1.294D+00
 -1.423D-04  1.331D+00
 -5.248D-05  1.291D+00
 -1.635D-04  1.335D+00
 -6.041D-05  1.286D+00
 -1.858D-04  1.340D+00
 -6.887D-05  1.282D+00
 -2.091D-04  1.347D+00
 -7.786D-05  1.277D+00
 -2.333D-04  1.354D+00
 -8.739D-05  1.273D+00
 -2.581D-04  1.363D+00
 -9.745D-05  1.268D+00
 -2.833D-04  1.375D+00
 -1.080D-04  1.262D+00
 -3.086D-04  1.388D+00
 -1.191D-04  1.256D+00
 -3.337D-04  1.406D+00
 -1.307D-04  1.250D+00
 -3.580D-04  1.427D+00
 -1.428D-04  1.244D+00
 -3.809D-04  1.455D+00
 -1.555D-04  1.237D+00
 -4.014D-04  1.491D+00
 -1.686D-04  1.230D+00
 -4.181D-04  1.539D+00
 -1.822D-04  1.223D+00
 -4.291D-04  1.604D+00
 -1.963D-04  1.215D+00
 -4.311D-04  1.698D+00
 -2.108D-04  1.207D+00
 -4.187D-04  1.843D+00
 -2.259D-04  1.198D+00
 -3.817D-04  2.096D+00
 -2.414D-04  1.189D+00
 -2.974D-04  2.650D+00
 -2.575D-04  1.179D+00
 -1.438D-04  4.113D+00
 -2.741D-04  1.168D+00
 -3.699D-04 -1.613D-01
 -2.913D-04  1.156D+00
 -2.036D-08  4.176D+00
 -1.961D-08  4.160D+00
 -2.101D-06  1.350D+00
 -9.814D-07  1.418D+00
 -5.823D-06  1.310D+00
 -2.499D-06  1.338D+00
 -1.119D-05  1.299D+00
 -4.567D-06  1.313D+00
 -1.818D-05  1.295D+00
 -7.185D-06  1.302D+00
 -2.679D-05  1.294D+00
 -1.035D-05  1.295D+00
 -3.699D-05  1.293D+00
 -1.407D-05  1.290D+00
 -4.876D-05  1.293D+00
 -1.833D-05  1.285D+00
 -6.207D-05  1.293D+00
 -2.313D-05  1.282D+00
 -7.688D-05  1.294D+00
 -2.848D-05  1.278D+00
 -9.315D-05  1.296D+00
 -3.437D-05  1.274D+00
 -1.108D-04  1.298D+00
 -4.080D-05  1.271D+00
 -1.299D-04  1.300D+00
 -4.776D-05  1.267D+00
 -1.502D-04  1.303D+00
 -5.525D-05  1.263D+00
 -1.717D-04  1.307D+00
 -6.328D-05  1.259D+00
 -1.943D-04  1.311D+00
 -7.183D-05  1.254D+00
 -2.178D-04  1.317D+00
 -8.090D-05  1.249D+00
 -2.422D-04  1.323D+00
 -9.048D-05  1.245D+00
 -2.672D-04  1.332D+00
 -1.006D-04  1.239D+00
 -2.926D-04  1.342D+00
 -1.112D-04  1.234D+00
 -3.182D-04  1.355D+00
 -1.223D-04  1.228D+00
 -3.435D-04  1.371D+00
 -1.339D-04  1.222D+00
 -3.680D-04  1.391D+00
 -1.460D-04  1.215D+00
 -3.912D-04  1.416D+00
 -1.586D-04  1.209D+00
 -4.121D-04  1.449D+00
 -1.716D-04  1.201D+00
 -4.294D-04  1.493D+00
 -1.851D-04  1.194D+00
 -4.412D-04  1.554D+00
 -1.991D-04  1.186D+00
 -4.444D-04  1.640D+00
 -2.136D-04  1.178D+00
 -4.337D-04  1.774D+00
 -2.285D-04  1.169D+00
 -3.995D-04  2.003D+00
 -2.439D-04  1.159D+00
 -3.202D-04  2.491D+00
 -2.598D-04  1.149D+00
 -1.490D-04  4.139D+00
 -2.762D-04  1.138D+00
 -3.294D-04  2.402D-01
 -2.932D-04  1.126D+00
 -2.710D-07  7.327D-01
 -8.433D-07  1.406D+00
 -4.247D-07  1.537D+00
 -3.686D-06  1.296D+00
 -1.643D-06  1.335D+00
 -8.139D-06  1.278D+00
 -3.400D-06  1.297D+00
 -1.420D-05  1.272D+00
 -5.695D-06  1.281D+00
 -2.184D-05  1.269D+00
 -8.529D-06  1.273D+00
 -3.107D-05  1.268D+00
 -1.190D-05  1.267D+00
 -4.185D-05  1.267D+00
 -1.581D-05  1.263D+00
 -5.415D-05  1.267D+00
 -2.025D-05  1.259D+00
 -6.796D-05  1.268D+00
 -2.522D-05  1.255D+00
 -8.323D-05  1.268D+00
 -3.072D-05  1.252D+00
 -9.992D-05  1.270D+00
 -3.675D-05  1.248D+00
 -1.180D-04  1.271D+00
 -4.331D-05  1.244D+00
 -1.373D-04  1.273D+00
 -5.039D-05  1.240D+00
 -1.580D-04  1.276D+00
 -5.798D-05  1.236D+00
 -1.797D-04  1.279D+00
 -6.609D-05  1.232D+00
 -2.025D-04  1.283D+00
 -7.472D-05  1.227D+00
 -2.263D-04  1.288D+00
 -8.384D-05  1.222D+00
 -2.509D-04  1.294D+00
 -9.348D-05  1.217D+00
 -2.761D-04  1.301D+00
 -1.036D-04  1.212D+00
 -3.016D-04  1.311D+00
 -1.142D-04  1.206D+00
 -3.273D-04  1.322D+00
 -1.253D-04  1.200D+00
 -3.528D-04  1.337D+00
 -1.369D-04  1.194D+00
 -3.776D-04  1.355D+00
 -1.490D-04  1.188D+00
 -4.010D-04  1.379D+00
 -1.615D-04  1.181D+00
 -4.223D-04  1.410D+00
 -1.745D-04  1.173D+00
 -4.401D-04  1.450D+00
 -1.879D-04  1.166D+00
 -4.526D-04  1.506D+00
 -2.018D-04  1.158D+00
 -4.568D-04  1.586D+00
 -2.161D-04  1.149D+00
 -4.478D-04  1.709D+00
 -2.309D-04  1.140D+00
 -4.162D-04  1.918D+00
 -2.461D-04  1.131D+00
 -3.416D-04  2.353D+00
 -2.618D-04  1.121D+00
 -1.598D-04  4.043D+00
 -2.780D-04  1.110D+00
 -2.908D-04  6.209D-01
 -2.948D-04  1.098D+00
 -2.116D-08  4.248D+00
 -2.031D-08  4.243D+00
 -2.026D-06  1.295D+00
 -9.516D-07  1.355D+00
 -5.598D-06  1.259D+00
 -2.408D-06  1.284D+00
 -1.075D-05  1.250D+00
 -4.392D-06  1.262D+00
 -1.746D-05  1.246D+00
 -6.903D-06  1.252D+00
 -2.573D-05  1.244D+00
 -9.941D-06  1.245D+00
 -3.553D-05  1.243D+00
 -1.350D-05  1.241D+00
 -4.685D-05  1.243D+00
 -1.759D-05  1.237D+00
 -5.966D-05  1.243D+00
 -2.220D-05  1.233D+00
 -7.392D-05  1.243D+00
 -2.733D-05  1.230D+00
 -8.961D-05  1.243D+00
 -3.297D-05  1.226D+00
 -1.067D-04  1.244D+00
 -3.913D-05  1.222D+00
 -1.251D-04  1.246D+00
 -4.580D-05  1.219D+00
 -1.448D-04  1.247D+00
 -5.298D-05  1.215D+00
 -1.656D-04  1.249D+00
 -6.067D-05  1.210D+00
 -1.876D-04  1.252D+00
 -6.885D-05  1.206D+00
 -2.107D-04  1.256D+00
 -7.753D-05  1.201D+00
 -2.346D-04  1.260D+00
 -8.671D-05  1.196D+00
 -2.593D-04  1.265D+00
 -9.637D-05  1.191D+00
 -2.846D-04  1.272D+00
 -1.065D-04  1.186D+00
 -3.103D-04  1.281D+00
 -1.171D-04  1.180D+00
 -3.362D-04  1.291D+00
 -1.282D-04  1.174D+00
 -3.617D-04  1.305D+00
 -1.398D-04  1.167D+00
 -3.867D-04  1.322D+00
 -1.518D-04  1.161D+00
 -4.103D-04  1.343D+00
 -1.642D-04  1.154D+00
 -4.319D-04  1.372D+00
 -1.771D-04  1.146D+00
 -4.501D-04  1.409D+00
 -1.905D-04  1.138D+00
 -4.632D-04  1.461D+00
 -2.042D-04  1.130D+00
 -4.685D-04  1.535D+00
 -2.184D-04  1.122D+00
 -4.610D-04  1.649D+00
 -2.331D-04  1.113D+00
 -4.318D-04  1.840D+00
 -2.481D-04  1.103D+00
 -3.615D-04  2.230D+00
 -2.636D-04  1.093D+00
 -1.917D-04  3.599D+00
 -2.795D-04  1.082D+00
 -2.567D-04  9.980D-01
 -2.960D-04  1.070D+00
 -2.503D-07  7.278D-01
 -8.175D-07  1.344D+00
 -4.161D-07  1.458D+00
 -3.543D-06  1.246D+00
 -1.584D-06  1.281D+00
 -7.812D-06  1.230D+00
 -3.268D-06  1.247D+00
 -1.362D-05  1.224D+00
 -5.468D-06  1.233D+00
 -2.096D-05  1.221D+00
 -8.183D-06  1.225D+00
 -2.981D-05  1.220D+00
 -1.141D-05  1.220D+00
 -4.016D-05  1.219D+00
 -1.516D-05  1.216D+00
 -5.198D-05  1.219D+00
 -1.941D-05  1.212D+00
 -6.525D-05  1.219D+00
 -2.417D-05  1.208D+00
 -7.994D-05  1.219D+00
 -2.944D-05  1.205D+00
 -9.602D-05  1.219D+00
 -3.522D-05  1.201D+00
 -1.134D-04  1.220D+00
 -4.150D-05  1.198D+00
 -1.321D-04  1.221D+00
 -4.827D-05  1.194D+00
 -1.521D-04  1.222D+00
 -5.554D-05  1.190D+00
 -1.732D-04  1.224D+00
 -6.330D-05  1.185D+00
 -1.954D-04  1.226D+00
 -7.155D-05  1.181D+00
 -2.186D-04  1.229D+00
 -8.028D-05  1.176D+00
 -2.427D-04  1.233D+00
 -8.948D-05  1.171D+00
 -2.675D-04  1.238D+00
 -9.916D-05  1.166D+00
 -2.929D-04  1.244D+00
 -1.093D-04  1.160D+00
 -3.187D-04  1.251D+00
 -1.199D-04  1.154D+00
 -3.446D-04  1.261D+00
 -1.310D-04  1.148D+00
 -3.703D-04  1.273D+00
 -1.425D-04  1.141D+00
 -3.953D-04  1.289D+00
 -1.544D-04  1.134D+00
 -4.191D-04  1.309D+00
 -1.668D-04  1.127D+00
 -4.409D-04  1.335D+00
 -1.796D-04  1.120D+00
 -4.595D-04  1.370D+00
 -1.928D-04  1.112D+00
 -4.732D-04  1.418D+00
 -2.065D-04  1.103D+00
 -4.794D-04  1.487D+00
 -2.205D-04  1.095D+00
 -4.733D-04  1.592D+00
 -2.350D-04  1.085D+00
 -4.464D-04  1.767D+00
 -2.498D-04  1.076D+00
 -3.800D-04  2.120D+00
 -2.651D-04  1.065D+00
 -2.203D-04  3.269D+00
 -2.808D-04  1.054D+00
 -2.353D-04  1.378D+00
 -2.970D-04  1.042D+00
 -2.740D-08  3.585D+00
 -2.615D-08  3.599D+00
 -1.948D-06  1.244D+00
 -9.195D-07  1.298D+00
 -5.370D-06  1.213D+00
 -2.314D-06  1.235D+00
 -1.030D-05  1.204D+00
 -4.214D-06  1.215D+00
 -1.674D-05  1.200D+00
 -6.619D-06  1.206D+00
 -2.466D-05  1.198D+00
 -9.527D-06  1.200D+00
 -3.406D-05  1.197D+00
 -1.294D-05  1.195D+00
 -4.492D-05  1.196D+00
 -1.685D-05  1.191D+00
 -5.721D-05  1.196D+00
 -2.126D-05  1.188D+00
 -7.091D-05  1.195D+00
 -2.617D-05  1.184D+00
 -8.599D-05  1.195D+00
 -3.157D-05  1.181D+00
 -1.024D-04  1.196D+00
 -3.746D-05  1.177D+00
 -1.201D-04  1.196D+00
 -4.384D-05  1.174D+00
 -1.391D-04  1.197D+00
 -5.071D-05  1.170D+00
 -1.593D-04  1.198D+00
 -5.806D-05  1.165D+00
 -1.806D-04  1.199D+00
 -6.588D-05  1.161D+00
 -2.030D-04  1.201D+00
 -7.418D-05  1.156D+00
 -2.263D-04  1.203D+00
 -8.294D-05  1.151D+00
 -2.505D-04  1.207D+00
 -9.217D-05  1.146D+00
 -2.754D-04  1.211D+00
 -1.019D-04  1.141D+00
 -3.009D-04  1.216D+00
 -1.120D-04  1.135D+00
 -3.267D-04  1.223D+00
 -1.226D-04  1.129D+00
 -3.526D-04  1.232D+00
 -1.336D-04  1.122D+00
 -3.784D-04  1.243D+00
 -1.450D-04  1.116D+00
 -4.035D-04  1.257D+00
 -1.569D-04  1.109D+00
 -4.275D-04  1.276D+00
 -1.692D-04  1.101D+00
 -4.494D-04  1.300D+00
 -1.819D-04  1.094D+00
 -4.684D-04  1.333D+00
 -1.950D-04  1.086D+00
 -4.826D-04  1.377D+00
 -2.085D-04  1.077D+00
 -4.895D-04  1.441D+00
 -2.224D-04  1.068D+00
 -4.847D-04  1.538D+00
 -2.367D-04  1.059D+00
 -4.599D-04  1.700D+00
 -2.513D-04  1.049D+00
 -3.974D-04  2.021D+00
 -2.664D-04  1.039D+00
 -2.463D-04  3.007D+00
 -2.818D-04  1.028D+00
 -2.134D-04  1.742D+00
 -2.978D-04  1.016D+00
 -2.316D-07  7.229D-01
 -7.899D-07  1.287D+00
 -4.057D-07  1.388D+00
 -3.398D-06  1.200D+00
 -1.523D-06  1.231D+00
 -7.483D-06  1.185D+00
 -3.134D-06  1.200D+00
 -1.304D-05  1.180D+00
 -5.239D-06  1.188D+00
 -2.007D-05  1.177D+00
 -7.837D-06  1.181D+00
 -2.855D-05  1.176D+00
 -1.093D-05  1.176D+00
 -3.846D-05  1.175D+00
 -1.451D-05  1.172D+00
 -4.979D-05  1.174D+00
 -1.858D-05  1.168D+00
 -6.252D-05  1.173D+00
 -2.313D-05  1.165D+00
 -7.662D-05  1.173D+00
 -2.817D-05  1.161D+00
 -9.206D-05  1.173D+00
 -3.369D-05  1.158D+00
 -1.088D-04  1.173D+00
 -3.969D-05  1.154D+00
 -1.268D-04  1.173D+00
 -4.616D-05  1.150D+00
 -1.460D-04  1.173D+00
 -5.311D-05  1.146D+00
 -1.664D-04  1.174D+00
 -6.052D-05  1.142D+00
 -1.879D-04  1.175D+00
 -6.840D-05  1.137D+00
 -2.104D-04  1.176D+00
 -7.674D-05  1.133D+00
 -2.338D-04  1.178D+00
 -8.552D-05  1.127D+00
 -2.581D-04  1.181D+00
 -9.476D-05  1.122D+00
 -2.830D-04  1.185D+00
 -1.044D-04  1.116D+00
 -3.085D-04  1.189D+00
 -1.146D-04  1.111D+00
 -3.344D-04  1.195D+00
 -1.251D-04  1.104D+00
 -3.603D-04  1.203D+00
 -1.361D-04  1.098D+00
 -3.861D-04  1.213D+00
 -1.474D-04  1.091D+00
 -4.113D-04  1.227D+00
 -1.592D-04  1.084D+00
 -4.353D-04  1.244D+00
 -1.714D-04  1.076D+00
 -4.574D-04  1.266D+00
 -1.840D-04  1.068D+00
 -4.766D-04  1.296D+00
 -1.970D-04  1.060D+00
 -4.913D-04  1.338D+00
 -2.103D-04  1.052D+00
 -4.989D-04  1.398D+00
 -2.240D-04  1.043D+00
 -4.953D-04  1.488D+00
 -2.381D-04  1.033D+00
 -4.725D-04  1.637D+00
 -2.526D-04  1.023D+00
 -4.135D-04  1.931D+00
 -2.674D-04  1.013D+00
 -2.703D-04  2.791D+00
 -2.826D-04  1.001D+00
 -1.909D-04  2.108D+00
 -2.983D-04  9.893D-01
 -3.389D-08  2.991D+00
 -3.242D-08  2.999D+00
 -1.870D-06  1.198D+00
 -8.860D-07  1.245D+00
 -5.142D-06  1.169D+00
 -2.220D-06  1.189D+00
 -9.858D-06  1.161D+00
 -4.036D-06  1.171D+00
 -1.601D-05  1.157D+00
 -6.335D-06  1.162D+00
 -2.359D-05  1.155D+00
 -9.115D-06  1.157D+00
 -3.259D-05  1.154D+00
 -1.238D-05  1.153D+00
 -4.299D-05  1.153D+00
 -1.611D-05  1.149D+00
 -5.476D-05  1.152D+00
 -2.033D-05  1.146D+00
 -6.789D-05  1.151D+00
 -2.502D-05  1.142D+00
 -8.235D-05  1.151D+00
 -3.018D-05  1.139D+00
 -9.812D-05  1.150D+00
 -3.581D-05  1.135D+00
 -1.151D-04  1.150D+00
 -4.190D-05  1.132D+00
 -1.334D-04  1.150D+00
 -4.846D-05  1.128D+00
 -1.528D-04  1.150D+00
 -5.547D-05  1.123D+00
 -1.734D-04  1.150D+00
 -6.294D-05  1.119D+00
 -1.950D-04  1.151D+00
 -7.086D-05  1.114D+00
 -2.176D-04  1.152D+00
 -7.922D-05  1.109D+00
 -2.411D-04  1.154D+00
 -8.802D-05  1.104D+00
 -2.654D-04  1.156D+00
 -9.726D-05  1.099D+00
 -2.904D-04  1.159D+00
 -1.069D-04  1.093D+00
 -3.159D-04  1.163D+00
 -1.170D-04  1.087D+00
 -3.417D-04  1.169D+00
 -1.275D-04  1.080D+00
 -3.677D-04  1.176D+00
 -1.384D-04  1.074D+00
 -3.934D-04  1.185D+00
 -1.497D-04  1.067D+00
 -4.186D-04  1.197D+00
 -1.614D-04  1.059D+00
 -4.426D-04  1.213D+00
 -1.735D-04  1.052D+00
 -4.649D-04  1.233D+00
 -1.859D-04  1.044D+00
 -4.843D-04  1.262D+00
 -1.988D-04  1.035D+00
 -4.994D-04  1.300D+00
 -2.119D-04  1.027D+00
 -5.077D-04  1.356D+00
 -2.255D-04  1.017D+00
 -5.051D-04  1.440D+00
 -2.394D-04  1.008D+00
 -4.842D-04  1.579D+00
 -2.536D-04  9.977D-01
 -4.284D-04  1.848D+00
 -2.682D-04  9.871D-01
 -2.925D-04  2.608D+00
 -2.832D-04  9.758D-01
 -1.789D-04  2.410D+00
 -2.986D-04  9.635D-01
 -2.147D-07  7.177D-01
 -7.611D-07  1.235D+00
 -3.939D-07  1.324D+00
 -3.253D-06  1.157D+00
 -1.462D-06  1.185D+00
 -7.157D-06  1.143D+00
 -3.001D-06  1.157D+00
 -1.247D-05  1.138D+00
 -5.012D-06  1.145D+00
 -1.919D-05  1.136D+00
 -7.494D-06  1.139D+00
 -2.729D-05  1.134D+00
 -1.045D-05  1.134D+00
 -3.678D-05  1.133D+00
 -1.387D-05  1.131D+00
 -4.762D-05  1.132D+00
 -1.775D-05  1.127D+00
 -5.980D-05  1.131D+00
 -2.210D-05  1.124D+00
 -7.330D-05  1.130D+00
 -2.691D-05  1.120D+00
 -8.810D-05  1.129D+00
 -3.218D-05  1.117D+00
 -1.042D-04  1.129D+00
 -3.791D-05  1.113D+00
 -1.214D-04  1.128D+00
 -4.409D-05  1.109D+00
 -1.399D-04  1.128D+00
 -5.072D-05  1.105D+00
 -1.595D-04  1.128D+00
 -5.779D-05  1.101D+00
 -1.802D-04  1.128D+00
 -6.530D-05  1.097D+00
 -2.019D-04  1.128D+00
 -7.325D-05  1.092D+00
 -2.246D-04  1.129D+00
 -8.163D-05  1.087D+00
 -2.482D-04  1.130D+00
 -9.043D-05  1.081D+00
 -2.725D-04  1.132D+00
 -9.966D-05  1.076D+00
 -2.974D-04  1.134D+00
 -1.093D-04  1.070D+00
 -3.229D-04  1.138D+00
 -1.193D-04  1.063D+00
 -3.487D-04  1.142D+00
 -1.298D-04  1.057D+00
 -3.746D-04  1.149D+00
 -1.406D-04  1.050D+00
 -4.003D-04  1.157D+00
 -1.518D-04  1.043D+00
 -4.254D-04  1.168D+00
 -1.634D-04  1.035D+00
 -4.495D-04  1.182D+00
 -1.754D-04  1.028D+00
 -4.718D-04  1.202D+00
 -1.877D-04  1.019D+00
 -4.914D-04  1.228D+00
 -2.004D-04  1.011D+00
 -5.068D-04  1.264D+00
 -2.134D-04  1.002D+00
 -5.157D-04  1.316D+00
 -2.267D-04  9.927D-01
 -5.142D-04  1.394D+00
 -2.404D-04  9.829D-01
 -4.949D-04  1.523D+00
 -2.545D-04  9.727D-01
 -4.423D-04  1.771D+00
 -2.688D-04  9.619D-01
 -3.130D-04  2.450D+00
 -2.835D-04  9.505D-01
 -1.680D-04  2.707D+00
 -2.986D-04  9.382D-01
 -3.859D-08  2.599D+00
 -3.696D-08  2.604D+00
 -1.791D-06  1.154D+00
 -8.518D-07  1.197D+00
 -4.916D-06  1.128D+00
 -2.125D-06  1.146D+00
 -9.421D-06  1.121D+00
 -3.860D-06  1.130D+00
 -1.530D-05  1.117D+00
 -6.055D-06  1.122D+00
 -2.254D-05  1.115D+00
 -8.709D-06  1.117D+00
 -3.114D-05  1.114D+00
 -1.182D-05  1.113D+00
 -4.108D-05  1.112D+00
 -1.539D-05  1.109D+00
 -5.234D-05  1.111D+00
 -1.941D-05  1.106D+00
 -6.490D-05  1.110D+00
 -2.389D-05  1.103D+00
 -7.874D-05  1.109D+00
 -2.881D-05  1.099D+00
 -9.384D-05  1.108D+00
 -3.418D-05  1.096D+00
 -1.102D-04  1.108D+00
 -4.000D-05  1.092D+00
 -1.277D-04  1.107D+00
 -4.625D-05  1.088D+00
 -1.463D-04  1.106D+00
 -5.294D-05  1.084D+00
 -1.661D-04  1.106D+00
 -6.006D-05  1.079D+00
 -1.869D-04  1.105D+00
 -6.761D-05  1.075D+00
 -2.087D-04  1.105D+00
 -7.558D-05  1.070D+00
 -2.314D-04  1.106D+00
 -8.396D-05  1.064D+00
 -2.550D-04  1.106D+00
 -9.276D-05  1.059D+00
 -2.793D-04  1.108D+00
 -1.020D-04  1.053D+00
 -3.042D-04  1.110D+00
 -1.116D-04  1.047D+00
 -3.296D-04  1.113D+00
 -1.216D-04  1.041D+00
 -3.554D-04  1.117D+00
 -1.319D-04  1.034D+00
 -3.812D-04  1.122D+00
 -1.427D-04  1.027D+00
 -4.068D-04  1.130D+00
 -1.538D-04  1.020D+00
 -4.319D-04  1.140D+00
 -1.653D-04  1.012D+00
 -4.559D-04  1.153D+00
 -1.771D-04  1.004D+00
 -4.783D-04  1.171D+00
 -1.893D-04  9.956D-01
 -4.980D-04  1.195D+00
 -2.018D-04  9.869D-01
 -5.137D-04  1.229D+00
 -2.147D-04  9.779D-01
 -5.231D-04  1.277D+00
 -2.278D-04  9.684D-01
 -5.225D-04  1.350D+00
 -2.413D-04  9.585D-01
 -5.049D-04  1.471D+00
 -2.551D-04  9.481D-01
 -4.551D-04  1.700D+00
 -2.692D-04  9.372D-01
 -3.320D-04  2.311D+00
 -2.836D-04  9.256D-01
 -1.545D-04  3.030D+00
 -2.984D-04  9.132D-01
 -1.994D-07  7.124D-01
 -7.317D-07  1.186D+00
 -3.812D-07  1.265D+00
 -3.110D-06  1.116D+00
 -1.400D-06  1.141D+00
 -6.837D-06  1.104D+00
 -2.869D-06  1.116D+00
 -1.191D-05  1.099D+00
 -4.789D-06  1.106D+00
 -1.832D-05  1.097D+00
 -7.157D-06  1.100D+00
 -2.606D-05  1.095D+00
 -9.974D-06  1.095D+00
 -3.512D-05  1.094D+00
 -1.324D-05  1.092D+00
 -4.548D-05  1.092D+00
 -1.694D-05  1.089D+00
 -5.712D-05  1.091D+00
 -2.109D-05  1.085D+00
 -7.003D-05  1.090D+00
 -2.568D-05  1.082D+00
 -8.419D-05  1.089D+00
 -3.071D-05  1.078D+00
 -9.955D-05  1.088D+00
 -3.617D-05  1.075D+00
 -1.161D-04  1.087D+00
 -4.206D-05  1.071D+00
 -1.338D-04  1.086D+00
 -4.838D-05  1.067D+00
 -1.526D-04  1.085D+00
 -5.512D-05  1.062D+00
 -1.725D-04  1.084D+00
 -6.228D-05  1.058D+00
 -1.934D-04  1.084D+00
 -6.985D-05  1.053D+00
 -2.153D-04  1.083D+00
 -7.783D-05  1.048D+00
 -2.380D-04  1.083D+00
 -8.621D-05  1.043D+00
 -2.616D-04  1.084D+00
 -9.499D-05  1.037D+00
 -2.858D-04  1.084D+00
 -1.042D-04  1.031D+00
 -3.107D-04  1.086D+00
 -1.137D-04  1.025D+00
 -3.360D-04  1.088D+00
 -1.237D-04  1.018D+00
 -3.617D-04  1.092D+00
 -1.340D-04  1.011D+00
 -3.874D-04  1.097D+00
 -1.446D-04  1.004D+00
 -4.129D-04  1.103D+00
 -1.556D-04  9.967D-01
 -4.379D-04  1.113D+00
 -1.670D-04  9.889D-01
 -4.619D-04  1.125D+00
 -1.787D-04  9.807D-01
 -4.842D-04  1.141D+00
 -1.907D-04  9.722D-01
 -5.041D-04  1.164D+00
 -2.031D-04  9.634D-01
 -5.200D-04  1.195D+00
 -2.157D-04  9.541D-01
 -5.299D-04  1.240D+00
 -2.287D-04  9.445D-01
 -5.301D-04  1.309D+00
 -2.420D-04  9.344D-01
 -5.140D-04  1.421D+00
 -2.555D-04  9.238D-01
 -4.670D-04  1.633D+00
 -2.694D-04  9.128D-01
 -3.496D-04  2.187D+00
 -2.836D-04  9.011D-01
 -1.457D-04  3.290D+00
 -2.981D-04  8.886D-01
 -4.195D-08  2.310D+00
 -4.022D-08  2.314D+00
 -1.714D-06  1.113D+00
 -8.174D-07  1.151D+00
 -4.695D-06  1.089D+00
 -2.032D-06  1.105D+00
 -8.993D-06  1.082D+00
 -3.687D-06  1.091D+00
 -1.460D-05  1.079D+00
 -5.780D-06  1.084D+00
 -2.152D-05  1.077D+00
 -8.312D-06  1.079D+00
 -2.972D-05  1.076D+00
 -1.128D-05  1.075D+00
 -3.921D-05  1.074D+00
 -1.468D-05  1.072D+00
 -4.996D-05  1.073D+00
 -1.852D-05  1.068D+00
 -6.196D-05  1.072D+00
 -2.279D-05  1.065D+00
 -7.519D-05  1.070D+00
 -2.748D-05  1.062D+00
 -8.962D-05  1.069D+00
 -3.260D-05  1.058D+00
 -1.052D-04  1.068D+00
 -3.814D-05  1.054D+00
 -1.220D-04  1.066D+00
 -4.410D-05  1.050D+00
 -1.399D-04  1.065D+00
 -5.047D-05  1.046D+00
 -1.588D-04  1.064D+00
 -5.725D-05  1.042D+00
 -1.788D-04  1.063D+00
 -6.444D-05  1.037D+00
 -1.998D-04  1.062D+00
 -7.203D-05  1.032D+00
 -2.217D-04  1.061D+00
 -8.001D-05  1.027D+00
 -2.444D-04  1.061D+00
 -8.838D-05  1.021D+00
 -2.679D-04  1.061D+00
 -9.714D-05  1.015D+00
 -2.921D-04  1.062D+00
 -1.063D-04  1.009D+00
 -3.169D-04  1.063D+00
 -1.158D-04  1.003D+00
 -3.421D-04  1.065D+00
 -1.256D-04  9.961D-01
 -3.676D-04  1.067D+00
 -1.359D-04  9.891D-01
 -3.932D-04  1.072D+00
 -1.464D-04  9.818D-01
 -4.186D-04  1.078D+00
 -1.573D-04  9.741D-01
 -4.435D-04  1.086D+00
 -1.686D-04  9.662D-01
 -4.674D-04  1.097D+00
 -1.801D-04  9.578D-01
 -4.897D-04  1.112D+00
 -1.920D-04  9.492D-01
 -5.096D-04  1.133D+00
 -2.042D-04  9.401D-01
 -5.257D-04  1.162D+00
 -2.167D-04  9.307D-01
 -5.360D-04  1.204D+00
 -2.294D-04  9.209D-01
 -5.370D-04  1.269D+00
 -2.425D-04  9.106D-01
 -5.222D-04  1.373D+00
 -2.558D-04  8.999D-01
 -4.778D-04  1.571D+00
 -2.694D-04  8.887D-01
 -3.659D-04  2.076D+00
 -2.833D-04  8.769D-01
 -1.440D-04  3.445D+00
 -2.975D-04  8.643D-01
