 -5.132D-03  7.851D-01
 -2.912D-03  7.810D-01
 -4.633D-03  7.758D-01
 -1.305D-03  7.814D-01
 -3.768D-03  7.657D-01
 -4.259D-03  7.637D-01
 -8.813D-04  7.754D-01
 -1.539D-03  7.597D-01
 -4.512D-03  7.499D-01
 -3.940D-03  7.485D-01
 -5.434D-04  7.732D-01
 -1.213D-03  7.458D-01
 -1.686D-03  7.378D-01
 -5.135D-03  7.326D-01
 -3.657D-03  7.301D-01
 -4.011D-04  7.655D-01
 -7.094D-04  7.351D-01
 -1.524D-03  7.195D-01
 -1.766D-03  7.139D-01
 -5.647D-03  7.135D-01
 -3.403D-03  7.086D-01
 -2.823D-04  7.616D-01
 -5.700D-04  7.176D-01
 -8.408D-04  7.013D-01
 -1.805D-03  6.934D-01
 -1.799D-03  6.874D-01
 -6.062D-03  6.923D-01
 -3.172D-03  6.837D-01
 -2.200D-04  7.525D-01
 -3.870D-04  7.029D-01
 -7.344D-04  6.785D-01
 -9.377D-04  6.673D-01
 -2.052D-03  6.661D-01
 -1.798D-03  6.578D-01
 -6.391D-03  6.692D-01
 -2.960D-03  6.553D-01
 -1.666D-04  7.471D-01
 -3.176D-04  6.820D-01
 -4.784D-04  6.547D-01
 -8.873D-04  6.418D-01
 -1.005D-03  6.314D-01
 -2.266D-03  6.374D-01
 -1.773D-03  6.247D-01
 -6.647D-03  6.441D-01
 -2.764D-03  6.232D-01
 -1.347D-04  7.369D-01
 -2.338D-04  6.636D-01
 -4.149D-04  6.272D-01
 -5.529D-04  6.086D-01
 -1.026D-03  6.052D-01
 -1.046D-03  5.925D-01
 -2.447D-03  6.069D-01
 -1.732D-03  5.880D-01
 -6.838D-03  6.172D-01
 -2.581D-03  5.872D-01
 -1.069D-04  7.304D-01
 -1.952D-04  6.395D-01
 -2.958D-04  5.978D-01
 -5.071D-04  5.779D-01
 -6.103D-04  5.616D-01
 -1.148D-03  5.675D-01
 -1.068D-03  5.502D-01
 -2.598D-03  5.745D-01
 -1.678D-03  5.473D-01
 -6.973D-03  5.884D-01
 -2.411D-03  5.470D-01
 -8.873D-05  7.195D-01
 -1.511D-04  6.176D-01
 -2.567D-04  5.656D-01
 -3.491D-04  5.371D-01
 -5.917D-04  5.299D-01
 -6.520D-04  5.118D-01
 -1.255D-03  5.284D-01
 -1.073D-03  5.037D-01
 -2.721D-03  5.403D-01
 -1.616D-03  5.022D-01
 -7.058D-03  5.580D-01
 -2.250D-03  5.023D-01
 -7.270D-05  7.121D-01
 -1.280D-04  5.904D-01
 -1.935D-04  5.302D-01
 -3.156D-04  5.007D-01
 -3.925D-04  4.764D-01
 -6.676D-04  4.816D-01
 -6.797D-04  4.580D-01
 -1.346D-03  4.874D-01
 -1.064D-03  4.525D-01
 -2.818D-03  5.043D-01
 -1.548D-03  4.522D-01
 -7.100D-03  5.260D-01
 -2.099D-03  4.527D-01
 -6.157D-05  7.007D-01
 -1.025D-04  5.652D-01
 -1.683D-04  4.931D-01
 -2.311D-04  4.513D-01
 -3.701D-04  4.387D-01
 -4.261D-04  4.130D-01
 -7.342D-04  4.318D-01
 -6.954D-04  3.995D-01
 -1.422D-03  4.445D-01
 -1.046D-03  3.961D-01
 -2.891D-03  4.664D-01
 -1.476D-03  3.968D-01
 -7.104D-03  4.925D-01
 -1.957D-03  3.975D-01
 -5.166D-05  6.927D-01
 -8.775D-05  5.351D-01
 -1.317D-04  4.512D-01
 -2.073D-04  4.085D-01
 -2.626D-04  3.733D-01
 -4.192D-04  3.768D-01
 -4.503D-04  3.449D-01
 -7.916D-04  3.801D-01
 -7.008D-04  3.352D-01
 -1.484D-03  3.996D-01
 -1.019D-03  3.336D-01
 -2.943D-03  4.268D-01
 -1.401D-03  3.352D-01
 -7.074D-03  4.576D-01
 -1.821D-03  3.360D-01
 -4.444D-05  6.812D-01
 -7.199D-05  5.066D-01
 -1.149D-04  4.086D-01
 -1.581D-04  3.489D-01
 -2.435D-04  3.283D-01
 -2.878D-04  2.921D-01
 -4.624D-04  3.133D-01
 -4.660D-04  2.706D-01
 -8.398D-04  3.261D-01
 -6.975D-04  2.639D-01
 -1.532D-03  3.524D-01
 -9.853D-04  2.640D-01
 -2.975D-03  3.855D-01
 -1.326D-03  2.666D-01
 -7.016D-03  4.215D-01
 -1.693D-03  2.674D-01
 -3.797D-05  6.729D-01
 -6.220D-05  4.737D-01
 -9.222D-05  3.593D-01
 -1.412D-04  2.984D-01
 -1.807D-04  2.480D-01
 -2.761D-04  2.484D-01
 -3.066D-04  2.048D-01
 -4.996D-04  2.473D-01
 -4.741D-04  1.885D-01
 -8.792D-04  2.693D-01
 -6.869D-04  1.845D-01
 -1.568D-03  3.030D-01
 -9.468D-04  1.862D-01
 -2.989D-03  3.424D-01
 -1.249D-03  1.897D-01
 -6.932D-03  3.841D-01
 -1.571D-03  1.904D-01
 -3.308D-05  6.614D-01
 -5.195D-05  4.418D-01
 -8.071D-05  3.103D-01
 -1.107D-04  2.261D-01
 -1.657D-04  1.937D-01
 -1.989D-04  1.425D-01
 -3.047D-04  1.662D-01
 -3.194D-04  1.086D-01
 -5.307D-04  1.780D-01
 -4.756D-04  9.666D-02
 -9.102D-04  2.096D-01
 -6.703D-04  9.521D-02
 -1.593D-03  2.513D-01
 -9.044D-04  9.861D-02
 -2.987D-03  2.976D-01
 -1.173D-03  1.030D-01
 -6.827D-03  3.456D-01
 -1.455D-03  1.034D-01
 -2.867D-05  6.530D-01
 -4.520D-05  4.061D-01
 -6.598D-05  2.523D-01
 -9.865D-05  1.658D-01
 -1.267D-04  9.345D-02
 -1.876D-04  8.855D-02
 -2.127D-04  2.763D-02
 -3.291D-04  8.000D-02
 -3.268D-04  9.199D-04
 -5.560D-04  1.047D-01
 -4.714D-04 -7.257D-03
 -9.333D-04  1.467D-01
 -6.488D-04 -6.169D-03
 -1.606D-03  1.972D-01
 -8.592D-04 -9.492D-04
 -2.971D-03  2.512D-01
 -1.098D-03  4.469D-03
 -6.703D-03  3.061D-01
 -1.345D-03  4.438D-03
 -2.523D-05  6.418D-01
 -3.827D-05  3.709D-01
 -5.787D-05  1.956D-01
 -7.888D-05  7.675D-02
 -1.152D-04  2.637D-02
 -1.396D-04 -4.750D-02
 -2.066D-04 -2.103D-02
 -2.223D-04 -1.010D-01
 -3.494D-04 -1.172D-02
 -3.292D-04 -1.219D-01
 -5.757D-04  2.664D-02
 -4.623D-04 -1.264D-01
 -9.491D-04  8.010D-02
 -6.234D-04 -1.226D-01
 -1.611D-03  1.405D-01
 -8.121D-04 -1.153D-01
 -2.943D-03  2.030D-01
 -1.024D-03 -1.088D-01
 -6.564D-03  2.656D-01
 -1.240D-03 -1.095D-01
 -2.212D-05  6.335D-01
 -3.350D-05  3.322D-01
 -4.795D-05  1.266D-01
 -7.010D-05  3.145D-03
 -8.997D-05 -1.023D-01
 -1.300D-04 -1.165D-01
 -1.494D-04 -2.045D-01
 -2.227D-04 -1.381D-01
 -2.279D-04 -2.489D-01
 -3.655D-04 -1.104D-01
 -3.272D-04 -2.646D-01
 -5.901D-04 -5.687D-02
 -4.492D-04 -2.653D-01
 -9.582D-04  9.559D-03
 -5.949D-04 -2.583D-01
 -1.606D-03  8.108D-02
 -7.637D-04 -2.485D-01
 -2.903D-03  1.531D-01
 -9.510D-04 -2.406D-01
 -6.411D-03  2.241D-01
 -1.140D-03 -2.423D-01
 -1.964D-05  6.228D-01
 -2.867D-05  2.934D-01
 -4.212D-05  5.991D-02
 -5.683D-05 -1.094D-01
 -8.130D-05 -1.885D-01
 -9.891D-05 -2.987D-01
 -1.426D-04 -2.693D-01
 -1.561D-04 -3.862D-01
 -2.358D-04 -2.656D-01
 -2.298D-04 -4.233D-01
 -3.778D-04 -2.176D-01
 -3.215D-04 -4.339D-01
 -5.995D-04 -1.467D-01
 -4.327D-04 -4.301D-01
 -9.610D-04 -6.541D-02
 -5.640D-04 -4.192D-01
 -1.594D-03  1.872D-02
 -7.147D-04 -4.064D-01
 -2.855D-03  1.014D-01
 -8.803D-04 -3.968D-01
 -6.247D-03  1.818D-01
 -1.046D-03 -3.999D-01
 -1.739D-05  6.148D-01
 -2.521D-05  2.514D-01
 -3.525D-05 -2.338D-02
 -5.038D-05 -2.025D-01
 -6.440D-05 -3.610D-01
 -9.114D-05 -3.925D-01
 -1.056D-04 -5.268D-01
 -1.531D-04 -4.381D-01
 -1.599D-04 -6.044D-01
 -2.459D-04 -4.070D-01
 -2.285D-04 -6.351D-01
 -3.863D-04 -3.354D-01
 -3.127D-04 -6.400D-01
 -6.043D-04 -2.440D-01
 -4.136D-04 -6.307D-01
 -9.582D-04 -1.454D-01
 -5.316D-04 -6.147D-01
 -1.575D-03 -4.682D-02
 -6.657D-04 -5.977D-01
 -2.798D-03  4.789D-02
 -8.118D-04 -5.859D-01
 -6.075D-03  1.386D-01
 -9.563D-04 -5.912D-01
 -1.556D-05  6.046D-01
 -2.176D-05  2.086D-01
 -3.099D-05 -1.036D-01
 -4.123D-05 -3.503D-01
 -5.786D-05 -4.787D-01
 -7.043D-05 -6.531D-01
 -9.945D-05 -6.211D-01
 -1.101D-04 -8.069D-01
 -1.614D-04 -6.300D-01
 -1.611D-04 -8.779D-01
 -2.533D-04 -5.664D-01
 -2.246D-04 -9.021D-01
 -3.914D-04 -4.660D-01
 -3.015D-04 -8.997D-01
 -6.050D-04 -3.501D-01
 -3.926D-04 -8.827D-01
 -9.503D-04 -2.310D-01
 -4.983D-04 -8.595D-01
 -1.550D-03 -1.158D-01
 -6.174D-04 -8.366D-01
 -2.734D-03 -7.576D-03
 -7.460D-04 -8.217D-01
 -5.896D-03  9.453D-02
 -8.720D-04 -8.303D-01
 -1.389D-05  5.970D-01
 -1.921D-05  1.630D-01
 -2.611D-05 -2.068D-01
 -3.646D-05 -4.744D-01
 -4.628D-05 -7.267D-01
 -6.434D-05 -7.932D-01
 -7.483D-05 -1.009D+00
 -1.062D-04 -8.898D-01
 -1.119D-04 -1.091D+00
 -1.677D-04 -8.546D-01
 -1.587D-04 -1.125D+00
 -2.581D-04 -7.496D-01
 -2.163D-04 -1.131D+00
 -3.934D-04 -6.129D-01
 -2.855D-04 -1.121D+00
 -6.019D-04 -4.666D-01
 -3.671D-04 -1.102D+00
 -9.380D-04 -3.232D-01
 -4.610D-04 -1.080D+00
 -1.519D-03 -1.887D-01
 -5.661D-04 -1.057D+00
 -2.664D-03 -6.510D-02
 -6.784D-04 -1.040D+00
 -5.711D-03  4.966D-02
 -7.862D-04 -1.039D+00
 -1.250D-05  5.876D-01
 -1.669D-05  1.156D-01
 -2.296D-05 -3.066D-01
 -3.003D-05 -6.807D-01
 -4.137D-05 -9.035D-01
 -4.993D-05 -1.122D+00
 -6.936D-05 -1.106D+00
 -7.644D-05 -1.285D+00
 -1.106D-04 -1.129D+00
 -1.106D-04 -1.361D+00
 -1.713D-04 -1.077D+00
 -1.532D-04 -1.378D+00
 -2.605D-04 -9.650D-01
 -2.049D-04 -1.375D+00
 -3.925D-04 -7.803D-01
 -2.667D-04 -1.360D+00
 -5.955D-04 -5.959D-01
 -3.389D-04 -1.338D+00
 -9.217D-04 -4.230D-01
 -4.215D-04 -1.313D+00
 -1.485D-03 -2.659D-01
 -5.132D-04 -1.284D+00
 -2.589D-03 -1.248D-01
 -6.104D-04 -1.263D+00
 -5.523D-03  3.962D-03
 -7.023D-04 -1.262D+00
 -1.124D-05  5.805D-01
 -1.478D-05  6.560D-02
 -1.944D-05 -4.391D-01
 -2.648D-05 -8.603D-01
 -3.301D-05 -1.180D+00
 -4.493D-05 -1.263D+00
 -5.157D-05 -1.453D+00
 -7.242D-05 -1.379D+00
 -7.598D-05 -1.563D+00
 -1.128D-04 -1.361D+00
 -1.069D-04 -1.611D+00
 -1.719D-04 -1.267D+00
 -1.451D-04 -1.622D+00
 -2.591D-04 -1.138D+00
 -1.911D-04 -1.611D+00
 -3.892D-04 -9.746D-01
 -2.455D-04 -1.587D+00
 -5.860D-04 -7.408D-01
 -3.088D-04 -1.556D+00
 -9.019D-04 -5.317D-01
 -3.807D-04 -1.523D+00
 -1.446D-03 -3.479D-01
 -4.601D-04 -1.492D+00
 -2.511D-03 -1.870D-01
 -5.434D-04 -1.468D+00
 -5.333D-03 -4.259D-02
 -6.208D-04 -1.462D+00
 -1.018D-05  5.718D-01
 -1.291D-05  1.287D-02
 -1.708D-05 -5.691D-01
 -2.181D-05 -1.119D+00
 -2.908D-05 -1.352D+00
 -3.443D-05 -1.576D+00
 -4.708D-05 -1.573D+00
 -5.156D-05 -1.791D+00
 -7.380D-05 -1.619D+00
 -7.382D-05 -1.886D+00
 -1.129D-04 -1.567D+00
 -1.016D-04 -1.923D+00
 -1.702D-04 -1.464D+00
 -1.355D-04 -1.923D+00
 -2.548D-04 -1.316D+00
 -1.760D-04 -1.901D+00
 -3.816D-04 -1.134D+00
 -2.236D-04 -1.867D+00
 -5.741D-04 -9.056D-01
 -2.786D-04 -1.826D+00
 -8.792D-04 -6.510D-01
 -3.406D-04 -1.784D+00
 -1.404D-03 -4.356D-01
 -4.086D-04 -1.746D+00
 -2.429D-03 -2.517D-01
 -4.794D-04 -1.716D+00
 -5.141D-03 -9.002D-02
 -5.443D-04 -1.708D+00
 -9.203D-06  5.653D-01
 -1.146D-05 -4.248D-02
 -1.451D-05 -7.489D-01
 -1.900D-05 -1.286D+00
 -2.293D-05 -1.626D+00
 -3.053D-05 -1.748D+00
 -3.473D-05 -2.005D+00
 -4.809D-05 -1.906D+00
 -5.046D-05 -2.218D+00
 -7.387D-05 -1.903D+00
 -7.047D-05 -2.324D+00
 -1.114D-04 -1.810D+00
 -9.525D-05 -2.355D+00
 -1.665D-04 -1.659D+00
 -1.251D-04 -2.340D+00
 -2.482D-04 -1.490D+00
 -1.604D-04 -2.298D+00
 -3.708D-04 -1.292D+00
 -2.016D-04 -2.241D+00
 -5.594D-04 -1.080D+00
 -2.490D-04 -2.178D+00
 -8.541D-04 -7.833D-01
 -3.023D-04 -2.116D+00
 -1.359D-03 -5.296D-01
 -3.602D-04 -2.061D+00
 -2.345D-03 -3.194D-01
 -4.200D-04 -2.022D+00
 -4.950D-03 -1.384D-01
 -4.737D-04 -2.015D+00
 -8.375D-06  5.574D-01
 -1.005D-05 -1.018D-01
 -1.274D-05 -9.310D-01
 -1.547D-05 -1.528D+00
 -1.993D-05 -1.828D+00
 -2.325D-05 -2.188D+00
 -3.130D-05 -2.211D+00
 -3.271D-05 -2.064D+00
 -4.824D-05 -2.330D+00
 -4.456D-05 -1.820D+00
 -7.291D-05 -2.257D+00
 -6.003D-05 -1.735D+00
 -1.088D-04 -2.086D+00
 -7.949D-05 -1.713D+00
 -1.613D-04 -1.885D+00
 -1.035D-04 -1.727D+00
 -2.394D-04 -1.669D+00
 -1.325D-04 -1.762D+00
 -3.577D-04 -1.458D+00
 -1.669D-04 -1.813D+00
 -5.396D-04 -1.212D+00
 -2.071D-04 -1.875D+00
 -8.270D-04 -9.316D-01
 -2.528D-04 -1.940D+00
 -1.313D-03 -6.311D-01
 -3.027D-04 -1.995D+00
 -2.260D-03 -3.903D-01
 -3.531D-04 -2.018D+00
 -4.759D-03 -1.877D-01
 -3.941D-04 -1.959D+00
 -7.616D-06  5.516D-01
 -8.940D-06 -1.639D-01
 -1.081D-05 -1.145D+00
 -1.332D-05 -1.718D+00
 -1.563D-05 -2.237D+00
 -2.013D-05 -2.308D+00
 -2.068D-05 -1.720D+00
 -2.900D-05 -1.861D+00
 -2.802D-05 -1.496D+00
 -4.370D-05 -1.834D+00
 -3.768D-05 -1.192D+00
 -6.702D-05 -1.995D+00
 -5.008D-05 -1.080D+00
 -1.046D-04 -2.382D+00
 -6.561D-05 -1.075D+00
 -1.550D-04 -2.150D+00
 -8.467D-05 -1.133D+00
 -2.293D-04 -1.873D+00
 -1.077D-04 -1.234D+00
 -3.425D-04 -1.611D+00
 -1.350D-04 -1.364D+00
 -5.178D-04 -1.362D+00
 -1.665D-04 -1.461D+00
 -7.982D-04 -1.096D+00
 -2.016D-04 -1.487D+00
 -1.264D-03 -7.414D-01
 -2.397D-04 -1.507D+00
 -2.173D-03 -4.648D-01
 -2.779D-04 -1.511D+00
 -4.570D-03 -2.380D-01
 -3.089D-04 -1.469D+00
 -6.962D-06  5.445D-01
 -7.866D-06 -2.316D-01
 -9.393D-06 -1.305D+00
 -1.076D-05 -2.025D+00
 -1.305D-05 -2.183D+00
 -1.338D-05 -1.575D+00
 -1.756D-05 -1.549D+00
 -1.737D-05 -7.200D-01
 -2.571D-05 -1.261D+00
 -2.304D-05 -3.371D-01
 -3.886D-05 -1.378D+00
 -3.068D-05 -1.923D-01
 -5.941D-05 -1.596D+00
 -4.036D-05 -1.500D-01
 -9.220D-05 -1.843D+00
 -5.239D-05 -1.657D-01
 -1.463D-04 -2.350D+00
 -6.707D-05 -2.183D-01
 -2.184D-04 -2.106D+00
 -8.468D-05 -2.955D-01
 -3.256D-04 -1.792D+00
 -1.055D-04 -3.897D-01
 -4.940D-04 -1.506D+00
 -1.298D-04 -4.956D-01
 -7.635D-04 -1.213D+00
 -1.572D-04 -5.980D-01
 -1.215D-03 -8.623D-01
 -1.866D-04 -6.808D-01
 -2.086D-03 -5.434D-01
 -2.156D-04 -7.154D-01
 -4.383D-03 -2.895D-01
 -2.379D-04 -6.383D-01
 -6.362D-06  5.393D-01
 -7.008D-06 -3.023D-01
 -7.891D-06 -1.508D+00
 -9.195D-06 -2.329D+00
 -9.073D-06 -1.583D+00
 -1.090D-05 -1.071D+00
 -1.086D-05 -2.227D-01
 -1.497D-05 -3.819D-01
 -1.442D-05  4.482D-01
 -2.208D-05 -2.933D-01
 -1.926D-05  7.853D-01
 -3.349D-05 -4.737D-01
 -2.543D-05  9.170D-01
 -5.189D-05 -8.857D-01
 -3.315D-05  9.372D-01
 -8.149D-05 -1.553D+00
 -4.265D-05  8.895D-01
 -1.285D-04 -1.867D+00
 -5.413D-05  7.976D-01
 -2.068D-04 -2.409D+00
 -6.777D-05  6.771D-01
 -3.085D-04 -1.982D+00
 -8.367D-05  5.395D-01
 -4.686D-04 -1.649D+00
 -1.018D-04  3.961D-01
 -7.275D-04 -1.343D+00
 -1.219D-04  2.600D-01
 -1.165D-03 -9.959D-01
 -1.433D-04  1.515D-01
 -1.999D-03 -6.266D-01
 -1.644D-04  1.061D-01
 -4.200D-03 -3.422D-01
 -1.812D-04  2.040D-01
 -5.840D-06  5.332D-01
 -6.182D-06 -3.809D-01
 -6.797D-06 -1.678D+00
 -6.821D-06 -1.896D+00
 -7.193D-06 -9.794D-01
 -7.055D-06  7.709D-02
 -9.084D-06  2.856D-01
 -9.039D-06  1.210D+00
 -1.304D-05  7.384D-01
 -1.199D-05  1.665D+00
 -1.934D-05  6.889D-01
 -1.623D-05  1.886D+00
 -2.913D-05  3.351D-01
 -2.139D-05  1.961D+00
 -4.443D-05 -1.968D-01
 -2.762D-05  1.950D+00
 -7.034D-05 -7.690D-01
 -3.502D-05  1.884D+00
 -1.131D-04 -1.591D+00
 -4.368D-05  1.783D+00
 -1.834D-04 -2.042D+00
 -5.361D-05  1.659D+00
 -2.905D-04 -2.216D+00
 -6.544D-05  1.530D+00
 -4.420D-04 -1.814D+00
 -7.957D-05  1.408D+00
 -6.905D-04 -1.482D+00
 -9.520D-05  1.296D+00
 -1.115D-03 -1.142D+00
 -1.117D-04  1.209D+00
 -1.913D-03 -7.153D-01
 -1.278D-04  1.175D+00
 -4.020D-03 -3.962D-01
 -1.398D-04  1.258D+00
 -5.359D-06  5.286D-01
 -5.513D-06 -4.633D-01
 -5.665D-06 -1.914D+00
 -5.395D-06 -1.595D+00
 -4.861D-06  1.478D-02
 -5.740D-06  7.973D-01
 -5.843D-06  1.757D+00
 -7.760D-06  1.612D+00
 -7.974D-06  2.495D+00
 -1.146D-05  1.794D+00
 -1.069D-05  2.814D+00
 -1.673D-05  1.618D+00
 -1.408D-05  2.952D+00
 -2.523D-05  1.236D+00
 -1.828D-05  2.984D+00
 -3.884D-05  6.452D-01
 -2.341D-05  2.951D+00
 -6.009D-05 -1.621D-01
 -2.958D-05  2.874D+00
 -9.781D-05 -9.068D-01
 -3.688D-05  2.771D+00
 -1.607D-04 -1.718D+00
 -4.534D-05  2.651D+00
 -2.720D-04 -2.459D+00
 -5.499D-05  2.525D+00
 -4.159D-04 -1.984D+00
 -6.576D-05  2.400D+00
 -6.521D-04 -1.602D+00
 -7.775D-05  2.277D+00
 -1.059D-03 -1.244D+00
 -9.031D-05  2.184D+00
 -1.828D-03 -8.101D-01
 -1.025D-04  2.149D+00
 -3.843D-03 -4.516D-01
 -1.122D-04  2.241D+00
 -4.938D-06  5.233D-01
 -4.872D-06 -5.567D-01
 -4.850D-06 -2.154D+00
 -3.844D-06 -6.519D-01
 -3.869D-06  8.208D-01
 -3.955D-06  2.078D+00
 -5.028D-06  2.328D+00
 -5.308D-06  3.123D+00
 -7.198D-06  2.783D+00
 -7.638D-06  3.506D+00
 -1.050D-05  2.790D+00
 -1.036D-05  3.699D+00
 -1.544D-05  2.535D+00
 -1.363D-05  3.775D+00
 -2.273D-05  2.069D+00
 -1.754D-05  3.776D+00
 -3.329D-05  1.424D+00
 -2.216D-05  3.730D+00
 -5.247D-05  6.448D-01
 -2.754D-05  3.653D+00
 -8.358D-05 -3.124D-01
 -3.369D-05  3.558D+00
 -1.406D-04 -1.306D+00
 -4.059D-05  3.454D+00
 -2.376D-04 -2.012D+00
 -4.819D-05  3.348D+00
 -3.895D-04 -2.189D+00
 -5.640D-05  3.248D+00
 -6.132D-04 -1.738D+00
 -6.511D-05  3.161D+00
 -1.003D-03 -1.357D+00
 -7.417D-05  3.098D+00
 -1.744D-03 -9.122D-01
 -8.340D-05  3.077D+00
 -3.671D-03 -5.087D-01
 -9.221D-05  3.144D+00
 -4.550D-06  5.194D-01
 -4.348D-06 -6.553D-01
 -3.979D-06 -2.372D+00
 -2.959D-06 -5.874D-02
 -2.759D-06  1.960D+00
 -3.281D-06  2.719D+00
 -3.774D-06  3.519D+00
 -4.935D-06  3.456D+00
 -5.271D-06  4.159D+00
 -7.252D-06  3.644D+00
 -7.787D-06  4.284D+00
 -1.045D-05  3.546D+00
 -1.063D-05  4.357D+00
 -1.469D-05  3.274D+00
 -1.391D-05  4.380D+00
 -2.029D-05  2.867D+00
 -1.765D-05  4.367D+00
 -3.027D-05  2.210D+00
 -2.187D-05  4.333D+00
 -4.493D-05  1.368D+00
 -2.654D-05  4.286D+00
 -7.259D-05  3.789D-01
 -3.159D-05  4.235D+00
 -1.204D-04 -6.667D-01
 -3.695D-05  4.185D+00
 -2.082D-04 -1.732D+00
 -4.251D-05  4.142D+00
 -3.641D-04 -2.444D+00
 -4.957D-05  4.050D+00
 -5.747D-04 -1.886D+00
 -5.788D-05  3.941D+00
 -9.475D-04 -1.483D+00
 -6.646D-05  3.864D+00
 -1.661D-03 -1.023D+00
 -7.474D-05  3.840D+00
 -3.504D-03 -5.676D-01
 -8.127D-05  3.927D+00
 -4.207D-06  5.149D-01
 -3.848D-06 -7.695D-01
 -3.144D-06 -1.895D+00
 -2.149D-06  1.058D+00
 -2.255D-06  2.673D+00
 -2.606D-06  3.738D+00
 -3.289D-06  4.008D+00
 -4.116D-06  4.424D+00
 -5.223D-06  4.263D+00
 -5.900D-06  4.771D+00
 -7.628D-06  4.286D+00
 -8.594D-06  4.768D+00
 -1.047D-05  4.195D+00
 -1.173D-05  4.746D+00
 -1.404D-05  3.975D+00
 -1.516D-05  4.741D+00
 -1.995D-05  3.480D+00
 -1.882D-05  4.745D+00
 -2.674D-05  2.940D+00
 -2.266D-05  4.758D+00
 -4.060D-05  2.099D+00
 -2.656D-05  4.784D+00
 -6.247D-05  1.092D+00
 -3.092D-05  4.780D+00
 -1.029D-04 -1.700D-01
 -3.680D-05  4.679D+00
 -1.817D-04 -1.325D+00
 -4.318D-05  4.585D+00
 -3.240D-04 -2.199D+00
 -4.999D-05  4.501D+00
 -5.374D-04 -2.043D+00
 -5.712D-05  4.432D+00
 -8.916D-04 -1.587D+00
 -6.450D-05  4.386D+00
 -1.580D-03 -1.144D+00
 -7.198D-05  4.373D+00
 -3.341D-03 -6.285D-01
 -7.911D-05  4.429D+00
 -3.890D-06  5.117D-01
 -3.435D-06 -8.919D-01
 -2.403D-06 -1.546D+00
 -1.709D-06  1.797D+00
 -1.829D-06  3.587D+00
 -2.345D-06  4.185D+00
 -2.943D-06  4.734D+00
 -3.812D-06  4.719D+00
 -5.243D-06  4.718D+00
 -5.943D-06  4.751D+00
 -7.791D-06  4.781D+00
 -8.266D-06  4.766D+00
 -1.066D-05  4.835D+00
 -1.112D-05  4.657D+00
 -1.431D-05  4.778D+00
 -1.502D-05  4.367D+00
 -1.807D-05  4.786D+00
 -1.886D-05  4.108D+00
 -2.188D-05  4.828D+00
 -2.639D-05  3.493D+00
 -2.653D-05  4.796D+00
 -3.594D-05  2.788D+00
 -3.156D-05  4.762D+00
 -5.503D-05  1.757D+00
 -3.690D-05  4.732D+00
 -8.979D-05  5.668D-01
 -4.248D-05  4.708D+00
 -1.558D-04 -7.285D-01
 -4.822D-05  4.693D+00
 -2.834D-04 -1.883D+00
 -5.408D-05  4.688D+00
 -5.004D-04 -2.231D+00
 -6.010D-05  4.689D+00
 -8.363D-04 -1.698D+00
 -6.645D-05  4.694D+00
 -1.498D-03 -1.247D+00
 -7.362D-05  4.695D+00
 -3.184D-03 -6.916D-01
 -8.255D-05  4.685D+00
 -3.608D-06  5.079D-01
 -3.044D-06 -1.037D+00
 -1.868D-06 -7.855D-01
 -1.302D-06  2.786D+00
 -1.593D-06  4.137D+00
 -2.173D-06  4.749D+00
 -3.114D-06  4.696D+00
 -4.308D-06  4.742D+00
 -5.217D-06  4.763D+00
 -8.245D-06  4.210D+00
 -7.618D-06  4.792D+00
 -1.268D-05  4.015D+00
 -1.044D-05  4.742D+00
 -1.756D-05  3.937D+00
 -1.345D-05  4.685D+00
 -2.279D-05  3.918D+00
 -1.586D-05  4.720D+00
 -2.827D-05  3.933D+00
 -2.009D-05  4.439D+00
 -3.387D-05  3.974D+00
 -2.475D-05  4.081D+00
 -3.948D-05  4.034D+00
 -3.462D-05  3.329D+00
 -4.498D-05  4.112D+00
 -4.926D-05  2.430D+00
 -5.026D-05  4.203D+00
 -7.704D-05  1.204D+00
 -5.526D-05  4.308D+00
 -1.334D-04 -2.594D-01
 -5.995D-05  4.422D+00
 -2.494D-04 -1.687D+00
 -6.443D-05  4.540D+00
 -4.659D-04 -2.458D+00
 -6.896D-05  4.650D+00
 -7.819D-04 -1.823D+00
 -7.424D-05  4.732D+00
 -1.415D-03 -1.336D+00
 -8.170D-05  4.746D+00
 -3.031D-03 -7.572D-01
 -9.480D-05  4.620D+00
 -3.347D-06  5.053D-01
 -2.713D-06 -1.177D+00
 -1.389D-06 -9.702D-02
 -1.141D-06  3.377D+00
 -1.449D-06  4.722D+00
 -2.325D-06  4.698D+00
 -3.963D-06  4.269D+00
 -5.184D-06  4.236D+00
 -8.141D-06  3.733D+00
 -8.785D-06  3.997D+00
 -1.302D-05  3.540D+00
 -1.231D-05  4.009D+00
 -1.856D-05  3.457D+00
 -1.525D-05  4.178D+00
 -2.468D-05  3.425D+00
 -1.683D-05  4.531D+00
 -3.130D-05  3.422D+00
 -1.887D-05  4.701D+00
 -3.832D-05  3.438D+00
 -2.159D-05  4.672D+00
 -4.564D-05  3.468D+00
 -2.606D-05  4.386D+00
 -5.316D-05  3.508D+00
 -3.197D-05  3.916D+00
 -6.079D-05  3.558D+00
 -4.477D-05  3.014D+00
 -6.845D-05  3.615D+00
 -6.866D-05  1.840D+00
 -7.609D-05  3.678D+00
 -1.162D-04  4.078D-01
 -8.373D-05  3.743D+00
 -2.154D-04 -1.110D+00
 -9.145D-05  3.807D+00
 -4.175D-04 -2.306D+00
 -9.952D-05  3.864D+00
 -7.300D-04 -1.949D+00
 -1.085D-04  3.904D+00
 -1.334D-03 -1.433D+00
 -1.195D-04  3.908D+00
 -2.883D-03 -8.256D-01
 -1.354D-04  3.839D+00
 -3.114D-06  5.023D-01
 -2.389D-06 -1.287D+00
 -1.099D-06  7.299D-01
 -9.593D-07  4.119D+00
 -1.566D-06  4.667D+00
 -3.071D-06  4.104D+00
 -4.660D-06  3.839D+00
 -7.267D-06  3.439D+00
 -8.721D-06  3.520D+00
 -1.231D-05  3.224D+00
 -1.313D-05  3.454D+00
 -1.818D-05  3.132D+00
 -1.755D-05  3.502D+00
 -2.480D-05  3.091D+00
 -2.152D-05  3.638D+00
 -3.212D-05  3.078D+00
 -2.434D-05  3.880D+00
 -4.004D-05  3.081D+00
 -2.497D-05  4.293D+00
 -4.849D-05  3.096D+00
 -2.474D-05  4.692D+00
 -5.738D-05  3.119D+00
 -2.709D-05  4.662D+00
 -6.662D-05  3.149D+00
 -3.303D-05  4.227D+00
 -7.614D-05  3.185D+00
 -4.275D-05  3.520D+00
 -8.586D-05  3.225D+00
 -6.109D-05  2.462D+00
 -9.577D-05  3.268D+00
 -1.001D-04  1.019D+00
 -1.059D-04  3.311D+00
 -1.850D-04 -6.060D-01
 -1.163D-04  3.353D+00
 -3.656D-04 -1.993D+00
 -1.272D-04  3.389D+00
 -6.797D-04 -2.088D+00
 -1.391D-04  3.413D+00
 -1.255D-03 -1.539D+00
 -1.531D-04  3.413D+00
 -2.741D-03 -8.971D-01
 -1.716D-04  3.366D+00
 -2.898D-06  5.003D-01
 -2.116D-06 -1.406D+00
 -8.337D-07  1.555D+00
 -9.084D-07  4.479D+00
 -1.909D-06  4.295D+00
 -3.616D-06  3.678D+00
 -5.955D-06  3.262D+00
 -7.798D-06  3.230D+00
 -1.095D-05  3.003D+00
 -1.261D-05  3.110D+00
 -1.689D-05  2.896D+00
 -1.783D-05  3.102D+00
 -2.373D-05  2.847D+00
 -2.313D-05  3.159D+00
 -3.141D-05  2.825D+00
 -2.804D-05  3.275D+00
 -3.987D-05  2.820D+00
 -3.193D-05  3.461D+00
 -4.903D-05  2.826D+00
 -3.391D-05  3.753D+00
 -5.881D-05  2.839D+00
 -3.252D-05  4.246D+00
 -6.915D-05  2.858D+00
 -3.105D-05  4.641D+00
 -7.997D-05  2.882D+00
 -3.230D-05  4.636D+00
 -9.120D-05  2.909D+00
 -4.008D-05  4.016D+00
 -1.028D-04  2.938D+00
 -5.589D-05  2.997D+00
 -1.147D-04  2.969D+00
 -8.787D-05  1.605D+00
 -1.270D-04  3.001D+00
 -1.593D-04 -1.411D-01
 -1.397D-04  3.030D+00
 -3.221D-04 -1.785D+00
 -1.531D-04  3.055D+00
 -6.308D-04 -2.249D+00
 -1.676D-04  3.071D+00
 -1.178D-03 -1.622D+00
 -1.841D-04  3.069D+00
 -2.604D-03 -9.723D-01
 -2.049D-04  3.033D+00
 -2.704D-06  4.979D-01
 -1.858D-06 -1.526D+00
 -6.904D-07  2.292D+00
 -9.351D-07  4.634D+00
 -2.335D-06  3.777D+00
 -4.431D-06  3.196D+00
 -6.401D-06  3.055D+00
 -9.207D-06  2.846D+00
 -1.130D-05  2.878D+00
 -1.503D-05  2.718D+00
 -1.687D-05  2.832D+00
 -2.186D-05  2.659D+00
 -2.289D-05  2.847D+00
 -2.965D-05  2.631D+00
 -2.902D-05  2.906D+00
 -3.835D-05  2.620D+00
 -3.484D-05  3.006D+00
 -4.789D-05  2.619D+00
 -3.973D-05  3.157D+00
 -5.822D-05  2.626D+00
 -4.287D-05  3.384D+00
 -6.926D-05  2.637D+00
 -4.301D-05  3.737D+00
 -8.094D-05  2.653D+00
 -3.809D-05  4.363D+00
 -9.321D-05  2.671D+00
 -3.714D-05  4.581D+00
 -1.060D-04  2.693D+00
 -4.120D-05  4.293D+00
 -1.193D-04  2.715D+00
 -5.292D-05  3.479D+00
 -1.330D-04  2.739D+00
 -7.866D-05  2.204D+00
 -1.472D-04  2.762D+00
 -1.387D-04  4.956D-01
 -1.620D-04  2.784D+00
 -2.808D-04 -1.383D+00
 -1.775D-04  2.802D+00
 -5.858D-04 -2.439D+00
 -1.943D-04  2.812D+00
 -1.103D-03 -1.711D+00
 -2.130D-04  2.809D+00
 -2.472D-03 -1.051D+00
 -2.359D-04  2.780D+00
 -2.523D-06  4.965D-01
 -1.638D-06 -1.631D+00
 -5.619D-07  3.038D+00
 -9.775D-07  4.639D+00
 -2.857D-06  3.290D+00
 -4.788D-06  2.979D+00
 -7.291D-06  2.747D+00
 -9.539D-06  2.717D+00
 -1.284D-05  2.582D+00
 -1.516D-05  2.637D+00
 -1.949D-05  2.510D+00
 -2.149D-05  2.625D+00
 -2.719D-05  2.476D+00
 -2.828D-05  2.650D+00
 -3.590D-05  2.460D+00
 -3.522D-05  2.707D+00
 -4.557D-05  2.454D+00
 -4.189D-05  2.795D+00
 -5.615D-05  2.456D+00
 -4.772D-05  2.922D+00
 -6.758D-05  2.462D+00
 -5.192D-05  3.106D+00
 -7.979D-05  2.472D+00
 -5.337D-05  3.380D+00
 -9.272D-05  2.485D+00
 -5.032D-05  3.824D+00
 -1.063D-04  2.500D+00
 -3.964D-05  4.695D+00
 -1.205D-04  2.517D+00
 -4.089D-05  4.611D+00
 -1.353D-04  2.535D+00
 -4.919D-05  3.958D+00
 -1.507D-04  2.553D+00
 -6.889D-05  2.767D+00
 -1.667D-04  2.571D+00
 -1.197D-04  1.046D+00
 -1.833D-04  2.587D+00
 -2.420D-04 -8.739D-01
 -2.008D-04  2.600D+00
 -5.353D-04 -2.492D+00
 -2.195D-04  2.607D+00
 -1.030D-03 -1.809D+00
 -2.402D-04  2.603D+00
 -2.345D-03 -1.135D+00
 -2.648D-04  2.579D+00
 -2.360D-06  4.948D-01
 -1.430D-06 -1.757D+00
 -4.917D-07  3.612D+00
 -1.343D-06  3.840D+00
 -3.137D-06  3.040D+00
 -5.350D-06  2.709D+00
 -7.576D-06  2.614D+00
 -1.052D-05  2.481D+00
 -1.303D-05  2.494D+00
 -1.684D-05  2.392D+00
 -1.936D-05  2.458D+00
 -2.429D-05  2.350D+00
 -2.642D-05  2.462D+00
 -3.284D-05  2.328D+00
 -3.396D-05  2.491D+00
 -4.244D-05  2.319D+00
 -4.168D-05  2.544D+00
 -5.304D-05  2.317D+00
 -4.917D-05  2.623D+00
 -6.460D-05  2.319D+00
 -5.589D-05  2.732D+00
 -7.706D-05  2.325D+00
 -6.108D-05  2.886D+00
 -9.036D-05  2.334D+00
 -6.370D-05  3.109D+00
 -1.044D-04  2.345D+00
 -6.219D-05  3.451D+00
 -1.193D-04  2.357D+00
 -5.398D-05  4.049D+00
 -1.348D-04  2.371D+00
 -4.649D-05  4.543D+00
 -1.510D-04  2.385D+00
 -5.035D-05  4.210D+00
 -1.678D-04  2.399D+00
 -6.655D-05  3.195D+00
 -1.853D-04  2.413D+00
 -1.059D-04  1.600D+00
 -2.036D-04  2.425D+00
 -2.089D-04 -4.627D-01
 -2.228D-04  2.435D+00
 -4.700D-04 -2.166D+00
 -2.433D-04  2.439D+00
 -9.608D-04 -1.910D+00
 -2.657D-04  2.435D+00
 -2.224D-03 -1.225D+00
 -2.919D-04  2.414D+00
 -2.208D-06  4.939D-01
 -1.257D-06 -1.879D+00
 -4.425D-07  4.125D+00
 -1.568D-06  3.443D+00
 -3.497D-06  2.771D+00
 -5.584D-06  2.569D+00
 -8.190D-06  2.415D+00
 -1.070D-05  2.389D+00
 -1.409D-05  2.298D+00
 -1.684D-05  2.330D+00
 -2.118D-05  2.246D+00
 -2.388D-05  2.316D+00
 -2.942D-05  2.219D+00
 -3.164D-05  2.328D+00
 -3.878D-05  2.206D+00
 -3.990D-05  2.359D+00
 -4.923D-05  2.200D+00
 -4.837D-05  2.409D+00
 -6.071D-05  2.200D+00
 -5.665D-05  2.478D+00
 -7.319D-05  2.203D+00
 -6.420D-05  2.574D+00
 -8.661D-05  2.208D+00
 -7.032D-05  2.706D+00
 -1.009D-04  2.216D+00
 -7.402D-05  2.892D+00
 -1.161D-04  2.225D+00
 -7.385D-05  3.168D+00
 -1.320D-04  2.235D+00
 -6.761D-05  3.618D+00
 -1.488D-04  2.246D+00
 -5.096D-05  4.534D+00
 -1.662D-04  2.257D+00
 -4.826D-05  4.590D+00
 -1.844D-04  2.268D+00
 -6.097D-05  3.686D+00
 -2.033D-04  2.279D+00
 -9.471D-05  2.155D+00
 -2.230D-04  2.288D+00
 -1.820D-04  6.529D-02
 -2.437D-04  2.295D+00
 -4.150D-04 -1.938D+00
 -2.657D-04  2.298D+00
 -8.951D-04 -2.011D+00
 -2.897D-04  2.293D+00
 -2.106D-03 -1.309D+00
 -3.172D-04  2.274D+00
 -2.071D-06  4.927D-01
 -1.095D-06 -2.022D+00
 -4.066D-07  4.533D+00
 -1.811D-06  3.088D+00
 -3.684D-06  2.613D+00
 -5.970D-06  2.391D+00
 -8.356D-06  2.319D+00
 -1.137D-05  2.227D+00
 -1.415D-05  2.230D+00
 -1.799D-05  2.160D+00
 -2.096D-05  2.201D+00
 -2.582D-05  2.127D+00
 -2.868D-05  2.199D+00
 -3.482D-05  2.110D+00
 -3.712D-05  2.215D+00
 -4.497D-05  2.102D+00
 -4.608D-05  2.246D+00
 -5.622D-05  2.099D+00
 -5.525D-05  2.292D+00
 -6.854D-05  2.099D+00
 -6.427D-05  2.355D+00
 -8.188D-05  2.102D+00
 -7.262D-05  2.440D+00
 -9.620D-05  2.107D+00
 -7.961D-05  2.555D+00
 -1.115D-04  2.113D+00
 -8.431D-05  2.714D+00
 -1.276D-04  2.120D+00
 -8.537D-05  2.943D+00
 -1.446D-04  2.129D+00
 -8.078D-05  3.301D+00
 -1.624D-04  2.137D+00
 -6.711D-05  3.949D+00
 -1.809D-04  2.146D+00
 -5.503D-05  4.486D+00
 -2.003D-04  2.155D+00
 -6.031D-05  3.988D+00
 -2.205D-04  2.164D+00
 -8.294D-05  2.683D+00
 -2.415D-04  2.171D+00
 -1.584D-04  6.187D-01
 -2.635D-04  2.175D+00
 -3.667D-04 -1.780D+00
 -2.869D-04  2.177D+00
 -8.319D-04 -2.124D+00
 -3.122D-04  2.171D+00
 -1.987D-03 -1.373D+00
 -3.408D-04  2.154D+00
 -1.942D-06  4.923D-01
 -9.577D-07 -2.185D+00
 -4.316D-07  4.555D+00
 -1.964D-06  2.867D+00
 -3.932D-06  2.436D+00
 -6.111D-06  2.290D+00
 -8.769D-06  2.179D+00
 -1.144D-05  2.155D+00
 -1.486D-05  2.090D+00
 -1.789D-05  2.108D+00
 -2.219D-05  2.049D+00
 -2.536D-05  2.095D+00
 -3.074D-05  2.028D+00
 -3.372D-05  2.100D+00
 -4.048D-05  2.016D+00
 -4.282D-05  2.118D+00
 -5.137D-05  2.011D+00
 -5.244D-05  2.148D+00
 -6.338D-05  2.009D+00
 -6.229D-05  2.191D+00
 -7.649D-05  2.010D+00
 -7.200D-05  2.248D+00
 -9.063D-05  2.013D+00
 -8.110D-05  2.323D+00
 -1.058D-04  2.017D+00
 -8.892D-05  2.425D+00
 -1.219D-04  2.022D+00
 -9.455D-05  2.562D+00
 -1.389D-04  2.028D+00
 -9.674D-05  2.758D+00
 -1.569D-04  2.035D+00
 -9.362D-05  3.052D+00
 -1.756D-04  2.042D+00
 -8.220D-05  3.550D+00
 -1.952D-04  2.049D+00
 -5.765D-05  4.586D+00
 -2.157D-04  2.056D+00
 -5.941D-05  4.286D+00
 -2.369D-04  2.063D+00
 -7.978D-05  3.084D+00
 -2.591D-04  2.068D+00
 -1.366D-04  1.114D+00
 -2.823D-04  2.071D+00
 -3.187D-04 -1.276D+00
 -3.069D-04  2.071D+00
 -7.713D-04 -2.252D+00
 -3.333D-04  2.065D+00
 -1.874D-03 -1.439D+00
 -3.629D-04  2.050D+00
 -1.825D-06  4.916D-01
 -8.345D-07 -2.391D+00
 -4.543D-07  4.526D+00
 -2.133D-06  2.651D+00
 -4.052D-06  2.323D+00
 -6.368D-06  2.162D+00
 -8.844D-06  2.105D+00
 -1.188D-05  2.036D+00
 -1.482D-05  2.035D+00
 -1.865D-05  1.983D+00
 -2.190D-05  2.009D+00
 -2.667D-05  1.957D+00
 -3.000D-05  2.005D+00
 -3.590D-05  1.942D+00
 -3.899D-05  2.014D+00
 -4.634D-05  1.935D+00
 -4.871D-05  2.033D+00
 -5.794D-05  1.931D+00
 -5.895D-05  2.062D+00
 -7.067D-05  1.930D+00
 -6.944D-05  2.101D+00
 -8.451D-05  1.931D+00
 -7.982D-05  2.153D+00
 -9.941D-05  1.934D+00
 -8.962D-05  2.221D+00
 -1.153D-04  1.937D+00
 -9.820D-05  2.311D+00
 -1.322D-04  1.942D+00
 -1.047D-04  2.432D+00
 -1.501D-04  1.947D+00
 -1.080D-04  2.601D+00
 -1.689D-04  1.952D+00
 -1.062D-04  2.849D+00
 -1.885D-04  1.957D+00
 -9.666D-05  3.250D+00
 -2.090D-04  1.963D+00
 -7.441D-05  4.038D+00
 -2.304D-04  1.968D+00
 -6.055D-05  4.462D+00
 -2.527D-04  1.973D+00
 -7.334D-05  3.538D+00
 -2.758D-04  1.977D+00
 -1.227D-04  1.640D+00
 -3.001D-04  1.979D+00
 -2.772D-04 -8.479D-01
 -3.257D-04  1.978D+00
 -7.163D-04 -2.395D+00
 -3.531D-04  1.972D+00
 -1.766D-03 -1.509D+00
 -3.835D-04  1.957D+00
 -1.716D-06  4.917D-01
 -6.972D-07 -2.114D+00
 -5.958D-07  3.833D+00
 -2.236D-06  2.504D+00
 -4.217D-06  2.196D+00
 -6.439D-06  2.083D+00
 -9.107D-06  1.999D+00
 -1.187D-05  1.978D+00
 -1.527D-05  1.928D+00
 -1.846D-05  1.939D+00
 -2.271D-05  1.895D+00
 -2.616D-05  1.926D+00
 -3.138D-05  1.877D+00
 -3.487D-05  1.927D+00
 -4.128D-05  1.867D+00
 -4.445D-05  1.938D+00
 -5.238D-05  1.862D+00
 -5.476D-05  1.957D+00
 -6.465D-05  1.860D+00
 -6.560D-05  1.985D+00
 -7.806D-05  1.859D+00
 -7.668D-05  2.021D+00
 -9.258D-05  1.860D+00
 -8.768D-05  2.068D+00
 -1.082D-04  1.863D+00
 -9.814D-05  2.130D+00
 -1.248D-04  1.865D+00
 -1.074D-04  2.210D+00
 -1.424D-04  1.869D+00
 -1.148D-04  2.318D+00
 -1.610D-04  1.873D+00
 -1.190D-04  2.465D+00
 -1.806D-04  1.877D+00
 -1.184D-04  2.679D+00
 -2.010D-04  1.881D+00
 -1.106D-04  3.012D+00
 -2.223D-04  1.886D+00
 -9.121D-05  3.616D+00
 -2.445D-04  1.890D+00
 -6.621D-05  4.432D+00
 -2.677D-04  1.893D+00
 -7.070D-05  3.868D+00
 -2.917D-04  1.895D+00
 -1.098D-04  2.140D+00
 -3.169D-04  1.896D+00
 -2.402D-04 -4.831D-01
 -3.434D-04  1.894D+00
 -6.643D-04 -2.562D+00
 -3.716D-04  1.888D+00
 -1.662D-03 -1.584D+00
 -4.028D-04  1.875D+00
 -1.616D-06  4.915D-01
 -5.743D-07 -1.803D+00
 -6.954D-07  3.433D+00
 -2.352D-06  2.355D+00
 -4.284D-06  2.110D+00
 -6.599D-06  1.986D+00
 -9.113D-06  1.939D+00
 -1.213D-05  1.885D+00
 -1.515D-05  1.882D+00
 -1.894D-05  1.842D+00
 -2.235D-05  1.860D+00
 -2.700D-05  1.820D+00
 -3.064D-05  1.854D+00
 -3.631D-05  1.808D+00
 -3.992D-05  1.859D+00
 -4.684D-05  1.801D+00
 -5.007D-05  1.870D+00
 -5.857D-05  1.797D+00
 -6.094D-05  1.889D+00
 -7.146D-05  1.795D+00
 -7.233D-05  1.915D+00
 -8.550D-05  1.795D+00
 -8.398D-05  1.949D+00
 -1.007D-04  1.796D+00
 -9.556D-05  1.992D+00
 -1.169D-04  1.798D+00
 -1.066D-04  2.048D+00
 -1.342D-04  1.800D+00
 -1.166D-04  2.120D+00
 -1.524D-04  1.803D+00
 -1.247D-04  2.216D+00
 -1.717D-04  1.806D+00
 -1.298D-04  2.347D+00
 -1.919D-04  1.809D+00
 -1.304D-04  2.533D+00
 -2.131D-04  1.812D+00
 -1.241D-04  2.816D+00
 -2.351D-04  1.815D+00
 -1.071D-04  3.302D+00
 -2.581D-04  1.818D+00
 -7.099D-05  4.424D+00
 -2.820D-04  1.820D+00
 -7.018D-05  4.122D+00
 -3.068D-04  1.822D+00
 -9.702D-05  2.621D+00
 -3.327D-04  1.821D+00
 -2.107D-04  2.191D-02
 -3.600D-04  1.819D+00
 -5.976D-04 -2.436D+00
 -3.889D-04  1.813D+00
 -1.562D-03 -1.643D+00
 -4.206D-04  1.800D+00
 -1.523D-06  4.919D-01
 -4.783D-07 -1.599D+00
 -7.908D-07  3.105D+00
 -2.418D-06  2.247D+00
 -4.388D-06  2.013D+00
 -6.617D-06  1.922D+00
 -9.264D-06  1.856D+00
 -1.205D-05  1.837D+00
 -1.542D-05  1.798D+00
 -1.869D-05  1.804D+00
 -2.284D-05  1.770D+00
 -2.647D-05  1.792D+00
 -3.152D-05  1.755D+00
 -3.532D-05  1.791D+00
 -4.143D-05  1.746D+00
 -4.514D-05  1.797D+00
 -5.255D-05  1.741D+00
 -5.583D-05  1.809D+00
 -6.487D-05  1.738D+00
 -6.722D-05  1.827D+00
 -7.835D-05  1.737D+00
 -7.913D-05  1.851D+00
 -9.298D-05  1.737D+00
 -9.131D-05  1.883D+00
 -1.087D-04  1.737D+00
 -1.034D-04  1.922D+00
 -1.255D-04  1.739D+00
 -1.151D-04  1.973D+00
 -1.434D-04  1.740D+00
 -1.257D-04  2.039D+00
 -1.623D-04  1.742D+00
 -1.345D-04  2.126D+00
 -1.821D-04  1.745D+00
 -1.405D-04  2.242D+00
 -2.030D-04  1.747D+00
 -1.421D-04  2.406D+00
 -2.247D-04  1.749D+00
 -1.372D-04  2.650D+00
 -2.474D-04  1.751D+00
 -1.222D-04  3.054D+00
 -2.710D-04  1.753D+00
 -9.037D-05  3.883D+00
 -2.955D-04  1.754D+00
 -6.734D-05  4.434D+00
 -3.211D-04  1.755D+00
 -9.281D-05  2.995D+00
 -3.476D-04  1.754D+00
 -1.848D-04  5.150D-01
 -3.755D-04  1.750D+00
 -5.301D-04 -2.179D+00
 -4.050D-04  1.744D+00
 -1.466D-03 -1.701D+00
 -4.372D-04  1.732D+00
 -1.437D-06  4.922D-01
 -3.884D-07 -1.013D+00
 -8.599D-07  2.877D+00
 -2.494D-06  2.136D+00
 -4.416D-06  1.944D+00
 -6.704D-06  1.845D+00
 -9.218D-06  1.805D+00
 -1.219D-05  1.762D+00
 -1.524D-05  1.757D+00
 -1.895D-05  1.726D+00
 -2.245D-05  1.738D+00
 -2.696D-05  1.708D+00
 -3.077D-05  1.732D+00
 -3.622D-05  1.697D+00
 -4.016D-05  1.733D+00
 -4.670D-05  1.690D+00
 -5.050D-05  1.741D+00
 -5.839D-05  1.686D+00
 -6.169D-05  1.753D+00
 -7.126D-05  1.684D+00
 -7.357D-05  1.770D+00
 -8.529D-05  1.683D+00
 -8.597D-05  1.793D+00
 -1.005D-04  1.683D+00
 -9.863D-05  1.822D+00
 -1.167D-04  1.683D+00
 -1.113D-04  1.859D+00
 -1.341D-04  1.684D+00
 -1.234D-04  1.905D+00
 -1.525D-04  1.685D+00
 -1.346D-04  1.965D+00
 -1.719D-04  1.687D+00
 -1.441D-04  2.044D+00
 -1.923D-04  1.688D+00
 -1.509D-04  2.148D+00
 -2.137D-04  1.690D+00
 -1.535D-04  2.294D+00
 -2.360D-04  1.691D+00
 -1.499D-04  2.507D+00
 -2.592D-04  1.692D+00
 -1.367D-04  2.850D+00
 -2.834D-04  1.693D+00
 -1.081D-04  3.504D+00
 -3.084D-04  1.694D+00
 -7.473D-05  4.344D+00
 -3.345D-04  1.693D+00
 -8.534D-05  3.416D+00
 -3.617D-04  1.691D+00
 -1.605D-04  9.672D-01
 -3.900D-04  1.688D+00
 -4.720D-04 -1.987D+00
 -4.201D-04  1.681D+00
 -1.374D-03 -1.763D+00
 -4.525D-04  1.669D+00
 -1.357D-06  4.929D-01
 -3.191D-07 -5.426D-01
 -9.272D-07  2.672D+00
 -2.531D-06  2.052D+00
 -4.472D-06  1.866D+00
 -6.682D-06  1.792D+00
 -9.284D-06  1.738D+00
 -1.207D-05  1.720D+00
 -1.536D-05  1.689D+00
 -1.865D-05  1.692D+00
 -2.270D-05  1.666D+00
 -2.640D-05  1.681D+00
 -3.128D-05  1.652D+00
 -3.525D-05  1.678D+00
 -4.109D-05  1.644D+00
 -4.514D-05  1.682D+00
 -5.211D-05  1.639D+00
 -5.597D-05  1.689D+00
 -6.432D-05  1.636D+00
 -6.762D-05  1.702D+00
 -7.771D-05  1.634D+00
 -7.997D-05  1.718D+00
 -9.224D-05  1.633D+00
 -9.281D-05  1.739D+00
 -1.079D-04  1.633D+00
 -1.059D-04  1.766D+00
 -1.247D-04  1.633D+00
 -1.190D-04  1.800D+00
 -1.425D-04  1.634D+00
 -1.317D-04  1.843D+00
 -1.614D-04  1.634D+00
 -1.434D-04  1.898D+00
 -1.813D-04  1.635D+00
 -1.535D-04  1.969D+00
 -2.021D-04  1.636D+00
 -1.610D-04  2.063D+00
 -2.240D-04  1.637D+00
 -1.645D-04  2.194D+00
 -2.468D-04  1.637D+00
 -1.621D-04  2.382D+00
 -2.705D-04  1.638D+00
 -1.506D-04  2.678D+00
 -2.951D-04  1.638D+00
 -1.248D-04  3.214D+00
 -3.207D-04  1.637D+00
 -7.752D-05  4.417D+00
 -3.472D-04  1.636D+00
 -8.108D-05  3.747D+00
 -3.748D-04  1.634D+00
 -1.437D-04  1.441D+00
 -4.036D-04  1.630D+00
 -4.195D-04 -1.842D+00
 -4.340D-04  1.623D+00
 -1.287D-03 -1.827D+00
 -4.667D-04  1.611D+00
 -1.283D-06  4.936D-01
 -2.594D-07 -3.895D-02
 -9.751D-07  2.517D+00
 -2.577D-06  1.965D+00
 -4.470D-06  1.809D+00
 -6.714D-06  1.728D+00
 -9.199D-06  1.694D+00
 -1.211D-05  1.659D+00
 -1.514D-05  1.653D+00
 -1.876D-05  1.629D+00
 -2.227D-05  1.636D+00
 -2.664D-05  1.612D+00
 -3.053D-05  1.630D+00
 -3.576D-05  1.602D+00
 -3.988D-05  1.630D+00
 -4.609D-05  1.596D+00
 -5.024D-05  1.634D+00
 -5.762D-05  1.592D+00
 -6.152D-05  1.642D+00
 -7.032D-05  1.590D+00
 -7.362D-05  1.654D+00
 -8.419D-05  1.588D+00
 -8.638D-05  1.669D+00
 -9.919D-05  1.587D+00
 -9.965D-05  1.689D+00
 -1.153D-04  1.587D+00
 -1.132D-04  1.714D+00
 -1.325D-04  1.586D+00
 -1.267D-04  1.745D+00
 -1.508D-04  1.586D+00
 -1.398D-04  1.785D+00
 -1.701D-04  1.587D+00
 -1.520D-04  1.835D+00
 -1.904D-04  1.587D+00
 -1.627D-04  1.900D+00
 -2.117D-04  1.587D+00
 -1.709D-04  1.986D+00
 -2.339D-04  1.587D+00
 -1.752D-04  2.103D+00
 -2.571D-04  1.587D+00
 -1.739D-04  2.271D+00
 -2.812D-04  1.587D+00
 -1.640D-04  2.530D+00
 -3.063D-04  1.586D+00
 -1.405D-04  2.981D+00
 -3.322D-04  1.585D+00
 -9.304D-05  4.033D+00
 -3.591D-04  1.583D+00
 -8.066D-05  3.969D+00
 -3.871D-04  1.580D+00
 -1.296D-04  1.897D+00
 -4.163D-04  1.576D+00
 -3.683D-04 -1.427D+00
 -4.469D-04  1.569D+00
 -1.204D-03 -1.891D+00
 -4.798D-04  1.558D+00
 -1.214D-06  4.947D-01
 -2.166D-07  5.478D-01
 -1.022D-06  2.373D+00
 -2.593D-06  1.897D+00
 -4.490D-06  1.746D+00
 -6.662D-06  1.683D+00
 -9.203D-06  1.638D+00
 -1.195D-05  1.622D+00
 -1.516D-05  1.597D+00
 -1.843D-05  1.597D+00
 -2.235D-05  1.576D+00
 -2.606D-05  1.587D+00
 -3.076D-05  1.564D+00
 -3.482D-05  1.584D+00
 -4.038D-05  1.557D+00
 -4.463D-05  1.585D+00
 -5.120D-05  1.552D+00
 -5.543D-05  1.590D+00
 -6.321D-05  1.549D+00
 -6.714D-05  1.598D+00
 -7.637D-05  1.547D+00
 -7.964D-05  1.609D+00
 -9.068D-05  1.545D+00
 -9.280D-05  1.624D+00
 -1.061D-04  1.544D+00
 -1.064D-04  1.642D+00
 -1.226D-04  1.543D+00
 -1.204D-04  1.665D+00
 -1.402D-04  1.543D+00
 -1.343D-04  1.694D+00
 -1.589D-04  1.542D+00
 -1.478D-04  1.731D+00
 -1.786D-04  1.542D+00
 -1.605D-04  1.777D+00
 -1.992D-04  1.542D+00
 -1.716D-04  1.836D+00
 -2.209D-04  1.541D+00
 -1.804D-04  1.915D+00
 -2.435D-04  1.541D+00
 -1.856D-04  2.021D+00
 -2.670D-04  1.540D+00
 -1.853D-04  2.172D+00
 -2.915D-04  1.540D+00
 -1.768D-04  2.401D+00
 -3.168D-04  1.538D+00
 -1.555D-04  2.787D+00
 -3.431D-04  1.537D+00
 -1.123D-04  3.612D+00
 -3.703D-04  1.534D+00
 -7.646D-05  4.288D+00
 -3.986D-04  1.531D+00
 -1.149D-04  2.341D+00
 -4.280D-04  1.526D+00
 -3.245D-04 -1.047D+00
 -4.589D-04  1.518D+00
 -1.126D-03 -1.952D+00
 -4.919D-04  1.507D+00
 -1.150D-06  4.956D-01
 -1.767D-07  1.109D+00
 -1.054D-06  2.259D+00
 -2.615D-06  1.827D+00
 -4.466D-06  1.698D+00
 -6.653D-06  1.630D+00
 -9.089D-06  1.600D+00
 -1.192D-05  1.571D+00
 -1.491D-05  1.565D+00
 -1.841D-05  1.544D+00
 -2.190D-05  1.549D+00
 -2.612D-05  1.530D+00
 -3.002D-05  1.543D+00
 -3.503D-05  1.521D+00
 -3.923D-05  1.541D+00
 -4.513D-05  1.515D+00
 -4.948D-05  1.544D+00
 -5.641D-05  1.511D+00
 -6.070D-05  1.549D+00
 -6.885D-05  1.508D+00
 -7.280D-05  1.557D+00
 -8.244D-05  1.506D+00
 -8.568D-05  1.567D+00
 -9.715D-05  1.505D+00
 -9.920D-05  1.581D+00
 -1.130D-04  1.503D+00
 -1.132D-04  1.598D+00
 -1.299D-04  1.502D+00
 -1.275D-04  1.620D+00
 -1.478D-04  1.502D+00
 -1.417D-04  1.647D+00
 -1.668D-04  1.501D+00
 -1.556D-04  1.680D+00
 -1.868D-04  1.500D+00
 -1.687D-04  1.723D+00
 -2.078D-04  1.499D+00
 -1.804D-04  1.777D+00
 -2.298D-04  1.499D+00
 -1.897D-04  1.849D+00
 -2.527D-04  1.498D+00
 -1.956D-04  1.946D+00
 -2.765D-04  1.496D+00
 -1.963D-04  2.082D+00
 -3.012D-04  1.495D+00
 -1.892D-04  2.286D+00
 -3.268D-04  1.493D+00
 -1.698D-04  2.622D+00
 -3.534D-04  1.491D+00
 -1.301D-04  3.297D+00
 -3.808D-04  1.488D+00
 -8.238D-05  4.252D+00
 -4.093D-04  1.484D+00
 -1.076D-04  2.707D+00
 -4.389D-04  1.479D+00
 -2.846D-04 -7.117D-01
 -4.699D-04  1.471D+00
 -1.052D-03 -2.016D+00
 -5.029D-04  1.460D+00
 -1.090D-06  4.970D-01
 -1.510D-07  1.645D+00
 -1.085D-06  2.150D+00
 -2.614D-06  1.770D+00
 -4.459D-06  1.644D+00
 -6.578D-06  1.590D+00
 -9.047D-06  1.552D+00
 -1.173D-05  1.538D+00
 -1.484D-05  1.516D+00
 -1.806D-05  1.516D+00
 -2.185D-05  1.498D+00
 -2.553D-05  1.506D+00
 -3.004D-05  1.488D+00
 -3.411D-05  1.502D+00
 -3.942D-05  1.481D+00
 -4.376D-05  1.502D+00
 -4.997D-05  1.476D+00
 -5.442D-05  1.505D+00
 -6.168D-05  1.473D+00
 -6.602D-05  1.510D+00
 -7.454D-05  1.470D+00
 -7.848D-05  1.518D+00
 -8.851D-05  1.468D+00
 -9.170D-05  1.528D+00
 -1.036D-04  1.467D+00
 -1.056D-04  1.541D+00
 -1.198D-04  1.465D+00
 -1.199D-04  1.557D+00
 -1.370D-04  1.464D+00
 -1.344D-04  1.577D+00
 -1.553D-04  1.463D+00
 -1.490D-04  1.602D+00
 -1.746D-04  1.462D+00
 -1.633D-04  1.633D+00
 -1.949D-04  1.461D+00
 -1.767D-04  1.672D+00
 -2.161D-04  1.459D+00
 -1.888D-04  1.722D+00
 -2.383D-04  1.458D+00
 -1.987D-04  1.788D+00
 -2.615D-04  1.457D+00
 -2.053D-04  1.877D+00
 -2.855D-04  1.455D+00
 -2.069D-04  2.000D+00
 -3.105D-04  1.453D+00
 -2.009D-04  2.183D+00
 -3.363D-04  1.451D+00
 -1.834D-04  2.479D+00
 -3.630D-04  1.448D+00
 -1.467D-04  3.046D+00
 -3.906D-04  1.444D+00
 -8.644D-05  4.272D+00
 -4.192D-04  1.440D+00
 -1.006D-04  3.071D+00
 -4.489D-04  1.434D+00
 -2.497D-04 -3.510D-01
 -4.800D-04  1.427D+00
 -9.808D-04 -2.084D+00
 -5.129D-04  1.416D+00
 -1.034D-06  4.983D-01
 -1.289D-07  2.186D+00
 -1.104D-06  2.061D+00
 -2.619D-06  1.711D+00
 -4.418D-06  1.602D+00
 -6.538D-06  1.544D+00
 -8.912D-06  1.518D+00
 -1.165D-05  1.493D+00
 -1.457D-05  1.487D+00
 -1.796D-05  1.470D+00
 -2.138D-05  1.473D+00
 -2.544D-05  1.457D+00
 -2.931D-05  1.467D+00
 -3.410D-05  1.449D+00
 -3.832D-05  1.465D+00
 -4.393D-05  1.444D+00
 -4.837D-05  1.465D+00
 -5.490D-05  1.440D+00
 -5.941D-05  1.469D+00
 -6.701D-05  1.437D+00
 -7.137D-05  1.474D+00
 -8.024D-05  1.434D+00
 -8.417D-05  1.481D+00
 -9.457D-05  1.432D+00
 -9.770D-05  1.490D+00
 -1.100D-04  1.431D+00
 -1.119D-04  1.502D+00
 -1.265D-04  1.429D+00
 -1.265D-04  1.517D+00
 -1.440D-04  1.427D+00
 -1.413D-04  1.536D+00
 -1.626D-04  1.426D+00
 -1.562D-04  1.559D+00
 -1.821D-04  1.424D+00
 -1.707D-04  1.588D+00
 -2.027D-04  1.423D+00
 -1.845D-04  1.624D+00
 -2.241D-04  1.421D+00
 -1.970D-04  1.671D+00
 -2.466D-04  1.420D+00
 -2.074D-04  1.731D+00
 -2.699D-04  1.418D+00
 -2.146D-04  1.813D+00
 -2.941D-04  1.415D+00
 -2.170D-04  1.925D+00
 -3.192D-04  1.413D+00
 -2.122D-04  2.090D+00
 -3.452D-04  1.410D+00
 -1.963D-04  2.353D+00
 -3.720D-04  1.407D+00
 -1.623D-04  2.839D+00
 -3.998D-04  1.403D+00
 -9.370D-05  4.172D+00
 -4.285D-04  1.398D+00
 -9.117D-05  3.477D+00
 -4.582D-04  1.392D+00
 -2.220D-04  1.031D-01
 -4.892D-04  1.384D+00
 -9.133D-04 -2.157D+00
 -5.221D-04  1.374D+00
 -9.821D-07  4.999D-01
 -1.105D-07  2.678D+00
 -1.123D-06  1.975D+00
 -2.605D-06  1.663D+00
 -4.391D-06  1.556D+00
 -6.448D-06  1.509D+00
 -8.835D-06  1.477D+00
 -1.145D-05  1.464D+00
 -1.445D-05  1.445D+00
 -1.759D-05  1.444D+00
 -2.124D-05  1.429D+00
 -2.486D-05  1.435D+00
 -2.918D-05  1.420D+00
 -3.321D-05  1.431D+00
 -3.828D-05  1.413D+00
 -4.263D-05  1.430D+00
 -4.852D-05  1.409D+00
 -5.306D-05  1.431D+00
 -5.988D-05  1.405D+00
 -6.445D-05  1.434D+00
 -7.236D-05  1.403D+00
 -7.674D-05  1.439D+00
 -8.593D-05  1.400D+00
 -8.984D-05  1.446D+00
 -1.006D-04  1.398D+00
 -1.037D-04  1.455D+00
 -1.163D-04  1.396D+00
 -1.181D-04  1.466D+00
 -1.331D-04  1.395D+00
 -1.329D-04  1.480D+00
 -1.509D-04  1.393D+00
 -1.481D-04  1.497D+00
 -1.697D-04  1.391D+00
 -1.632D-04  1.519D+00
 -1.894D-04  1.389D+00
 -1.780D-04  1.545D+00
 -2.102D-04  1.387D+00
 -1.921D-04  1.579D+00
 -2.319D-04  1.385D+00
 -2.049D-04  1.622D+00
 -2.544D-04  1.383D+00
 -2.157D-04  1.678D+00
 -2.779D-04  1.381D+00
 -2.235D-04  1.753D+00
 -3.023D-04  1.378D+00
 -2.267D-04  1.856D+00
 -3.275D-04  1.375D+00
 -2.229D-04  2.006D+00
 -3.536D-04  1.372D+00
 -2.086D-04  2.241D+00
 -3.805D-04  1.368D+00
 -1.771D-04  2.664D+00
 -4.083D-04  1.364D+00
 -1.141D-04  3.708D+00
 -4.370D-04  1.358D+00
 -9.048D-05  3.679D+00
 -4.667D-04  1.352D+00
 -1.964D-04  5.131D-01
 -4.977D-04  1.344D+00
 -8.519D-04 -2.234D+00
 -5.303D-04  1.333D+00
 -9.335D-07  5.014D-01
 -9.997D-08  3.112D+00
 -1.133D-06  1.902D+00
 -2.596D-06  1.613D+00
 -4.337D-06  1.519D+00
 -6.386D-06  1.469D+00
 -8.686D-06  1.446D+00
 -1.133D-05  1.425D+00
 -1.417D-05  1.419D+00
 -1.743D-05  1.404D+00
 -2.077D-05  1.406D+00
 -2.467D-05  1.393D+00
 -2.846D-05  1.399D+00
 -3.305D-05  1.385D+00
 -3.722D-05  1.397D+00
 -4.255D-05  1.380D+00
 -4.701D-05  1.397D+00
 -5.317D-05  1.376D+00
 -5.779D-05  1.398D+00
 -6.490D-05  1.373D+00
 -6.951D-05  1.402D+00
 -7.771D-05  1.370D+00
 -8.210D-05  1.406D+00
 -9.161D-05  1.368D+00
 -9.548D-05  1.413D+00
 -1.066D-04  1.366D+00
 -1.096D-04  1.421D+00
 -1.225D-04  1.364D+00
 -1.242D-04  1.431D+00
 -1.396D-04  1.362D+00
 -1.393D-04  1.444D+00
 -1.576D-04  1.360D+00
 -1.546D-04  1.460D+00
 -1.766D-04  1.358D+00
 -1.700D-04  1.480D+00
 -1.965D-04  1.355D+00
 -1.850D-04  1.505D+00
 -2.174D-04  1.353D+00
 -1.994D-04  1.536D+00
 -2.393D-04  1.351D+00
 -2.126D-04  1.576D+00
 -2.620D-04  1.348D+00
 -2.238D-04  1.628D+00
 -2.856D-04  1.345D+00
 -2.320D-04  1.697D+00
 -3.100D-04  1.342D+00
 -2.359D-04  1.792D+00
 -3.353D-04  1.339D+00
 -2.332D-04  1.928D+00
 -3.614D-04  1.335D+00
 -2.203D-04  2.141D+00
 -3.883D-04  1.331D+00
 -1.911D-04  2.513D+00
 -4.161D-04  1.326D+00
 -1.326D-04  3.368D+00
 -4.448D-04  1.321D+00
 -8.828D-05  3.908D+00
 -4.745D-04  1.314D+00
 -1.718D-04  9.056D-01
 -5.053D-04  1.306D+00
 -7.936D-04 -2.317D+00
 -5.378D-04  1.295D+00
 -8.877D-07  5.032D-01
 -8.704D-08  3.582D+00
 -1.143D-06  1.832D+00
 -2.573D-06  1.571D+00
 -4.296D-06  1.479D+00
 -6.283D-06  1.438D+00
 -8.584D-06  1.410D+00
 -1.111D-05  1.398D+00
 -1.401D-05  1.382D+00
 -1.705D-05  1.380D+00
 -2.056D-05  1.367D+00
 -2.409D-05  1.371D+00
 -2.823D-05  1.359D+00
 -3.218D-05  1.367D+00
 -3.701D-05  1.353D+00
 -4.132D-05  1.365D+00
 -4.690D-05  1.348D+00
 -5.146D-05  1.366D+00
 -5.788D-05  1.345D+00
 -6.256D-05  1.367D+00
 -6.994D-05  1.342D+00
 -7.458D-05  1.371D+00
 -8.307D-05  1.339D+00
 -8.744D-05  1.375D+00
 -9.724D-05  1.337D+00
 -1.011D-04  1.381D+00
 -1.125D-04  1.335D+00
 -1.154D-04  1.389D+00
 -1.287D-04  1.332D+00
 -1.302D-04  1.398D+00
 -1.459D-04  1.330D+00
 -1.455D-04  1.410D+00
 -1.641D-04  1.328D+00
 -1.611D-04  1.425D+00
 -1.833D-04  1.326D+00
 -1.766D-04  1.444D+00
 -2.034D-04  1.323D+00
 -1.919D-04  1.467D+00
 -2.244D-04  1.320D+00
 -2.065D-04  1.496D+00
 -2.464D-04  1.318D+00
 -2.199D-04  1.533D+00
 -2.692D-04  1.315D+00
 -2.315D-04  1.581D+00
 -2.928D-04  1.312D+00
 -2.402D-04  1.644D+00
 -3.173D-04  1.308D+00
 -2.447D-04  1.732D+00
 -3.426D-04  1.304D+00
 -2.429D-04  1.857D+00
 -3.687D-04  1.300D+00
 -2.314D-04  2.049D+00
 -3.957D-04  1.296D+00
 -2.042D-04  2.380D+00
 -4.234D-04  1.290D+00
 -1.497D-04  3.101D+00
 -4.520D-04  1.285D+00
 -8.310D-05  4.210D+00
 -4.816D-04  1.278D+00
 -1.559D-04  1.322D+00
 -5.122D-04  1.269D+00
 -7.382D-04 -2.407D+00
 -5.444D-04  1.259D+00
 -8.451D-07  5.050D-01
 -8.363D-08  3.836D+00
 -1.145D-06  1.772D+00
 -2.554D-06  1.527D+00
 -4.233D-06  1.446D+00
 -6.205D-06  1.403D+00
 -8.426D-06  1.382D+00
 -1.097D-05  1.363D+00
 -1.372D-05  1.357D+00
 -1.684D-05  1.345D+00
 -2.009D-05  1.345D+00
 -2.382D-05  1.334D+00
 -2.752D-05  1.339D+00
 -3.190D-05  1.327D+00
 -3.600D-05  1.336D+00
 -4.107D-05  1.322D+00
 -4.549D-05  1.335D+00
 -5.131D-05  1.319D+00
 -5.595D-05  1.336D+00
 -6.262D-05  1.315D+00
 -6.735D-05  1.338D+00
 -7.499D-05  1.313D+00
 -7.964D-05  1.341D+00
 -8.840D-05  1.310D+00
 -9.274D-05  1.345D+00
 -1.028D-04  1.307D+00
 -1.066D-04  1.351D+00
 -1.183D-04  1.305D+00
 -1.211D-04  1.358D+00
 -1.347D-04  1.303D+00
 -1.362D-04  1.366D+00
 -1.521D-04  1.300D+00
 -1.516D-04  1.378D+00
 -1.705D-04  1.297D+00
 -1.673D-04  1.391D+00
 -1.898D-04  1.295D+00
 -1.830D-04  1.408D+00
 -2.100D-04  1.292D+00
 -1.985D-04  1.430D+00
 -2.312D-04  1.289D+00
 -2.133D-04  1.457D+00
 -2.532D-04  1.286D+00
 -2.270D-04  1.491D+00
 -2.760D-04  1.283D+00
 -2.389D-04  1.536D+00
 -2.997D-04  1.279D+00
 -2.480D-04  1.595D+00
 -3.242D-04  1.275D+00
 -2.531D-04  1.675D+00
 -3.495D-04  1.271D+00
 -2.522D-04  1.790D+00
 -3.756D-04  1.267D+00
 -2.419D-04  1.966D+00
 -4.024D-04  1.262D+00
 -2.167D-04  2.262D+00
 -4.301D-04  1.256D+00
 -1.655D-04  2.881D+00
 -4.586D-04  1.250D+00
 -9.058D-05  4.113D+00
 -4.880D-04  1.243D+00
 -1.420D-04  1.707D+00
 -5.184D-04  1.234D+00
 -6.856D-04 -2.508D+00
 -5.503D-04  1.224D+00
 -8.050D-07  5.070D-01
 -7.788D-08  4.139D+00
 -1.148D-06  1.712D+00
 -2.524D-06  1.490D+00
 -4.181D-06  1.410D+00
 -6.095D-06  1.374D+00
 -8.307D-06  1.349D+00
 -1.075D-05  1.338D+00
 -1.352D-05  1.324D+00
 -1.647D-05  1.322D+00
 -1.983D-05  1.311D+00
 -2.325D-05  1.314D+00
 -2.721D-05  1.303D+00
 -3.107D-05  1.310D+00
 -3.567D-05  1.298D+00
 -3.989D-05  1.307D+00
 -4.519D-05  1.294D+00
 -4.971D-05  1.307D+00
 -5.576D-05  1.290D+00
 -6.047D-05  1.308D+00
 -6.738D-05  1.287D+00
 -7.214D-05  1.309D+00
 -8.002D-05  1.284D+00
 -8.467D-05  1.312D+00
 -9.369D-05  1.282D+00
 -9.800D-05  1.316D+00
 -1.084D-04  1.279D+00
 -1.121D-04  1.321D+00
 -1.240D-04  1.276D+00
 -1.267D-04  1.328D+00
 -1.406D-04  1.274D+00
 -1.420D-04  1.336D+00
 -1.582D-04  1.271D+00
 -1.576D-04  1.346D+00
 -1.767D-04  1.268D+00
 -1.734D-04  1.359D+00
 -1.961D-04  1.265D+00
 -1.893D-04  1.375D+00
 -2.164D-04  1.262D+00
 -2.049D-04  1.394D+00
 -2.376D-04  1.259D+00
 -2.198D-04  1.420D+00
 -2.597D-04  1.255D+00
 -2.337D-04  1.451D+00
 -2.825D-04  1.252D+00
 -2.459D-04  1.493D+00
 -3.062D-04  1.248D+00
 -2.555D-04  1.548D+00
 -3.307D-04  1.244D+00
 -2.611D-04  1.622D+00
 -3.559D-04  1.239D+00
 -2.609D-04  1.728D+00
 -3.819D-04  1.234D+00
 -2.518D-04  1.889D+00
 -4.087D-04  1.229D+00
 -2.284D-04  2.156D+00
 -4.362D-04  1.223D+00
 -1.804D-04  2.696D+00
 -4.645D-04  1.217D+00
 -9.383D-05  4.138D+00
 -4.937D-04  1.209D+00
 -1.273D-04  2.092D+00
 -5.239D-04  1.200D+00
 -6.356D-04 -2.587D+00
 -5.555D-04  1.190D+00
 -7.675D-07  5.089D-01
 -7.823D-08  4.228D+00
 -1.144D-06  1.661D+00
 -2.498D-06  1.451D+00
 -4.112D-06  1.380D+00
 -6.005D-06  1.342D+00
 -8.143D-06  1.324D+00
 -1.058D-05  1.307D+00
 -1.323D-05  1.301D+00
 -1.623D-05  1.291D+00
 -1.936D-05  1.291D+00
 -2.294D-05  1.281D+00
 -2.652D-05  1.285D+00
 -3.070D-05  1.275D+00
 -3.470D-05  1.282D+00
 -3.951D-05  1.270D+00
 -4.385D-05  1.280D+00
 -4.936D-05  1.266D+00
 -5.397D-05  1.280D+00
 -6.024D-05  1.263D+00
 -6.500D-05  1.280D+00
 -7.214D-05  1.260D+00
 -7.692D-05  1.282D+00
 -8.504D-05  1.257D+00
 -8.968D-05  1.285D+00
 -9.893D-05  1.254D+00
 -1.032D-04  1.288D+00
 -1.138D-04  1.252D+00
 -1.174D-04  1.293D+00
 -1.296D-04  1.249D+00
 -1.323D-04  1.299D+00
 -1.464D-04  1.246D+00
 -1.476D-04  1.306D+00
 -1.641D-04  1.243D+00
 -1.634D-04  1.316D+00
 -1.827D-04  1.240D+00
 -1.793D-04  1.327D+00
 -2.022D-04  1.237D+00
 -1.953D-04  1.342D+00
 -2.226D-04  1.233D+00
 -2.110D-04  1.361D+00
 -2.438D-04  1.230D+00
 -2.261D-04  1.384D+00
 -2.658D-04  1.226D+00
 -2.402D-04  1.414D+00
 -2.887D-04  1.222D+00
 -2.526D-04  1.452D+00
 -3.123D-04  1.218D+00
 -2.625D-04  1.503D+00
 -3.367D-04  1.213D+00
 -2.687D-04  1.572D+00
 -3.619D-04  1.208D+00
 -2.692D-04  1.670D+00
 -3.878D-04  1.203D+00
 -2.612D-04  1.818D+00
 -4.144D-04  1.197D+00
 -2.395D-04  2.060D+00
 -4.418D-04  1.191D+00
 -1.943D-04  2.537D+00
 -4.699D-04  1.184D+00
 -9.974D-05  4.068D+00
 -4.989D-04  1.177D+00
 -1.173D-04  2.433D+00
 -5.288D-04  1.168D+00
 -5.734D-04 -2.364D+00
 -5.601D-04  1.157D+00
 -7.321D-07  5.111D-01
 -8.027D-08  4.237D+00
 -1.141D-06  1.610D+00
 -2.463D-06  1.418D+00
 -4.052D-06  1.348D+00
 -5.891D-06  1.316D+00
 -8.012D-06  1.294D+00
 -1.036D-05  1.284D+00
 -1.302D-05  1.272D+00
 -1.586D-05  1.269D+00
 -1.907D-05  1.260D+00
 -2.238D-05  1.262D+00
 -2.616D-05  1.253D+00
 -2.990D-05  1.257D+00
 -3.428D-05  1.247D+00
 -3.840D-05  1.255D+00
 -4.342D-05  1.243D+00
 -4.786D-05  1.254D+00
 -5.357D-05  1.240D+00
 -5.825D-05  1.254D+00
 -6.473D-05  1.237D+00
 -6.954D-05  1.254D+00
 -7.688D-05  1.234D+00
 -8.168D-05  1.256D+00
 -9.001D-05  1.231D+00
 -9.463D-05  1.258D+00
 -1.041D-04  1.228D+00
 -1.083D-04  1.261D+00
 -1.192D-04  1.225D+00
 -1.227D-04  1.266D+00
 -1.351D-04  1.222D+00
 -1.377D-04  1.271D+00
 -1.520D-04  1.219D+00
 -1.532D-04  1.278D+00
 -1.698D-04  1.216D+00
 -1.690D-04  1.286D+00
 -1.885D-04  1.212D+00
 -1.850D-04  1.297D+00
 -2.081D-04  1.209D+00
 -2.011D-04  1.311D+00
 -2.285D-04  1.205D+00
 -2.169D-04  1.328D+00
 -2.497D-04  1.201D+00
 -2.321D-04  1.350D+00
 -2.717D-04  1.197D+00
 -2.464D-04  1.377D+00
 -2.945D-04  1.193D+00
 -2.590D-04  1.413D+00
 -3.181D-04  1.189D+00
 -2.692D-04  1.461D+00
 -3.424D-04  1.184D+00
 -2.758D-04  1.525D+00
 -3.674D-04  1.178D+00
 -2.770D-04  1.616D+00
 -3.932D-04  1.173D+00
 -2.700D-04  1.752D+00
 -4.196D-04  1.167D+00
 -2.499D-04  1.973D+00
 -4.468D-04  1.160D+00
 -2.074D-04  2.398D+00
 -4.747D-04  1.153D+00
 -1.194D-04  3.630D+00
 -5.034D-04  1.145D+00
 -1.109D-04  2.740D+00
 -5.331D-04  1.136D+00
 -5.177D-04 -2.179D+00
 -5.639D-04  1.125D+00
 -6.990D-07  5.132D-01
 -8.674D-08  4.074D+00
 -1.133D-06  1.565D+00
 -2.431D-06  1.384D+00
 -3.979D-06  1.321D+00
 -5.794D-06  1.287D+00
 -7.845D-06  1.270D+00
 -1.018D-05  1.256D+00
 -1.273D-05  1.250D+00
 -1.560D-05  1.241D+00
 -1.861D-05  1.240D+00
 -2.203D-05  1.232D+00
 -2.549D-05  1.235D+00
 -2.947D-05  1.226D+00
 -3.335D-05  1.231D+00
 -3.793D-05  1.222D+00
 -4.216D-05  1.229D+00
 -4.737D-05  1.218D+00
 -5.190D-05  1.229D+00
 -5.781D-05  1.214D+00
 -6.254D-05  1.228D+00
 -6.922D-05  1.211D+00
 -7.405D-05  1.229D+00
 -8.160D-05  1.208D+00
 -8.640D-05  1.230D+00
 -9.494D-05  1.205D+00
 -9.952D-05  1.232D+00
 -1.092D-04  1.202D+00
 -1.134D-04  1.235D+00
 -1.244D-04  1.199D+00
 -1.279D-04  1.239D+00
 -1.405D-04  1.196D+00
 -1.430D-04  1.244D+00
 -1.575D-04  1.193D+00
 -1.585D-04  1.250D+00
 -1.754D-04  1.190D+00
 -1.744D-04  1.258D+00
 -1.941D-04  1.186D+00
 -1.906D-04  1.268D+00
 -2.137D-04  1.182D+00
 -2.067D-04  1.281D+00
 -2.341D-04  1.178D+00
 -2.226D-04  1.296D+00
 -2.553D-04  1.174D+00
 -2.379D-04  1.317D+00
 -2.773D-04  1.170D+00
 -2.522D-04  1.342D+00
 -3.000D-04  1.165D+00
 -2.651D-04  1.376D+00
 -3.235D-04  1.160D+00
 -2.755D-04  1.420D+00
 -3.477D-04  1.155D+00
 -2.826D-04  1.480D+00
 -3.726D-04  1.150D+00
 -2.844D-04  1.564D+00
 -3.982D-04  1.144D+00
 -2.783D-04  1.690D+00
 -4.244D-04  1.137D+00
 -2.597D-04  1.893D+00
 -4.514D-04  1.131D+00
 -2.196D-04  2.274D+00
 -4.790D-04  1.123D+00
 -1.370D-04  3.304D+00
 -5.074D-04  1.115D+00
 -1.023D-04  3.075D+00
 -5.367D-04  1.106D+00
 -4.672D-04 -2.024D+00
 -5.672D-04  1.095D+00
