 -9.215D-03  7.635D-01
 -4.758D-03  7.611D-01
 -8.269D-03  7.488D-01
 -2.818D-03  7.600D-01
 -4.858D-03  7.405D-01
 -7.610D-03  7.311D-01
 -1.899D-03  7.576D-01
 -2.872D-03  7.347D-01
 -5.004D-03  7.174D-01
 -7.079D-03  7.105D-01
 -1.357D-03  7.552D-01
 -1.992D-03  7.260D-01
 -2.911D-03  7.072D-01
 -5.155D-03  6.923D-01
 -6.621D-03  6.874D-01
 -1.016D-03  7.523D-01
 -1.436D-03  7.172D-01
 -2.076D-03  6.928D-01
 -2.926D-03  6.777D-01
 -5.292D-03  6.654D-01
 -6.211D-03  6.618D-01
 -7.852D-04  7.493D-01
 -1.087D-03  7.073D-01
 -1.501D-03  6.785D-01
 -2.150D-03  6.580D-01
 -2.918D-03  6.461D-01
 -5.408D-03  6.367D-01
 -5.835D-03  6.336D-01
 -6.225D-04  7.461D-01
 -8.449D-04  6.970D-01
 -1.149D-03  6.622D-01
 -1.550D-03  6.385D-01
 -2.211D-03  6.217D-01
 -2.890D-03  6.122D-01
 -5.500D-03  6.064D-01
 -5.486D-03  6.030D-01
 -5.033D-04  7.427D-01
 -6.730D-04  6.860D-01
 -8.956D-04  6.453D-01
 -1.200D-03  6.163D-01
 -1.584D-03  5.968D-01
 -2.260D-03  5.837D-01
 -2.843D-03  5.760D-01
 -5.566D-03  5.746D-01
 -5.160D-03  5.699D-01
 -4.138D-04  7.393D-01
 -5.454D-04  6.747D-01
 -7.165D-04  6.272D-01
 -9.363D-04  5.932D-01
 -1.240D-03  5.691D-01
 -1.603D-03  5.533D-01
 -2.297D-03  5.439D-01
 -2.782D-03  5.374D-01
 -5.607D-03  5.412D-01
 -4.853D-03  5.343D-01
 -3.450D-04  7.358D-01
 -4.489D-04  6.629D-01
 -5.815D-04  6.083D-01
 -7.525D-04  5.683D-01
 -9.670D-04  5.399D-01
 -1.271D-03  5.203D-01
 -1.608D-03  5.074D-01
 -2.323D-03  5.024D-01
 -2.708D-03  4.963D-01
 -5.624D-03  5.064D-01
 -4.563D-03  4.962D-01
 -2.910D-04  7.322D-01
 -3.740D-04  6.508D-01
 -4.792D-04  5.886D-01
 -6.111D-04  5.422D-01
 -7.809D-04  5.084D-01
 -9.880D-04  4.847D-01
 -1.293D-03  4.695D-01
 -1.602D-03  4.590D-01
 -2.338D-03  4.591D-01
 -2.625D-03  4.525D-01
 -5.618D-03  4.703D-01
 -4.288D-03  4.555D-01
 -2.480D-04  7.287D-01
 -3.151D-04  6.384D-01
 -3.991D-04  5.681D-01
 -5.042D-04  5.146D-01
 -6.339D-04  4.751D-01
 -8.021D-04  4.467D-01
 -9.999D-04  4.270D-01
 -1.307D-03  4.165D-01
 -1.584D-03  4.078D-01
 -2.343D-03  4.139D-01
 -2.533D-03  4.058D-01
 -5.591D-03  4.328D-01
 -4.028D-03  4.120D-01
 -2.133D-04  7.251D-01
 -2.678D-04  6.259D-01
 -3.358D-04  5.469D-01
 -4.196D-04  4.858D-01
 -5.238D-04  4.396D-01
 -6.501D-04  4.058D-01
 -8.165D-04  3.825D-01
 -1.004D-03  3.664D-01
 -1.313D-03  3.610D-01
 -1.558D-03  3.534D-01
 -2.338D-03  3.669D-01
 -2.437D-03  3.561D-01
 -5.545D-03  3.942D-01
 -3.780D-03  3.657D-01
 -1.849D-04  7.216D-01
 -2.295D-04  6.133D-01
 -2.848D-04  5.252D-01
 -3.528D-04  4.556D-01
 -4.354D-04  4.020D-01
 -5.381D-04  3.622D-01
 -6.601D-04  3.333D-01
 -8.248D-04  3.152D-01
 -9.997D-04  3.021D-01
 -1.312D-03  3.028D-01
 -1.523D-03  2.954D-01
 -2.325D-03  3.180D-01
 -2.336D-03  3.031D-01
 -5.482D-03  3.544D-01
 -3.545D-03  3.163D-01
 -1.614D-04  7.182D-01
 -1.981D-04  6.006D-01
 -2.434D-04  5.028D-01
 -2.986D-04  4.240D-01
 -3.658D-04  3.622D-01
 -4.466D-04  3.152D-01
 -5.474D-04  2.811D-01
 -6.643D-04  2.567D-01
 -8.274D-04  2.442D-01
 -9.890D-04  2.335D-01
 -1.305D-03  2.416D-01
 -1.482D-03  2.334D-01
 -2.303D-03  2.672D-01
 -2.232D-03  2.464D-01
 -5.403D-03  3.135D-01
 -3.321D-03  2.636D-01
 -1.418D-04  7.148D-01
 -1.721D-04  5.879D-01
 -2.093D-04  4.800D-01
 -2.545D-04  3.911D-01
 -3.090D-04  3.200D-01
 -3.751D-04  2.650D-01
 -4.534D-04  2.237D-01
 -5.521D-04  1.953D-01
 -6.631D-04  1.750D-01
 -8.250D-04  1.689D-01
 -9.724D-04  1.599D-01
 -1.293D-03  1.772D-01
 -1.435D-03  1.668D-01
 -2.275D-03  2.143D-01
 -2.126D-03  1.857D-01
 -5.311D-03  2.715D-01
 -3.108D-03  2.073D-01
 -1.252D-04  7.115D-01
 -1.503D-04  5.753D-01
 -1.810D-04  4.566D-01
 -2.181D-04  3.568D-01
 -2.628D-04  2.753D-01
 -3.161D-04  2.109D-01
 -3.806D-04  1.620D-01
 -4.559D-04  1.258D-01
 -5.526D-04  1.035D-01
 -6.570D-04  8.680D-02
 -8.181D-04  8.848D-02
 -9.505D-04  8.051D-02
 -1.276D-03  1.092D-01
 -1.384D-03  9.512D-02
 -2.240D-03  1.593D-01
 -2.020D-03  1.204D-01
 -5.206D-03  2.286D-01
 -2.905D-03  1.470D-01
 -1.112D-04  7.083D-01
 -1.320D-04  5.628D-01
 -1.573D-04  4.329D-01
 -1.879D-04  3.210D-01
 -2.245D-04  2.279D-01
 -2.683D-04  1.527D-01
 -3.198D-04  9.396D-02
 -3.826D-04  5.099D-02
 -4.545D-04  1.961D-02
 -5.493D-04  4.217D-03
 -6.467D-04 -9.195D-03
 -8.072D-04  2.160D-03
 -9.242D-04 -5.882D-03
 -1.254D-03  3.728D-02
 -1.329D-03  1.740D-02
 -2.199D-03  1.022D-01
 -1.913D-03  4.999D-02
 -5.092D-03  1.846D-01
 -2.712D-03  8.213D-02
 -9.925D-05  7.053D-01
 -1.164D-04  5.505D-01
 -1.374D-04  4.087D-01
 -1.626D-04  2.838D-01
 -1.927D-04  1.774D-01
 -2.284D-04  8.960D-02
 -2.709D-04  1.992D-02
 -3.205D-04 -3.368D-02
 -3.815D-04 -7.040D-02
 -4.497D-04 -9.718D-02
 -5.426D-04 -1.042D-01
 -6.325D-04 -1.148D-01
 -7.928D-04 -9.107D-02
 -8.942D-04 -1.006D-01
 -1.229D-03 -3.911D-02
 -1.271D-03 -6.736D-02
 -2.152D-03  4.262D-02
 -1.808D-03 -2.636D-02
 -4.969D-03  1.397D-01
 -2.528D-03  1.214D-02
 -8.894D-05  7.024D-01
 -1.031D-04  5.383D-01
 -1.204D-04  3.842D-01
 -1.412D-04  2.451D-01
 -1.660D-04  1.236D-01
 -1.953D-04  2.119D-02
 -2.298D-04 -6.236D-02
 -2.710D-04 -1.269D-01
 -3.184D-04 -1.757D-01
 -3.776D-04 -2.053D-01
 -4.417D-04 -2.276D-01
 -5.329D-04 -2.238D-01
 -6.150D-04 -2.324D-01
 -7.752D-04 -1.924D-01
 -8.609D-04 -2.054D-01
 -1.200D-03 -1.205D-01
 -1.211D-03 -1.605D-01
 -2.101D-03 -1.945D-02
 -1.704D-03 -1.096D-01
 -4.838D-03  9.387D-02
 -2.354D-03 -6.377D-02
 -8.003D-05  6.996D-01
 -9.170D-05  5.264D-01
 -1.060D-04  3.594D-01
 -1.231D-04  2.047D-01
 -1.434D-04  6.617D-02
 -1.675D-04 -5.365D-02
 -1.959D-04 -1.534D-01
 -2.290D-04 -2.337D-01
 -2.687D-04 -2.930D-01
 -3.137D-04 -3.371D-01
 -3.711D-04 -3.576D-01
 -4.309D-04 -3.755D-01
 -5.206D-04 -3.574D-01
 -5.946D-04 -3.650D-01
 -7.551D-04 -3.035D-01
 -8.252D-04 -3.225D-01
 -1.168D-03 -2.076D-01
 -1.150D-03 -2.636D-01
 -2.047D-03 -8.427D-02
 -1.601D-03 -2.011D-01
 -4.702D-03  4.704D-02
 -2.189D-03 -1.466D-01
 -7.227D-05  6.969D-01
 -8.185D-05  5.147D-01
 -9.354D-05  3.343D-01
 -1.076D-04  1.625D-01
 -1.243D-04  4.535D-03
 -1.440D-04 -1.358D-01
 -1.672D-04 -2.561D-01
 -1.945D-04 -3.544D-01
 -2.261D-04 -4.321D-01
 -2.643D-04 -4.854D-01
 -3.068D-04 -5.247D-01
 -3.624D-04 -5.331D-01
 -4.178D-04 -5.467D-01
 -5.061D-04 -5.088D-01
 -5.720D-04 -5.169D-01
 -7.327D-04 -4.264D-01
 -7.875D-04 -4.551D-01
 -1.134D-03 -3.013D-01
 -1.088D-03 -3.790D-01
 -1.989D-03 -1.521D-01
 -1.501D-03 -3.024D-01
 -4.561D-03 -7.726D-04
 -2.031D-03 -2.376D-01
 -6.550D-05  6.944D-01
 -7.330D-05  5.034D-01
 -8.284D-05  3.090D-01
 -9.431D-05  1.185D-01
 -1.080D-04 -6.181D-02
 -1.241D-04 -2.268D-01
 -1.431D-04 -3.722D-01
 -1.652D-04 -4.956D-01
 -1.914D-04 -5.936D-01
 -2.214D-04 -6.696D-01
 -2.581D-04 -7.148D-01
 -2.979D-04 -7.490D-01
 -3.519D-04 -7.398D-01
 -4.028D-04 -7.494D-01
 -4.898D-04 -6.831D-01
 -5.475D-04 -6.942D-01
 -7.086D-04 -5.637D-01
 -7.484D-04 -6.076D-01
 -1.098D-03 -4.026D-01
 -1.027D-03 -5.098D-01
 -1.928D-03 -2.233D-01
 -1.404D-03 -4.158D-01
 -4.417D-03 -4.960D-02
 -1.883D-03 -3.384D-01
 -5.954D-05  6.920D-01
 -6.584D-05  4.923D-01
 -7.357D-05  2.834D-01
 -8.288D-05  7.243D-02
 -9.398D-05 -1.336D-01
 -1.071D-04 -3.283D-01
 -1.226D-04 -5.060D-01
 -1.408D-04 -6.612D-01
 -1.619D-04 -7.916D-01
 -1.869D-04 -8.903D-01
 -2.152D-04 -9.656D-01
 -2.505D-04 -9.984D-01
 -2.876D-04 -1.027D+00
 -3.400D-04 -9.905D-01
 -3.863D-04 -9.965D-01
 -4.722D-04 -8.879D-01
 -5.217D-04 -9.060D-01
 -6.829D-04 -7.190D-01
 -7.085D-04 -7.860D-01
 -1.060D-03 -5.129D-01
 -9.649D-04 -6.600D-01
 -1.865D-03 -2.982D-01
 -1.310D-03 -5.440D-01
 -4.270D-03 -9.950D-02
 -1.741D-03 -4.513D-01
 -5.429D-05  6.898D-01
 -5.932D-05  4.816D-01
 -6.550D-05  2.576D-01
 -7.299D-05  2.415D-02
 -8.195D-05 -2.117D-01
 -9.259D-05 -4.429D-01
 -1.052D-04 -6.620D-01
 -1.199D-04 -8.624D-01
 -1.374D-04 -1.035D+00
 -1.567D-04 -1.128D+00
 -1.800D-04 -1.182D+00
 -2.057D-04 -1.223D+00
 -2.392D-04 -1.228D+00
 -2.729D-04 -1.239D+00
 -3.242D-04 -1.195D+00
 -3.653D-04 -1.196D+00
 -4.522D-04 -1.100D+00
 -4.930D-04 -1.117D+00
 -6.563D-04 -8.975D-01
 -6.683D-04 -1.000D+00
 -1.021D-03 -6.341D-01
 -9.042D-04 -8.359D-01
 -1.801D-03 -3.773D-01
 -1.219D-03 -6.913D-01
 -4.122D-03 -1.505D-01
 -1.608D-03 -5.792D-01
 -4.965D-05  6.877D-01
 -5.359D-05  4.713D-01
 -5.847D-05  2.315D-01
 -6.440D-05 -2.657D-02
 -7.155D-05 -2.972D-01
 -8.011D-05 -5.737D-01
 -9.030D-05 -8.485D-01
 -1.023D-04 -1.096D+00
 -1.153D-04 -1.230D+00
 -1.309D-04 -1.337D+00
 -1.486D-04 -1.421D+00
 -1.704D-04 -1.455D+00
 -1.940D-04 -1.479D+00
 -2.258D-04 -1.468D+00
 -2.563D-04 -1.470D+00
 -3.063D-04 -1.415D+00
 -3.423D-04 -1.415D+00
 -4.284D-04 -1.273D+00
 -4.607D-04 -1.303D+00
 -6.281D-04 -1.088D+00
 -6.235D-04 -1.175D+00
 -9.811D-04 -7.684D-01
 -8.448D-04 -1.046D+00
 -1.735D-03 -4.611D-01
 -1.131D-03 -8.634D-01
 -3.973D-03 -2.027D-01
 -1.482D-03 -7.260D-01
 -4.552D-05  6.857D-01
 -4.854D-05  4.614D-01
 -5.230D-05  2.053D-01
 -5.692D-05 -8.000D-02
 -6.255D-05 -3.915D-01
 -6.937D-05 -7.254D-01
 -7.762D-05 -1.076D+00
 -8.635D-05 -1.279D+00
 -9.664D-05 -1.451D+00
 -1.084D-04 -1.556D+00
 -1.227D-04 -1.634D+00
 -1.387D-04 -1.692D+00
 -1.590D-04 -1.715D+00
 -1.805D-04 -1.733D+00
 -2.108D-04 -1.699D+00
 -2.380D-04 -1.697D+00
 -2.866D-04 -1.607D+00
 -3.175D-04 -1.609D+00
 -4.033D-04 -1.461D+00
 -4.272D-04 -1.495D+00
 -5.953D-04 -1.234D+00
 -5.775D-04 -1.360D+00
 -9.406D-04 -9.189D-01
 -7.804D-04 -1.201D+00
 -1.668D-03 -5.504D-01
 -1.047D-03 -1.065D+00
 -3.824D-03 -2.562D-01
 -1.363D-03 -8.978D-01
 -4.183D-05  6.839D-01
 -4.407D-05  4.519D-01
 -4.689D-05  1.789D-01
 -5.039D-05 -1.364D-01
 -5.473D-05 -4.965D-01
 -6.011D-05 -9.045D-01
 -6.611D-05 -1.247D+00
 -7.272D-05 -1.489D+00
 -8.038D-05 -1.656D+00
 -8.954D-05 -1.801D+00
 -1.003D-04 -1.905D+00
 -1.135D-04 -1.974D+00
 -1.282D-04 -2.024D+00
 -1.473D-04 -2.027D+00
 -1.666D-04 -2.035D+00
 -1.953D-04 -1.972D+00
 -2.194D-04 -1.964D+00
 -2.662D-04 -1.837D+00
 -2.921D-04 -1.844D+00
 -3.769D-04 -1.636D+00
 -3.927D-04 -1.692D+00
 -5.618D-04 -1.402D+00
 -5.308D-04 -1.534D+00
 -8.999D-04 -1.090D+00
 -7.170D-04 -1.382D+00
 -1.601D-03 -6.460D-01
 -9.589D-04 -1.212D+00
 -3.676D-03 -3.112D-01
 -1.250D-03 -1.084D+00
 -3.854D-05  6.822D-01
 -4.010D-05  4.428D-01
 -4.211D-05  1.524D-01
 -4.467D-05 -1.963D-01
 -4.793D-05 -6.144D-01
 -5.210D-05 -1.116D+00
 -5.616D-05 -1.449D+00
 -6.087D-05 -1.691D+00
 -6.665D-05 -1.909D+00
 -7.367D-05 -2.092D+00
 -8.218D-05 -2.245D+00
 -9.201D-05 -2.371D+00
 -1.044D-04 -2.440D+00
 -1.168D-04 -2.393D+00
 -1.355D-04 -2.450D+00
 -1.528D-04 -2.451D+00
 -1.797D-04 -2.326D+00
 -2.006D-04 -2.312D+00
 -2.461D-04 -2.101D+00
 -2.672D-04 -2.119D+00
 -3.503D-04 -1.841D+00
 -3.588D-04 -1.919D+00
 -5.272D-04 -1.547D+00
 -4.842D-04 -1.728D+00
 -8.535D-04 -1.208D+00
 -6.540D-04 -1.544D+00
 -1.535D-03 -7.490D-01
 -8.743D-04 -1.387D+00
 -3.529D-03 -3.676D-01
 -1.136D-03 -1.230D+00
 -3.558D-05  6.806D-01
 -3.657D-05  4.341D-01
 -3.789D-05  1.256D-01
 -3.965D-05 -2.599D-01
 -4.200D-05 -7.487D-01
 -4.477D-05 -1.270D+00
 -4.746D-05 -1.628D+00
 -5.079D-05 -1.935D+00
 -5.509D-05 -2.224D+00
 -6.006D-05 -2.399D+00
 -6.338D-05 -2.062D+00
 -6.885D-05 -1.893D+00
 -7.558D-05 -1.793D+00
 -8.524D-05 -1.763D+00
 -9.547D-05 -1.740D+00
 -1.117D-04 -1.797D+00
 -1.258D-04 -1.808D+00
 -1.543D-04 -1.988D+00
 -1.715D-04 -2.000D+00
 -2.268D-04 -2.459D+00
 -2.411D-04 -2.382D+00
 -3.244D-04 -2.069D+00
 -3.258D-04 -2.200D+00
 -4.922D-04 -1.709D+00
 -4.396D-04 -1.944D+00
 -8.071D-04 -1.340D+00
 -5.925D-04 -1.731D+00
 -1.468D-03 -8.606D-01
 -7.919D-04 -1.542D+00
 -3.384D-03 -4.258D-01
 -1.028D-03 -1.402D+00
 -3.292D-05  6.792D-01
 -3.342D-05  4.258D-01
 -3.416D-05  9.875D-02
 -3.523D-05 -3.280D-01
 -3.682D-05 -9.036D-01
 -3.840D-05 -1.455D+00
 -3.992D-05 -1.849D+00
 -4.225D-05 -2.240D+00
 -4.370D-05 -2.172D+00
 -4.457D-05 -1.797D+00
 -4.704D-05 -1.619D+00
 -5.050D-05 -1.409D+00
 -5.533D-05 -1.192D+00
 -6.099D-05 -1.052D+00
 -6.943D-05 -1.056D+00
 -7.791D-05 -1.041D+00
 -9.238D-05 -1.237D+00
 -1.039D-04 -1.279D+00
 -1.294D-04 -1.610D+00
 -1.426D-04 -1.612D+00
 -1.910D-04 -1.906D+00
 -1.998D-04 -1.835D+00
 -2.991D-04 -2.365D+00
 -2.875D-04 -2.261D+00
 -4.579D-04 -1.887D+00
 -3.966D-04 -2.218D+00
 -7.605D-04 -1.477D+00
 -5.346D-04 -1.936D+00
 -1.402D-03 -9.827D-01
 -7.127D-04 -1.720D+00
 -3.242D-03 -4.858D-01
 -9.241D-04 -1.548D+00
 -3.051D-05  6.778D-01
 -3.060D-05  4.180D-01
 -3.084D-05  7.171D-02
 -3.133D-05 -4.010D-01
 -3.229D-05 -1.086D+00
 -3.278D-05 -1.618D+00
 -3.355D-05 -2.097D+00
 -3.380D-05 -2.194D+00
 -3.280D-05 -1.695D+00
 -3.322D-05 -1.248D+00
 -3.421D-05 -7.551D-01
 -3.621D-05 -4.595D-01
 -3.909D-05 -2.766D-01
 -4.329D-05 -1.933D-01
 -4.798D-05 -1.373D-01
 -5.522D-05 -1.841D-01
 -6.206D-05 -1.956D-01
 -7.452D-05 -3.784D-01
 -8.351D-05 -4.150D-01
 -1.066D-04 -8.202D-01
 -1.164D-04 -8.154D-01
 -1.620D-04 -1.600D+00
 -1.663D-04 -1.443D+00
 -2.609D-04 -2.096D+00
 -2.382D-04 -1.789D+00
 -4.245D-04 -2.087D+00
 -3.481D-04 -2.267D+00
 -7.134D-04 -1.597D+00
 -4.793D-04 -2.195D+00
 -1.337D-03 -1.117D+00
 -6.391D-04 -1.916D+00
 -3.102D-03 -5.479D-01
 -8.260D-04 -1.724D+00
 -2.834D-05  6.766D-01
 -2.807D-05  4.107D-01
 -2.788D-05  4.450D-02
 -2.788D-05 -4.798D-01
 -2.817D-05 -1.233D+00
 -2.787D-05 -1.812D+00
 -2.812D-05 -2.439D+00
 -2.565D-05 -1.726D+00
 -2.453D-05 -1.014D+00
 -2.410D-05 -3.823D-01
 -2.479D-05  5.828D-02
 -2.636D-05  4.851D-01
 -2.852D-05  7.454D-01
 -3.110D-05  9.204D-01
 -3.488D-05  9.649D-01
 -3.889D-05  9.989D-01
 -4.509D-05  8.785D-01
 -5.069D-05  8.386D-01
 -6.136D-05  5.147D-01
 -6.837D-05  4.614D-01
 -8.688D-05 -1.460D-01
 -9.373D-05 -1.258D-01
 -1.346D-04 -8.319D-01
 -1.346D-04 -6.155D-01
 -2.228D-04 -1.741D+00
 -1.977D-04 -1.348D+00
 -3.923D-04 -2.337D+00
 -2.876D-04 -1.807D+00
 -6.668D-04 -1.734D+00
 -4.227D-04 -2.343D+00
 -1.268D-03 -1.221D+00
 -5.697D-04 -2.158D+00
 -2.965D-03 -6.123D-01
 -7.361D-04 -1.911D+00
 -2.637D-05  6.754D-01
 -2.580D-05  4.037D-01
 -2.525D-05  1.715D-02
 -2.483D-05 -5.654D-01
 -2.449D-05 -1.380D+00
 -2.366D-05 -2.027D+00
 -2.179D-05 -1.971D+00
 -1.942D-05 -1.115D+00
 -1.796D-05 -2.413D-01
 -1.788D-05  5.347D-01
 -1.824D-05  1.096D+00
 -1.905D-05  1.459D+00
 -2.089D-05  1.742D+00
 -2.319D-05  1.905D+00
 -2.572D-05  2.015D+00
 -2.908D-05  2.000D+00
 -3.250D-05  2.000D+00
 -3.755D-05  1.820D+00
 -4.193D-05  1.765D+00
 -4.994D-05  1.403D+00
 -5.537D-05  1.362D+00
 -7.262D-05  7.752D-01
 -7.733D-05  8.363D-01
 -1.111D-04 -2.155D-01
 -1.098D-04  9.671D-02
 -1.902D-04 -1.303D+00
 -1.598D-04 -5.748D-01
 -3.511D-04 -2.263D+00
 -2.383D-04 -1.399D+00
 -6.216D-04 -1.879D+00
 -3.476D-04 -1.861D+00
 -1.200D-03 -1.321D+00
 -5.061D-04 -2.437D+00
 -2.831D-03 -6.793D-01
 -6.519D-04 -2.148D+00
 -2.457D-05  6.744D-01
 -2.375D-05  3.973D-01
 -2.289D-05 -1.036D-02
 -2.212D-05 -6.589D-01
 -2.123D-05 -1.534D+00
 -2.002D-05 -2.303D+00
 -1.683D-05 -1.631D+00
 -1.440D-05 -3.462D-01
 -1.348D-05  7.125D-01
 -1.308D-05  1.461D+00
 -1.393D-05  2.042D+00
 -1.486D-05  2.451D+00
 -1.605D-05  2.719D+00
 -1.741D-05  2.910D+00
 -1.951D-05  2.981D+00
 -2.190D-05  3.021D+00
 -2.460D-05  2.973D+00
 -2.737D-05  2.953D+00
 -3.207D-05  2.742D+00
 -3.583D-05  2.682D+00
 -4.348D-05  2.291D+00
 -4.770D-05  2.259D+00
 -6.032D-05  1.563D+00
 -6.400D-05  1.659D+00
 -9.376D-05  6.032D-01
 -9.008D-05  9.796D-01
 -1.590D-04 -6.391D-01
 -1.304D-04  1.297D-01
 -3.029D-04 -1.896D+00
 -1.923D-04 -6.330D-01
 -5.781D-04 -2.035D+00
 -2.877D-04 -1.535D+00
 -1.132D-03 -1.430D+00
 -4.137D-04 -1.923D+00
 -2.701D-03 -7.492D-01
 -5.771D-04 -2.441D+00
 -2.294D-05  6.734D-01
 -2.190D-05  3.913D-01
 -2.078D-05 -3.803D-02
 -1.972D-05 -7.619D-01
 -1.835D-05 -1.678D+00
 -1.635D-05 -2.224D+00
 -1.276D-05 -8.510D-01
 -1.089D-05  5.261D-01
 -1.008D-05  1.596D+00
 -1.036D-05  2.400D+00
 -1.068D-05  2.958D+00
 -1.211D-05  3.267D+00
 -1.343D-05  3.512D+00
 -1.488D-05  3.676D+00
 -1.644D-05  3.793D+00
 -1.840D-05  3.818D+00
 -2.047D-05  3.836D+00
 -2.331D-05  3.731D+00
 -2.598D-05  3.689D+00
 -2.999D-05  3.462D+00
 -3.313D-05  3.408D+00
 -3.823D-05  3.051D+00
 -4.152D-05  3.038D+00
 -5.287D-05  2.372D+00
 -5.507D-05  2.498D+00
 -7.792D-05  1.332D+00
 -7.542D-05  1.779D+00
 -1.336D-04 -9.009D-02
 -1.068D-04  9.791D-01
 -2.631D-04 -1.670D+00
 -1.562D-04  3.588D-02
 -5.356D-04 -2.221D+00
 -2.315D-04 -7.482D-01
 -1.065D-03 -1.534D+00
 -3.412D-04 -1.628D+00
 -2.574D-03 -8.224D-01
 -4.692D-04 -1.926D+00
 -2.145D-05  6.725D-01
 -2.022D-05  3.857D-01
 -1.889D-05 -6.585D-02
 -1.759D-05 -8.764D-01
 -1.580D-05 -1.848D+00
 -1.277D-05 -1.798D+00
 -9.588D-06 -1.890D-01
 -8.143D-06  1.386D+00
 -8.000D-06  2.495D+00
 -8.436D-06  3.193D+00
 -9.207D-06  3.682D+00
 -9.897D-06  4.070D+00
 -1.164D-05  4.175D+00
 -1.329D-05  4.275D+00
 -1.500D-05  4.338D+00
 -1.680D-05  4.383D+00
 -1.881D-05  4.369D+00
 -2.091D-05  4.361D+00
 -2.331D-05  4.274D+00
 -2.567D-05  4.242D+00
 -2.813D-05  4.108D+00
 -3.057D-05  4.084D+00
 -3.563D-05  3.711D+00
 -3.847D-05  3.714D+00
 -4.704D-05  3.058D+00
 -4.953D-05  3.192D+00
 -6.856D-05  2.078D+00
 -6.433D-05  2.579D+00
 -1.139D-04  6.687D-01
 -8.929D-05  1.759D+00
 -2.247D-04 -1.080D+00
 -1.278D-04  8.817D-01
 -4.969D-04 -2.446D+00
 -1.865D-04 -1.288D-01
 -9.996D-04 -1.628D+00
 -2.743D-04 -8.670D-01
 -2.452D-03 -8.994D-01
 -3.853D-04 -1.627D+00
 -2.008D-05  6.717D-01
 -1.871D-05  3.806D-01
 -1.719D-05 -9.383D-02
 -1.569D-05 -1.005D+00
 -1.360D-05 -2.027D+00
 -1.001D-05 -1.372D+00
 -7.376D-06  7.199D-01
 -6.520D-06  2.261D+00
 -6.637D-06  3.243D+00
 -6.977D-06  3.958D+00
 -8.276D-06  4.242D+00
 -9.423D-06  4.500D+00
 -1.041D-05  4.743D+00
 -1.258D-05  4.678D+00
 -1.469D-05  4.653D+00
 -1.670D-05  4.646D+00
 -1.877D-05  4.642D+00
 -2.066D-05  4.643D+00
 -2.270D-05  4.643D+00
 -2.409D-05  4.670D+00
 -2.596D-05  4.685D+00
 -2.842D-05  4.552D+00
 -3.105D-05  4.512D+00
 -3.509D-05  4.186D+00
 -3.777D-05  4.199D+00
 -4.371D-05  3.670D+00
 -4.449D-05  3.876D+00
 -5.906D-05  2.772D+00
 -5.843D-05  3.232D+00
 -9.578D-05  1.311D+00
 -7.598D-05  2.539D+00
 -1.908D-04 -5.489D-01
 -1.057D-04  1.644D+00
 -4.422D-04 -2.264D+00
 -1.525D-04  7.328D-01
 -9.356D-04 -1.732D+00
 -2.196D-04 -2.554D-01
 -2.333D-03 -9.806D-01
 -3.083D-04 -8.753D-01
 -1.883D-05  6.710D-01
 -1.733D-05  3.759D-01
 -1.566D-05 -1.220D-01
 -1.401D-05 -1.151D+00
 -1.166D-05 -2.254D+00
 -7.673D-06 -6.308D-01
 -5.633D-06  1.514D+00
 -5.262D-06  3.031D+00
 -5.466D-06  3.998D+00
 -6.615D-06  4.384D+00
 -7.672D-06  4.688D+00
 -9.747D-06  4.636D+00
 -1.158D-05  4.676D+00
 -1.330D-05  4.743D+00
 -1.583D-05  4.646D+00
 -1.871D-05  4.527D+00
 -2.105D-05  4.510D+00
 -2.346D-05  4.499D+00
 -2.465D-05  4.613D+00
 -2.641D-05  4.671D+00
 -2.801D-05  4.692D+00
 -3.047D-05  4.671D+00
 -3.233D-05  4.611D+00
 -3.479D-05  4.607D+00
 -3.401D-05  4.667D+00
 -3.653D-05  4.685D+00
 -4.256D-05  4.125D+00
 -4.498D-05  4.262D+00
 -5.598D-05  3.312D+00
 -5.184D-05  3.909D+00
 -8.507D-05  1.986D+00
 -6.857D-05  3.182D+00
 -1.630D-04 -2.381D-02
 -9.010D-05  2.419D+00
 -3.860D-04 -1.957D+00
 -1.242D-04  1.481D+00
 -8.735D-04 -1.844D+00
 -1.787D-04  5.917D-01
 -2.218D-03 -1.067D+00
 -2.458D-04 -2.641D-01
 -1.768D-05  6.703D-01
 -1.608D-05  3.716D-01
 -1.428D-05 -1.503D-01
 -1.243D-05 -1.251D+00
 -9.903D-06 -2.401D+00
 -5.924D-06  1.542D-02
 -4.576D-06  2.337D+00
 -4.511D-06  3.710D+00
 -5.243D-06  4.386D+00
 -6.555D-06  4.628D+00
 -8.274D-06  4.687D+00
 -1.108D-05  4.441D+00
 -1.475D-05  4.125D+00
 -1.835D-05  3.942D+00
 -2.195D-05  3.826D+00
 -2.536D-05  3.768D+00
 -2.881D-05  3.731D+00
 -3.174D-05  3.745D+00
 -3.487D-05  3.753D+00
 -3.681D-05  3.836D+00
 -3.951D-05  3.874D+00
 -3.953D-05  4.058D+00
 -4.184D-05  4.111D+00
 -3.811D-05  4.504D+00
 -4.052D-05  4.533D+00
 -3.988D-05  4.595D+00
 -4.297D-05  4.606D+00
 -4.170D-05  4.541D+00
 -4.505D-05  4.615D+00
 -5.016D-05  3.920D+00
 -5.270D-05  4.259D+00
 -7.416D-05  2.614D+00
 -6.085D-05  3.841D+00
 -1.402D-04  6.351D-01
 -7.987D-05  3.072D+00
 -3.394D-04 -1.754D+00
 -1.062D-04  2.260D+00
 -8.149D-04 -1.953D+00
 -1.433D-04  1.333D+00
 -2.107D-03 -1.158D+00
 -1.991D-04  5.820D-01
 -1.662D-05  6.696D-01
 -1.493D-05  3.678D-01
 -1.304D-05 -1.787D-01
 -1.102D-05 -1.358D+00
 -7.905D-06 -1.952D+00
 -4.630D-06  8.437D-01
 -3.768D-06  3.050D+00
 -4.124D-06  4.195D+00
 -5.211D-06  4.613D+00
 -6.825D-06  4.699D+00
 -1.073D-05  4.069D+00
 -1.464D-05  3.744D+00
 -1.861D-05  3.551D+00
 -2.264D-05  3.426D+00
 -2.667D-05  3.349D+00
 -3.075D-05  3.298D+00
 -3.465D-05  3.279D+00
 -3.865D-05  3.267D+00
 -4.212D-05  3.290D+00
 -4.591D-05  3.303D+00
 -4.846D-05  3.372D+00
 -5.196D-05  3.400D+00
 -5.269D-05  3.537D+00
 -5.604D-05  3.568D+00
 -5.332D-05  3.832D+00
 -5.711D-05  3.836D+00
 -4.757D-05  4.403D+00
 -5.365D-05  4.275D+00
 -4.671D-05  4.557D+00
 -5.102D-05  4.603D+00
 -5.162D-05  4.201D+00
 -5.286D-05  4.582D+00
 -6.922D-05  3.123D+00
 -6.107D-05  4.201D+00
 -1.196D-04  1.201D+00
 -7.145D-05  3.707D+00
 -2.947D-04 -1.319D+00
 -9.186D-05  2.939D+00
 -7.581D-04 -2.076D+00
 -1.227D-04  2.122D+00
 -2.001D-03 -1.256D+00
 -1.590D-04  1.324D+00
 -1.565D-05  6.691D-01
 -1.389D-05  3.644D-01
 -1.191D-05 -2.073D-01
 -9.755D-06 -1.479D+00
 -6.365D-06 -1.672D+00
 -3.633D-06  1.583D+00
 -3.232D-06  3.701D+00
 -3.747D-06  4.667D+00
 -5.358D-06  4.713D+00
 -9.332D-06  3.905D+00
 -1.335D-05  3.527D+00
 -1.748D-05  3.307D+00
 -2.174D-05  3.167D+00
 -2.610D-05  3.076D+00
 -3.056D-05  3.013D+00
 -3.502D-05  2.977D+00
 -3.958D-05  2.952D+00
 -4.394D-05  2.950D+00
 -4.848D-05  2.948D+00
 -5.245D-05  2.974D+00
 -5.686D-05  2.987D+00
 -5.992D-05  3.047D+00
 -6.417D-05  3.069D+00
 -6.547D-05  3.180D+00
 -6.976D-05  3.200D+00
 -6.770D-05  3.402D+00
 -7.271D-05  3.395D+00
 -6.429D-05  3.793D+00
 -7.183D-05  3.690D+00
 -5.040D-05  4.636D+00
 -6.538D-05  4.163D+00
 -4.954D-05  4.611D+00
 -5.918D-05  4.579D+00
 -6.344D-05  3.647D+00
 -5.985D-05  4.570D+00
 -1.065D-04  1.797D+00
 -6.988D-05  4.111D+00
 -2.538D-04 -8.242D-01
 -8.310D-05  3.550D+00
 -7.033D-04 -2.217D+00
 -1.038D-04  2.826D+00
 -1.892D-03 -1.321D+00
 -1.355D-04  2.113D+00
 -1.475D-05  6.685D-01
 -1.294D-05  3.615D-01
 -1.090D-05 -2.361D-01
 -8.612D-06 -1.570D+00
 -5.047D-06 -1.073D+00
 -2.981D-06  2.335D+00
 -2.972D-06  4.156D+00
 -4.100D-06  4.607D+00
 -7.305D-06  3.924D+00
 -1.131D-05  3.427D+00
 -1.547D-05  3.160D+00
 -1.981D-05  2.995D+00
 -2.431D-05  2.887D+00
 -2.896D-05  2.813D+00
 -3.371D-05  2.764D+00
 -3.859D-05  2.730D+00
 -4.347D-05  2.713D+00
 -4.848D-05  2.701D+00
 -5.328D-05  2.707D+00
 -5.833D-05  2.710D+00
 -6.275D-05  2.736D+00
 -6.774D-05  2.749D+00
 -7.127D-05  2.803D+00
 -7.623D-05  2.819D+00
 -7.800D-05  2.914D+00
 -8.316D-05  2.926D+00
 -8.162D-05  3.092D+00
 -8.775D-05  3.078D+00
 -8.002D-05  3.389D+00
 -8.897D-05  3.297D+00
 -6.929D-05  3.954D+00
 -8.546D-05  3.620D+00
 -5.683D-05  4.517D+00
 -7.521D-05  4.142D+00
 -6.183D-05  4.008D+00
 -6.739D-05  4.536D+00
 -9.417D-05  2.362D+00
 -6.573D-05  4.580D+00
 -2.186D-04 -4.190D-01
 -7.875D-05  4.014D+00
 -6.535D-04 -2.377D+00
 -9.472D-05  3.421D+00
 -1.787D-03 -1.390D+00
 -1.145D-04  2.816D+00
 -1.392D-05  6.680D-01
 -1.207D-05  3.589D-01
 -9.973D-06 -2.650D-01
 -7.588D-06 -1.673D+00
 -3.980D-06 -4.833D-01
 -2.485D-06  2.994D+00
 -2.666D-06  4.648D+00
 -4.902D-06  4.219D+00
 -8.843D-06  3.447D+00
 -1.294D-05  3.092D+00
 -1.723D-05  2.887D+00
 -2.173D-05  2.757D+00
 -2.643D-05  2.668D+00
 -3.129D-05  2.608D+00
 -3.632D-05  2.566D+00
 -4.145D-05  2.538D+00
 -4.674D-05  2.519D+00
 -5.200D-05  2.512D+00
 -5.745D-05  2.508D+00
 -6.266D-05  2.517D+00
 -6.818D-05  2.522D+00
 -7.302D-05  2.549D+00
 -7.856D-05  2.560D+00
 -8.251D-05  2.608D+00
 -8.813D-05  2.621D+00
 -9.032D-05  2.704D+00
 -9.631D-05  2.710D+00
 -9.519D-05  2.853D+00
 -1.024D-04  2.834D+00
 -9.513D-05  3.092D+00
 -1.054D-04  3.006D+00
 -8.666D-05  3.516D+00
 -1.043D-04  3.247D+00
 -6.233D-05  4.500D+00
 -9.749D-05  3.605D+00
 -6.077D-05  4.333D+00
 -8.275D-05  4.188D+00
 -8.526D-05  2.858D+00
 -7.539D-05  4.489D+00
 -1.905D-04  1.253D-01
 -7.499D-05  4.449D+00
 -6.064D-04 -2.568D+00
 -8.740D-05  3.938D+00
 -1.686D-03 -1.463D+00
 -1.038D-04  3.417D+00
 -1.315D-05  6.675D-01
 -1.127D-05  3.568D-01
 -9.136D-06 -2.941D-01
 -6.673D-06 -1.786D+00
 -3.163D-06  1.500D-01
 -2.158D-06  3.595D+00
 -2.935D-06  4.562D+00
 -6.149D-06  3.647D+00
 -1.011D-05  3.111D+00
 -1.428D-05  2.838D+00
 -1.868D-05  2.674D+00
 -2.332D-05  2.566D+00
 -2.815D-05  2.493D+00
 -3.320D-05  2.441D+00
 -3.841D-05  2.405D+00
 -4.381D-05  2.379D+00
 -4.930D-05  2.364D+00
 -5.497D-05  2.354D+00
 -6.060D-05  2.352D+00
 -6.646D-05  2.352D+00
 -7.204D-05  2.363D+00
 -7.802D-05  2.369D+00
 -8.323D-05  2.395D+00
 -8.930D-05  2.405D+00
 -9.363D-05  2.449D+00
 -9.988D-05  2.459D+00
 -1.024D-04  2.533D+00
 -1.092D-04  2.535D+00
 -1.084D-04  2.660D+00
 -1.166D-04  2.638D+00
 -1.097D-04  2.859D+00
 -1.213D-04  2.777D+00
 -1.031D-04  3.197D+00
 -1.223D-04  2.967D+00
 -8.243D-05  3.894D+00
 -1.182D-04  3.234D+00
 -6.311D-05  4.476D+00
 -1.076D-04  3.630D+00
 -8.017D-05  3.298D+00
 -8.793D-05  4.285D+00
 -1.657D-04  6.651D-01
 -8.293D-05  4.448D+00
 -5.368D-04 -2.283D+00
 -8.422D-05  4.341D+00
 -1.588D-03 -1.541D+00
 -9.591D-05  3.924D+00
 -1.243D-05  6.670D-01
 -1.053D-05  3.550D-01
 -8.377D-06 -3.233D-01
 -5.866D-06 -1.897D+00
 -2.532D-06  8.576D-01
 -1.961D-06  4.052D+00
 -3.345D-06  4.311D+00
 -7.167D-06  3.262D+00
 -1.116D-05  2.856D+00
 -1.540D-05  2.636D+00
 -1.988D-05  2.500D+00
 -2.460D-05  2.410D+00
 -2.956D-05  2.347D+00
 -3.473D-05  2.302D+00
 -4.011D-05  2.270D+00
 -4.566D-05  2.248D+00
 -5.140D-05  2.232D+00
 -5.723D-05  2.224D+00
 -6.326D-05  2.219D+00
 -6.924D-05  2.221D+00
 -7.549D-05  2.222D+00
 -8.141D-05  2.235D+00
 -8.782D-05  2.241D+00
 -9.338D-05  2.266D+00
 -9.994D-05  2.274D+00
 -1.046D-04  2.315D+00
 -1.114D-04  2.322D+00
 -1.143D-04  2.390D+00
 -1.218D-04  2.388D+00
 -1.214D-04  2.500D+00
 -1.305D-04  2.475D+00
 -1.239D-04  2.670D+00
 -1.367D-04  2.591D+00
 -1.189D-04  2.950D+00
 -1.395D-04  2.745D+00
 -1.009D-04  3.487D+00
 -1.378D-04  2.954D+00
 -6.852D-05  4.478D+00
 -1.304D-04  3.248D+00
 -7.190D-05  3.801D+00
 -1.157D-04  3.683D+00
 -1.426D-04  1.154D+00
 -9.137D-05  4.410D+00
 -4.757D-04 -2.038D+00
 -9.027D-05  4.418D+00
 -1.495D-03 -1.606D+00
 -9.167D-05  4.339D+00
 -1.177D-05  6.666D-01
 -9.857D-06  3.536D-01
 -7.686D-06 -3.527D-01
 -5.141D-06 -2.025D+00
 -2.033D-06  1.516D+00
 -1.804D-06  4.468D+00
 -4.224D-06  3.716D+00
 -8.012D-06  2.977D+00
 -1.203D-05  2.653D+00
 -1.631D-05  2.471D+00
 -2.085D-05  2.356D+00
 -2.565D-05  2.278D+00
 -3.068D-05  2.223D+00
 -3.596D-05  2.184D+00
 -4.144D-05  2.156D+00
 -4.714D-05  2.135D+00
 -5.300D-05  2.121D+00
 -5.907D-05  2.112D+00
 -6.521D-05  2.108D+00
 -7.159D-05  2.105D+00
 -7.788D-05  2.110D+00
 -8.450D-05  2.112D+00
 -9.074D-05  2.126D+00
 -9.755D-05  2.131D+00
 -1.034D-04  2.155D+00
 -1.104D-04  2.162D+00
 -1.154D-04  2.200D+00
 -1.228D-04  2.205D+00
 -1.260D-04  2.267D+00
 -1.342D-04  2.262D+00
 -1.340D-04  2.364D+00
 -1.440D-04  2.337D+00
 -1.376D-04  2.512D+00
 -1.515D-04  2.435D+00
 -1.341D-04  2.749D+00
 -1.560D-04  2.563D+00
 -1.183D-04  3.184D+00
 -1.565D-04  2.732D+00
 -7.872D-05  4.275D+00
 -1.519D-04  2.961D+00
 -7.359D-05  4.005D+00
 -1.410D-04  3.280D+00
 -1.286D-04  1.678D+00
 -1.225D-04  3.749D+00
 -4.226D-04 -1.859D+00
 -9.521D-05  4.507D+00
 -1.404D-03 -1.668D+00
 -9.882D-05  4.393D+00
 -1.115D-05  6.662D-01
 -9.236D-06  3.527D-01
 -7.057D-06 -3.822D-01
 -4.505D-06 -2.175D+00
 -1.707D-06  2.176D+00
 -1.894D-06  4.496D+00
 -4.941D-06  3.319D+00
 -8.717D-06  2.753D+00
 -1.275D-05  2.487D+00
 -1.706D-05  2.332D+00
 -2.164D-05  2.233D+00
 -2.648D-05  2.165D+00
 -3.157D-05  2.117D+00
 -3.690D-05  2.082D+00
 -4.247D-05  2.056D+00
 -4.825D-05  2.038D+00
 -5.425D-05  2.024D+00
 -6.041D-05  2.016D+00
 -6.678D-05  2.010D+00
 -7.322D-05  2.009D+00
 -7.991D-05  2.008D+00
 -8.650D-05  2.014D+00
 -9.346D-05  2.017D+00
 -9.999D-05  2.030D+00
 -1.072D-04  2.036D+00
 -1.133D-04  2.058D+00
 -1.208D-04  2.064D+00
 -1.260D-04  2.100D+00
 -1.340D-04  2.102D+00
 -1.373D-04  2.160D+00
 -1.462D-04  2.153D+00
 -1.462D-04  2.247D+00
 -1.571D-04  2.218D+00
 -1.509D-04  2.376D+00
 -1.659D-04  2.302D+00
 -1.488D-04  2.582D+00
 -1.719D-04  2.410D+00
 -1.348D-04  2.945D+00
 -1.743D-04  2.550D+00
 -9.935D-05  3.765D+00
 -1.721D-04  2.734D+00
 -7.076D-05  4.331D+00
 -1.644D-04  2.980D+00
 -1.149D-04  2.168D+00
 -1.504D-04  3.318D+00
 -3.727D-04 -1.580D+00
 -1.298D-04  3.792D+00
 -1.317D-03 -1.733D+00
 -1.058D-04  4.428D+00
 -1.058D-05  6.658D-01
 -8.663D-06  3.520D-01
 -6.484D-06 -4.118D-01
 -3.949D-06 -2.355D+00
 -1.414D-06  2.795D+00
 -1.945D-06  4.552D+00
 -5.537D-06  3.025D+00
 -9.303D-06  2.572D+00
 -1.334D-05  2.347D+00
 -1.766D-05  2.214D+00
 -2.225D-05  2.127D+00
 -2.712D-05  2.067D+00
 -3.224D-05  2.024D+00
 -3.762D-05  1.992D+00
 -4.323D-05  1.969D+00
 -4.908D-05  1.952D+00
 -5.514D-05  1.939D+00
 -6.142D-05  1.930D+00
 -6.785D-05  1.926D+00
 -7.451D-05  1.922D+00
 -8.123D-05  1.923D+00
 -8.822D-05  1.924D+00
 -9.507D-05  1.930D+00
 -1.023D-04  1.933D+00
 -1.091D-04  1.947D+00
 -1.167D-04  1.951D+00
 -1.231D-04  1.973D+00
 -1.310D-04  1.977D+00
 -1.364D-04  2.011D+00
 -1.449D-04  2.011D+00
 -1.484D-04  2.066D+00
 -1.579D-04  2.056D+00
 -1.581D-04  2.144D+00
 -1.698D-04  2.114D+00
 -1.638D-04  2.259D+00
 -1.797D-04  2.186D+00
 -1.628D-04  2.439D+00
 -1.871D-04  2.279D+00
 -1.506D-04  2.750D+00
 -1.913D-04  2.396D+00
 -1.183D-04  3.404D+00
 -1.913D-04  2.548D+00
 -7.500D-05  4.375D+00
 -1.864D-04  2.744D+00
 -1.023D-04  2.633D+00
 -1.760D-04  3.002D+00
 -3.260D-04 -1.136D+00
 -1.603D-04  3.338D+00
 -1.234D-03 -1.802D+00
 -1.429D-04  3.733D+00
 -1.004D-05  6.653D-01
 -8.134D-06  3.518D-01
 -5.962D-06 -4.414D-01
 -3.313D-06 -2.109D+00
 -1.266D-06  3.305D+00
 -2.522D-06  3.878D+00
 -6.037D-06  2.796D+00
 -9.787D-06  2.420D+00
 -1.382D-05  2.227D+00
 -1.813D-05  2.111D+00
 -2.273D-05  2.034D+00
 -2.760D-05  1.980D+00
 -3.273D-05  1.941D+00
 -3.812D-05  1.913D+00
 -4.377D-05  1.891D+00
 -4.964D-05  1.875D+00
 -5.576D-05  1.864D+00
 -6.208D-05  1.856D+00
 -6.862D-05  1.850D+00
 -7.531D-05  1.847D+00
 -8.224D-05  1.845D+00
 -8.920D-05  1.848D+00
 -9.647D-05  1.849D+00
 -1.036D-04  1.856D+00
 -1.111D-04  1.859D+00
 -1.182D-04  1.872D+00
 -1.261D-04  1.875D+00
 -1.327D-04  1.896D+00
 -1.409D-04  1.899D+00
 -1.466D-04  1.932D+00
 -1.555D-04  1.930D+00
 -1.593D-04  1.981D+00
 -1.693D-04  1.970D+00
 -1.697D-04  2.052D+00
 -1.820D-04  2.021D+00
 -1.762D-04  2.155D+00
 -1.930D-04  2.084D+00
 -1.764D-04  2.315D+00
 -2.017D-04  2.164D+00
 -1.658D-04  2.585D+00
 -2.075D-04  2.264D+00
 -1.361D-04  3.127D+00
 -2.095D-04  2.391D+00
 -7.984D-05  4.390D+00
 -2.070D-04  2.552D+00
 -9.746D-05  3.005D+00
 -1.998D-04  2.757D+00
 -2.857D-04 -7.660D-01
 -1.880D-04  3.010D+00
 -1.155D-03 -1.870D+00
 -1.753D-04  3.288D+00
 -9.542D-06  6.649D-01
 -7.646D-06  3.519D-01
 -5.485D-06 -4.712D-01
 -2.765D-06 -1.815D+00
 -1.092D-06  3.847D+00
 -2.988D-06  3.443D+00
 -6.454D-06  2.609D+00
 -1.018D-05  2.291D+00
 -1.420D-05  2.123D+00
 -1.850D-05  2.020D+00
 -2.308D-05  1.951D+00
 -2.793D-05  1.903D+00
 -3.306D-05  1.868D+00
 -3.845D-05  1.842D+00
 -4.410D-05  1.822D+00
 -4.999D-05  1.807D+00
 -5.612D-05  1.796D+00
 -6.248D-05  1.788D+00
 -6.904D-05  1.783D+00
 -7.583D-05  1.779D+00
 -8.275D-05  1.778D+00
 -8.993D-05  1.777D+00
 -9.712D-05  1.780D+00
 -1.047D-04  1.781D+00
 -1.120D-04  1.789D+00
 -1.198D-04  1.791D+00
 -1.271D-04  1.804D+00
 -1.353D-04  1.807D+00
 -1.421D-04  1.827D+00
 -1.507D-04  1.829D+00
 -1.565D-04  1.860D+00
 -1.659D-04  1.857D+00
 -1.698D-04  1.905D+00
 -1.804D-04  1.893D+00
 -1.808D-04  1.970D+00
 -1.939D-04  1.937D+00
 -1.882D-04  2.063D+00
 -2.059D-04  1.993D+00
 -1.894D-04  2.206D+00
 -2.157D-04  2.063D+00
 -1.802D-04  2.444D+00
 -2.229D-04  2.149D+00
 -1.530D-04  2.903D+00
 -2.267D-04  2.257D+00
 -8.904D-05  4.236D+00
 -2.265D-04  2.391D+00
 -8.944D-05  3.421D+00
 -2.220D-04  2.557D+00
 -2.487D-04 -4.370D-01
 -2.136D-04  2.756D+00
 -1.081D-03 -1.935D+00
 -2.048D-04  2.965D+00
 -9.074D-06  6.645D-01
 -7.194D-06  3.523D-01
 -5.050D-06 -5.009D-01
 -2.308D-06 -1.599D+00
 -1.055D-06  4.129D+00
 -3.376D-06  3.127D+00
 -6.801D-06  2.453D+00
 -1.050D-05  2.180D+00
 -1.449D-05  2.032D+00
 -1.876D-05  1.940D+00
 -2.332D-05  1.878D+00
 -2.815D-05  1.834D+00
 -3.326D-05  1.802D+00
 -3.863D-05  1.778D+00
 -4.426D-05  1.759D+00
 -5.015D-05  1.745D+00
 -5.628D-05  1.735D+00
 -6.263D-05  1.727D+00
 -6.923D-05  1.721D+00
 -7.600D-05  1.718D+00
 -8.303D-05  1.715D+00
 -9.016D-05  1.716D+00
 -9.757D-05  1.715D+00
 -1.050D-04  1.719D+00
 -1.127D-04  1.720D+00
 -1.202D-04  1.728D+00
 -1.284D-04  1.730D+00
 -1.358D-04  1.743D+00
 -1.443D-04  1.745D+00
 -1.512D-04  1.764D+00
 -1.602D-04  1.765D+00
 -1.662D-04  1.794D+00
 -1.759D-04  1.790D+00
 -1.799D-04  1.836D+00
 -1.911D-04  1.822D+00
 -1.916D-04  1.895D+00
 -2.053D-04  1.862D+00
 -1.997D-04  1.980D+00
 -2.182D-04  1.911D+00
 -2.018D-04  2.109D+00
 -2.291D-04  1.972D+00
 -1.940D-04  2.320D+00
 -2.375D-04  2.047D+00
 -1.689D-04  2.717D+00
 -2.429D-04  2.139D+00
 -1.102D-04  3.751D+00
 -2.448D-04  2.253D+00
 -8.531D-05  3.736D+00
 -2.427D-04  2.390D+00
 -2.201D-04  6.620D-02
 -2.374D-04  2.551D+00
 -1.010D-03 -2.004D+00
 -2.318D-04  2.714D+00
 -8.637D-06  6.641D-01
 -6.776D-06  3.531D-01
 -4.651D-06 -5.307D-01
 -1.904D-06 -1.102D+00
 -9.852D-07  4.456D+00
 -3.702D-06  2.881D+00
 -7.086D-06  2.321D+00
 -1.075D-05  2.082D+00
 -1.470D-05  1.950D+00
 -1.894D-05  1.867D+00
 -2.346D-05  1.811D+00
 -2.826D-05  1.771D+00
 -3.334D-05  1.741D+00
 -3.868D-05  1.719D+00
 -4.428D-05  1.702D+00
 -5.014D-05  1.689D+00
 -5.624D-05  1.679D+00
 -6.259D-05  1.671D+00
 -6.916D-05  1.666D+00
 -7.597D-05  1.662D+00
 -8.295D-05  1.660D+00
 -9.018D-05  1.658D+00
 -9.751D-05  1.659D+00
 -1.051D-04  1.659D+00
 -1.127D-04  1.663D+00
 -1.207D-04  1.665D+00
 -1.284D-04  1.672D+00
 -1.367D-04  1.674D+00
 -1.443D-04  1.686D+00
 -1.531D-04  1.688D+00
 -1.602D-04  1.706D+00
 -1.695D-04  1.706D+00
 -1.755D-04  1.734D+00
 -1.857D-04  1.729D+00
 -1.898D-04  1.773D+00
 -2.014D-04  1.757D+00
 -2.020D-04  1.827D+00
 -2.163D-04  1.793D+00
 -2.108D-04  1.904D+00
 -2.299D-04  1.837D+00
 -2.138D-04  2.021D+00
 -2.418D-04  1.890D+00
 -2.072D-04  2.211D+00
 -2.515D-04  1.956D+00
 -1.841D-04  2.559D+00
 -2.583D-04  2.036D+00
 -1.295D-04  3.401D+00
 -2.620D-04  2.133D+00
 -8.464D-05  3.957D+00
 -2.622D-04  2.248D+00
 -1.947D-04  5.054D-01
 -2.595D-04  2.381D+00
 -9.418D-04 -2.078D+00
 -2.568D-04  2.511D+00
 -8.228D-06  6.637D-01
 -6.388D-06  3.541D-01
 -4.287D-06 -5.604D-01
 -1.571D-06 -6.271D-01
 -1.052D-06  4.406D+00
 -3.976D-06  2.682D+00
 -7.318D-06  2.206D+00
 -1.094D-05  1.995D+00
 -1.485D-05  1.877D+00
 -1.905D-05  1.802D+00
 -2.353D-05  1.750D+00
 -2.828D-05  1.714D+00
 -3.331D-05  1.686D+00
 -3.861D-05  1.666D+00
 -4.417D-05  1.650D+00
 -4.999D-05  1.637D+00
 -5.606D-05  1.628D+00
 -6.236D-05  1.621D+00
 -6.892D-05  1.615D+00
 -7.568D-05  1.611D+00
 -8.269D-05  1.608D+00
 -8.985D-05  1.607D+00
 -9.728D-05  1.606D+00
 -1.048D-04  1.608D+00
 -1.126D-04  1.608D+00
 -1.204D-04  1.612D+00
 -1.285D-04  1.614D+00
 -1.364D-04  1.621D+00
 -1.450D-04  1.622D+00
 -1.527D-04  1.634D+00
 -1.617D-04  1.635D+00
 -1.689D-04  1.653D+00
 -1.785D-04  1.651D+00
 -1.846D-04  1.679D+00
 -1.951D-04  1.672D+00
 -1.993D-04  1.714D+00
 -2.114D-04  1.698D+00
 -2.120D-04  1.764D+00
 -2.269D-04  1.730D+00
 -2.214D-04  1.835D+00
 -2.412D-04  1.769D+00
 -2.252D-04  1.942D+00
 -2.540D-04  1.816D+00
 -2.198D-04  2.113D+00
 -2.647D-04  1.874D+00
 -1.985D-04  2.422D+00
 -2.729D-04  1.943D+00
 -1.475D-04  3.128D+00
 -2.782D-04  2.026D+00
 -8.019D-05  4.270D+00
 -2.803D-04  2.125D+00
 -1.701D-04  9.214D-01
 -2.800D-04  2.235D+00
 -8.773D-04 -2.158D+00
 -2.799D-04  2.342D+00
 -7.844D-06  6.633D-01
 -6.028D-06  3.555D-01
 -3.953D-06 -5.901D-01
 -1.286D-06 -2.060D-01
 -1.128D-06  4.298D+00
 -4.206D-06  2.517D+00
 -7.502D-06  2.105D+00
 -1.108D-05  1.917D+00
 -1.495D-05  1.810D+00
 -1.909D-05  1.742D+00
 -2.352D-05  1.695D+00
 -2.822D-05  1.661D+00
 -3.320D-05  1.636D+00
 -3.844D-05  1.616D+00
 -4.395D-05  1.602D+00
 -4.972D-05  1.590D+00
 -5.573D-05  1.581D+00
 -6.200D-05  1.574D+00
 -6.849D-05  1.568D+00
 -7.524D-05  1.564D+00
 -8.218D-05  1.562D+00
 -8.936D-05  1.559D+00
 -9.670D-05  1.559D+00
 -1.043D-04  1.558D+00
 -1.120D-04  1.560D+00
 -1.200D-04  1.561D+00
 -1.279D-04  1.565D+00
 -1.362D-04  1.566D+00
 -1.442D-04  1.573D+00
 -1.530D-04  1.574D+00
 -1.608D-04  1.586D+00
 -1.700D-04  1.586D+00
 -1.774D-04  1.603D+00
 -1.872D-04  1.601D+00
 -1.934D-04  1.627D+00
 -2.043D-04  1.619D+00
 -2.085D-04  1.660D+00
 -2.210D-04  1.643D+00
 -2.216D-04  1.706D+00
 -2.370D-04  1.671D+00
 -2.316D-04  1.771D+00
 -2.520D-04  1.706D+00
 -2.361D-04  1.869D+00
 -2.655D-04  1.748D+00
 -2.318D-04  2.025D+00
 -2.772D-04  1.799D+00
 -2.121D-04  2.301D+00
 -2.866D-04  1.860D+00
 -1.643D-04  2.907D+00
 -2.933D-04  1.932D+00
 -8.612D-05  4.236D+00
 -2.973D-04  2.016D+00
 -1.530D-04  1.358D+00
 -2.991D-04  2.110D+00
 -8.183D-04 -2.243D+00
 -3.012D-04  2.198D+00
 -7.483D-06  6.628D-01
 -5.694D-06  3.572D-01
 -3.648D-06 -6.196D-01
 -1.081D-06  3.810D-01
 -1.395D-06  3.741D+00
 -4.397D-06  2.376D+00
 -7.645D-06  2.016D+00
 -1.118D-05  1.847D+00
 -1.499D-05  1.750D+00
 -1.908D-05  1.687D+00
 -2.345D-05  1.644D+00
 -2.809D-05  1.612D+00
 -3.301D-05  1.589D+00
 -3.819D-05  1.571D+00
 -4.364D-05  1.557D+00
 -4.934D-05  1.546D+00
 -5.530D-05  1.537D+00
 -6.150D-05  1.530D+00
 -6.794D-05  1.525D+00
 -7.461D-05  1.521D+00
 -8.153D-05  1.518D+00
 -8.863D-05  1.516D+00
 -9.598D-05  1.514D+00
 -1.035D-04  1.515D+00
 -1.112D-04  1.514D+00
 -1.190D-04  1.516D+00
 -1.272D-04  1.517D+00
 -1.352D-04  1.521D+00
 -1.438D-04  1.522D+00
 -1.518D-04  1.529D+00
 -1.608D-04  1.529D+00
 -1.687D-04  1.540D+00
 -1.782D-04  1.540D+00
 -1.855D-04  1.557D+00
 -1.957D-04  1.553D+00
 -2.019D-04  1.579D+00
 -2.131D-04  1.570D+00
 -2.173D-04  1.609D+00
 -2.302D-04  1.591D+00
 -2.309D-04  1.652D+00
 -2.467D-04  1.617D+00
 -2.413D-04  1.712D+00
 -2.622D-04  1.648D+00
 -2.465D-04  1.802D+00
 -2.765D-04  1.685D+00
 -2.431D-04  1.945D+00
 -2.890D-04  1.730D+00
 -2.251D-04  2.193D+00
 -2.995D-04  1.784D+00
 -1.802D-04  2.721D+00
 -3.076D-04  1.847D+00
 -9.028D-05  4.252D+00
 -3.131D-04  1.919D+00
 -1.389D-04  1.775D+00
 -3.168D-04  1.999D+00
 -7.622D-04 -2.335D+00
 -3.209D-04  2.073D+00
 -7.145D-06  6.623D-01
 -5.383D-06  3.592D-01
 -3.367D-06 -6.489D-01
 -8.979D-07  9.116D-01
 -1.614D-06  3.358D+00
 -4.554D-06  2.255D+00
 -7.752D-06  1.936D+00
 -1.123D-05  1.783D+00
 -1.499D-05  1.694D+00
 -1.902D-05  1.636D+00
 -2.333D-05  1.596D+00
 -2.791D-05  1.567D+00
 -3.275D-05  1.545D+00
 -3.787D-05  1.528D+00
 -4.324D-05  1.515D+00
 -4.888D-05  1.505D+00
 -5.476D-05  1.496D+00
 -6.089D-05  1.490D+00
 -6.726D-05  1.485D+00
 -7.387D-05  1.480D+00
 -8.070D-05  1.477D+00
 -8.777D-05  1.475D+00
 -9.502D-05  1.474D+00
 -1.025D-04  1.473D+00
 -1.101D-04  1.473D+00
 -1.181D-04  1.473D+00
 -1.260D-04  1.475D+00
 -1.343D-04  1.475D+00
 -1.424D-04  1.479D+00
 -1.511D-04  1.480D+00
 -1.593D-04  1.487D+00
 -1.684D-04  1.487D+00
 -1.764D-04  1.498D+00
 -1.860D-04  1.496D+00
 -1.935D-04  1.513D+00
 -2.038D-04  1.509D+00
 -2.101D-04  1.533D+00
 -2.215D-04  1.524D+00
 -2.258D-04  1.562D+00
 -2.390D-04  1.543D+00
 -2.397D-04  1.601D+00
 -2.559D-04  1.566D+00
 -2.505D-04  1.657D+00
 -2.720D-04  1.594D+00
 -2.564D-04  1.740D+00
 -2.869D-04  1.627D+00
 -2.540D-04  1.871D+00
 -3.002D-04  1.667D+00
 -2.374D-04  2.097D+00
 -3.116D-04  1.714D+00
 -1.951D-04  2.562D+00
 -3.209D-04  1.769D+00
 -9.650D-05  4.187D+00
 -3.279D-04  1.832D+00
 -1.243D-04  2.182D+00
 -3.332D-04  1.901D+00
 -7.087D-04 -2.438D+00
 -3.391D-04  1.964D+00
 -6.826D-06  6.619D-01
 -5.093D-06  3.615D-01
 -3.110D-06 -6.780D-01
 -7.556D-07  1.425D+00
 -1.799D-06  3.069D+00
 -4.682D-06  2.148D+00
 -7.827D-06  1.864D+00
 -1.125D-05  1.725D+00
 -1.494D-05  1.643D+00
 -1.892D-05  1.590D+00
 -2.316D-05  1.552D+00
 -2.767D-05  1.525D+00
 -3.244D-05  1.505D+00
 -3.748D-05  1.489D+00
 -4.278D-05  1.476D+00
 -4.833D-05  1.466D+00
 -5.414D-05  1.458D+00
 -6.019D-05  1.452D+00
 -6.649D-05  1.447D+00
 -7.301D-05  1.443D+00
 -7.978D-05  1.439D+00
 -8.675D-05  1.437D+00
 -9.396D-05  1.435D+00
 -1.013D-04  1.434D+00
 -1.090D-04  1.433D+00
 -1.167D-04  1.434D+00
 -1.248D-04  1.434D+00
 -1.328D-04  1.436D+00
 -1.412D-04  1.436D+00
 -1.494D-04  1.441D+00
 -1.583D-04  1.441D+00
 -1.665D-04  1.447D+00
 -1.758D-04  1.447D+00
 -1.839D-04  1.458D+00
 -1.937D-04  1.456D+00
 -2.011D-04  1.472D+00
 -2.117D-04  1.467D+00
 -2.180D-04  1.491D+00
 -2.297D-04  1.480D+00
 -2.339D-04  1.517D+00
 -2.474D-04  1.497D+00
 -2.481D-04  1.554D+00
 -2.647D-04  1.518D+00
 -2.594D-04  1.606D+00
 -2.812D-04  1.543D+00
 -2.658D-04  1.683D+00
 -2.967D-04  1.573D+00
 -2.642D-04  1.803D+00
 -3.107D-04  1.608D+00
 -2.490D-04  2.009D+00
 -3.230D-04  1.650D+00
 -2.092D-04  2.424D+00
 -3.333D-04  1.698D+00
 -1.174D-04  3.722D+00
 -3.416D-04  1.754D+00
 -1.146D-04  2.540D+00
 -3.484D-04  1.813D+00
 -6.580D-04 -2.552D+00
 -3.559D-04  1.866D+00
 -6.527D-06  6.613D-01
 -4.823D-06  3.640D-01
 -2.873D-06 -7.068D-01
 -6.570D-07  1.928D+00
 -1.955D-06  2.839D+00
 -4.782D-06  2.054D+00
 -7.874D-06  1.798D+00
 -1.124D-05  1.671D+00
 -1.487D-05  1.595D+00
 -1.878D-05  1.546D+00
 -2.295D-05  1.511D+00
 -2.739D-05  1.486D+00
 -3.209D-05  1.467D+00
 -3.705D-05  1.452D+00
 -4.226D-05  1.440D+00
 -4.773D-05  1.430D+00
 -5.345D-05  1.423D+00
 -5.942D-05  1.416D+00
 -6.562D-05  1.411D+00
 -7.206D-05  1.407D+00
 -7.873D-05  1.404D+00
 -8.563D-05  1.401D+00
 -9.273D-05  1.400D+00
 -1.001D-04  1.398D+00
 -1.076D-04  1.398D+00
 -1.153D-04  1.397D+00
 -1.232D-04  1.398D+00
 -1.313D-04  1.397D+00
 -1.395D-04  1.400D+00
 -1.480D-04  1.399D+00
 -1.563D-04  1.404D+00
 -1.653D-04  1.403D+00
 -1.736D-04  1.410D+00
 -1.830D-04  1.409D+00
 -1.911D-04  1.419D+00
 -2.010D-04  1.417D+00
 -2.085D-04  1.432D+00
 -2.192D-04  1.427D+00
 -2.256D-04  1.450D+00
 -2.375D-04  1.439D+00
 -2.417D-04  1.475D+00
 -2.555D-04  1.454D+00
 -2.562D-04  1.509D+00
 -2.731D-04  1.473D+00
 -2.678D-04  1.557D+00
 -2.900D-04  1.495D+00
 -2.747D-04  1.629D+00
 -3.059D-04  1.522D+00
 -2.739D-04  1.740D+00
 -3.205D-04  1.553D+00
 -2.600D-04  1.929D+00
 -3.336D-04  1.590D+00
 -2.225D-04  2.301D+00
 -3.449D-04  1.633D+00
 -1.362D-04  3.381D+00
 -3.544D-04  1.681D+00
 -1.082D-04  2.864D+00
 -3.625D-04  1.733D+00
 -5.987D-04 -2.426D+00
 -3.714D-04  1.778D+00
 -6.244D-06  6.608D-01
 -4.572D-06  3.668D-01
 -2.656D-06 -7.351D-01
 -5.568D-07  2.432D+00
 -2.087D-06  2.650D+00
 -4.860D-06  1.969D+00
 -7.895D-06  1.737D+00
 -1.120D-05  1.621D+00
 -1.477D-05  1.551D+00
 -1.861D-05  1.505D+00
 -2.271D-05  1.473D+00
 -2.707D-05  1.449D+00
 -3.169D-05  1.431D+00
 -3.657D-05  1.417D+00
 -4.170D-05  1.405D+00
 -4.708D-05  1.396D+00
 -5.271D-05  1.389D+00
 -5.858D-05  1.383D+00
 -6.469D-05  1.378D+00
 -7.103D-05  1.374D+00
 -7.761D-05  1.371D+00
 -8.440D-05  1.368D+00
 -9.143D-05  1.366D+00
 -9.864D-05  1.364D+00
 -1.061D-04  1.363D+00
 -1.137D-04  1.363D+00
 -1.216D-04  1.362D+00
 -1.295D-04  1.363D+00
 -1.378D-04  1.363D+00
 -1.460D-04  1.365D+00
 -1.546D-04  1.365D+00
 -1.630D-04  1.369D+00
 -1.720D-04  1.368D+00
 -1.804D-04  1.375D+00
 -1.899D-04  1.373D+00
 -1.980D-04  1.383D+00
 -2.081D-04  1.380D+00
 -2.156D-04  1.395D+00
 -2.265D-04  1.389D+00
 -2.328D-04  1.412D+00
 -2.449D-04  1.400D+00
 -2.491D-04  1.434D+00
 -2.632D-04  1.414D+00
 -2.638D-04  1.466D+00
 -2.810D-04  1.430D+00
 -2.757D-04  1.511D+00
 -2.983D-04  1.450D+00
 -2.831D-04  1.578D+00
 -3.146D-04  1.474D+00
 -2.830D-04  1.681D+00
 -3.298D-04  1.502D+00
 -2.703D-04  1.855D+00
 -3.435D-04  1.535D+00
 -2.350D-04  2.192D+00
 -3.557D-04  1.573D+00
 -1.535D-04  3.112D+00
 -3.662D-04  1.615D+00
 -9.956D-05  3.221D+00
 -3.755D-04  1.660D+00
 -5.399D-04 -2.221D+00
 -3.856D-04  1.699D+00
 -5.978D-06  6.603D-01
 -4.337D-06  3.698D-01
 -2.457D-06 -7.629D-01
 -5.038D-07  2.843D+00
 -2.199D-06  2.491D+00
 -4.917D-06  1.893D+00
 -7.896D-06  1.682D+00
 -1.114D-05  1.574D+00
 -1.464D-05  1.509D+00
 -1.841D-05  1.467D+00
 -2.243D-05  1.436D+00
 -2.672D-05  1.414D+00
 -3.126D-05  1.397D+00
 -3.605D-05  1.383D+00
 -4.109D-05  1.373D+00
 -4.638D-05  1.364D+00
 -5.191D-05  1.357D+00
 -5.768D-05  1.351D+00
 -6.369D-05  1.346D+00
 -6.994D-05  1.342D+00
 -7.641D-05  1.339D+00
 -8.311D-05  1.336D+00
 -9.001D-05  1.334D+00
 -9.715D-05  1.332D+00
 -1.045D-04  1.331D+00
 -1.120D-04  1.330D+00
 -1.197D-04  1.330D+00
 -1.277D-04  1.329D+00
 -1.357D-04  1.330D+00
 -1.440D-04  1.329D+00
 -1.523D-04  1.332D+00
 -1.610D-04  1.331D+00
 -1.694D-04  1.335D+00
 -1.786D-04  1.334D+00
 -1.870D-04  1.341D+00
 -1.966D-04  1.339D+00
 -2.047D-04  1.349D+00
 -2.149D-04  1.345D+00
 -2.224D-04  1.360D+00
 -2.335D-04  1.353D+00
 -2.397D-04  1.375D+00
 -2.520D-04  1.363D+00
 -2.562D-04  1.396D+00
 -2.705D-04  1.375D+00
 -2.710D-04  1.426D+00
 -2.886D-04  1.390D+00
 -2.832D-04  1.468D+00
 -3.061D-04  1.407D+00
 -2.910D-04  1.530D+00
 -3.228D-04  1.428D+00
 -2.916D-04  1.626D+00
 -3.384D-04  1.454D+00
 -2.801D-04  1.786D+00
 -3.528D-04  1.483D+00
 -2.467D-04  2.093D+00
 -3.657D-04  1.516D+00
 -1.695D-04  2.892D+00
 -3.771D-04  1.553D+00
 -9.411D-05  3.506D+00
 -3.875D-04  1.592D+00
 -4.868D-04 -2.052D+00
 -3.986D-04  1.626D+00
 -5.726D-06  6.597D-01
 -4.117D-06  3.731D-01
 -2.273D-06 -7.900D-01
 -4.480D-07  3.273D+00
 -2.292D-06  2.354D+00
 -4.956D-06  1.823D+00
 -7.877D-06  1.630D+00
 -1.106D-05  1.531D+00
 -1.449D-05  1.470D+00
 -1.819D-05  1.430D+00
 -2.214D-05  1.402D+00
 -2.634D-05  1.381D+00
 -3.080D-05  1.365D+00
 -3.550D-05  1.352D+00
 -4.045D-05  1.342D+00
 -4.564D-05  1.334D+00
 -5.108D-05  1.327D+00
 -5.675D-05  1.321D+00
 -6.265D-05  1.316D+00
 -6.879D-05  1.313D+00
 -7.516D-05  1.309D+00
 -8.174D-05  1.306D+00
 -8.855D-05  1.304D+00
 -9.555D-05  1.302D+00
 -1.028D-04  1.301D+00
 -1.102D-04  1.300D+00
 -1.178D-04  1.298D+00
 -1.256D-04  1.298D+00
 -1.336D-04  1.298D+00
 -1.417D-04  1.299D+00
 -1.501D-04  1.298D+00
 -1.584D-04  1.300D+00
 -1.673D-04  1.299D+00
 -1.757D-04  1.303D+00
 -1.849D-04  1.302D+00
 -1.933D-04  1.308D+00
 -2.030D-04  1.306D+00
 -2.111D-04  1.315D+00
 -2.215D-04  1.311D+00
 -2.289D-04  1.326D+00
 -2.401D-04  1.318D+00
 -2.463D-04  1.340D+00
 -2.588D-04  1.327D+00
 -2.629D-04  1.359D+00
 -2.774D-04  1.338D+00
 -2.779D-04  1.387D+00
 -2.957D-04  1.351D+00
 -2.903D-04  1.427D+00
 -3.134D-04  1.367D+00
 -2.985D-04  1.484D+00
 -3.305D-04  1.386D+00
 -2.997D-04  1.574D+00
 -3.465D-04  1.408D+00
 -2.892D-04  1.722D+00
 -3.614D-04  1.434D+00
 -2.578D-04  2.003D+00
 -3.749D-04  1.463D+00
 -1.845D-04  2.707D+00
 -3.871D-04  1.496D+00
 -9.341D-05  3.680D+00
 -3.984D-04  1.530D+00
 -4.385D-04 -1.910D+00
 -4.106D-04  1.559D+00
 -5.489D-06  6.591D-01
 -3.912D-06  3.766D-01
 -2.104D-06 -8.164D-01
 -4.073D-07  3.635D+00
 -2.369D-06  2.234D+00
 -4.979D-06  1.759D+00
 -7.841D-06  1.582D+00
 -1.096D-05  1.490D+00
 -1.433D-05  1.434D+00
 -1.795D-05  1.396D+00
 -2.182D-05  1.369D+00
 -2.594D-05  1.350D+00
 -3.031D-05  1.334D+00
 -3.493D-05  1.322D+00
 -3.978D-05  1.313D+00
 -4.488D-05  1.305D+00
 -5.021D-05  1.298D+00
 -5.578D-05  1.293D+00
 -6.158D-05  1.288D+00
 -6.760D-05  1.284D+00
 -7.385D-05  1.281D+00
 -8.033D-05  1.278D+00
 -8.701D-05  1.276D+00
 -9.392D-05  1.273D+00
 -1.010D-04  1.272D+00
 -1.083D-04  1.270D+00
 -1.158D-04  1.270D+00
 -1.235D-04  1.268D+00
 -1.314D-04  1.268D+00
 -1.395D-04  1.268D+00
 -1.476D-04  1.269D+00
 -1.561D-04  1.268D+00
 -1.644D-04  1.270D+00
 -1.733D-04  1.269D+00
 -1.817D-04  1.273D+00
 -1.911D-04  1.271D+00
 -1.994D-04  1.277D+00
 -2.092D-04  1.274D+00
 -2.173D-04  1.284D+00
 -2.277D-04  1.279D+00
 -2.352D-04  1.293D+00
 -2.465D-04  1.285D+00
 -2.526D-04  1.306D+00
 -2.652D-04  1.293D+00
 -2.693D-04  1.324D+00
 -2.839D-04  1.302D+00
 -2.844D-04  1.350D+00
 -3.024D-04  1.314D+00
 -2.970D-04  1.387D+00
 -3.203D-04  1.328D+00
 -3.055D-04  1.441D+00
 -3.376D-04  1.345D+00
 -3.073D-04  1.525D+00
 -3.540D-04  1.365D+00
 -2.978D-04  1.663D+00
 -3.693D-04  1.388D+00
 -2.681D-04  1.921D+00
 -3.834D-04  1.414D+00
 -1.985D-04  2.547D+00
 -3.963D-04  1.443D+00
 -8.963D-05  3.920D+00
 -4.085D-04  1.472D+00
 -3.952D-04 -1.746D+00
 -4.214D-04  1.497D+00
 -5.264D-06  6.584D-01
 -3.720D-06  3.803D-01
 -1.948D-06 -8.419D-01
 -3.904D-07  3.873D+00
 -2.432D-06  2.129D+00
 -4.987D-06  1.701D+00
 -7.791D-06  1.537D+00
 -1.084D-05  1.451D+00
 -1.415D-05  1.399D+00
 -1.770D-05  1.364D+00
 -2.149D-05  1.338D+00
 -2.553D-05  1.320D+00
 -2.981D-05  1.305D+00
 -3.433D-05  1.294D+00
 -3.909D-05  1.285D+00
 -4.409D-05  1.277D+00
 -4.932D-05  1.271D+00
 -5.478D-05  1.265D+00
 -6.047D-05  1.261D+00
 -6.638D-05  1.257D+00
 -7.252D-05  1.254D+00
 -7.887D-05  1.251D+00
 -8.544D-05  1.248D+00
 -9.221D-05  1.246D+00
 -9.921D-05  1.244D+00
 -1.064D-04  1.243D+00
 -1.138D-04  1.241D+00
 -1.213D-04  1.241D+00
 -1.291D-04  1.240D+00
 -1.370D-04  1.240D+00
 -1.452D-04  1.239D+00
 -1.533D-04  1.240D+00
 -1.619D-04  1.239D+00
 -1.702D-04  1.241D+00
 -1.791D-04  1.239D+00
 -1.876D-04  1.243D+00
 -1.969D-04  1.241D+00
 -2.053D-04  1.247D+00
 -2.152D-04  1.244D+00
 -2.232D-04  1.253D+00
 -2.337D-04  1.248D+00
 -2.411D-04  1.261D+00
 -2.525D-04  1.253D+00
 -2.586D-04  1.274D+00
 -2.713D-04  1.260D+00
 -2.753D-04  1.291D+00
 -2.901D-04  1.268D+00
 -2.905D-04  1.315D+00
 -3.087D-04  1.278D+00
 -3.033D-04  1.349D+00
 -3.268D-04  1.291D+00
 -3.121D-04  1.400D+00
 -3.443D-04  1.306D+00
 -3.144D-04  1.478D+00
 -3.610D-04  1.323D+00
 -3.058D-04  1.607D+00
 -3.767D-04  1.344D+00
 -2.778D-04  1.845D+00
 -3.913D-04  1.367D+00
 -2.116D-04  2.406D+00
 -4.048D-04  1.392D+00
 -8.877D-05  4.061D+00
 -4.176D-04  1.418D+00
 -3.544D-04 -1.412D+00
 -4.313D-04  1.440D+00
