 -7.013D-03  7.801D-01
 -3.640D-03  7.771D-01
 -6.298D-03  7.690D-01
 -1.927D-03  7.763D-01
 -4.133D-03  7.594D-01
 -5.791D-03  7.549D-01
 -1.257D-03  7.725D-01
 -2.112D-03  7.533D-01
 -4.602D-03  7.406D-01
 -5.373D-03  7.379D-01
 -8.486D-04  7.695D-01
 -1.481D-03  7.418D-01
 -2.236D-03  7.293D-01
 -5.018D-03  7.202D-01
 -5.008D-03  7.181D-01
 -6.164D-04  7.648D-01
 -9.960D-04  7.314D-01
 -1.688D-03  7.120D-01
 -2.308D-03  7.034D-01
 -5.373D-03  6.981D-01
 -4.680D-03  6.954D-01
 -4.593D-04  7.605D-01
 -7.462D-04  7.176D-01
 -1.116D-03  6.953D-01
 -1.874D-03  6.818D-01
 -2.338D-03  6.753D-01
 -5.668D-03  6.741D-01
 -4.381D-03  6.698D-01
 -3.552D-04  7.550D-01
 -5.562D-04  7.041D-01
 -8.655D-04  6.746D-01
 -1.208D-03  6.590D-01
 -2.037D-03  6.505D-01
 -2.335D-03  6.447D-01
 -5.906D-03  6.484D-01
 -4.104D-03  6.411D-01
 -2.797D-04  7.496D-01
 -4.363D-04  6.882D-01
 -6.410D-04  6.536D-01
 -9.722D-04  6.329D-01
 -1.275D-03  6.212D-01
 -2.178D-03  6.179D-01
 -2.308D-03  6.112D-01
 -6.093D-03  6.209D-01
 -3.847D-03  6.095D-01
 -2.254D-04  7.436D-01
 -3.434D-04  6.722D-01
 -5.117D-04  6.295D-01
 -7.113D-04  6.048D-01
 -1.066D-03  5.910D-01
 -1.318D-03  5.812D-01
 -2.298D-03  5.837D-01
 -2.261D-03  5.747D-01
 -6.232D-03  5.917D-01
 -3.606D-03  5.747D-01
 -1.841D-04  7.376D-01
 -2.782D-04  6.543D-01
 -4.013D-04  6.045D-01
 -5.794D-04  5.740D-01
 -7.668D-04  5.555D-01
 -1.147D-03  5.481D-01
 -1.341D-03  5.385D-01
 -2.397D-03  5.478D-01
 -2.200D-03  5.350D-01
 -6.328D-03  5.608D-01
 -3.380D-03  5.366D-01
 -1.526D-04  7.311D-01
 -2.266D-04  6.361D-01
 -3.280D-04  5.769D-01
 -4.511D-04  5.406D-01
 -6.388D-04  5.193D-01
 -8.083D-04  5.043D-01
 -1.215D-03  5.037D-01
 -1.348D-03  4.927D-01
 -2.476D-03  5.101D-01
 -2.129D-03  4.919D-01
 -6.386D-03  5.283D-01
 -3.166D-03  4.950D-01
 -1.279D-04  7.247D-01
 -1.880D-04  6.165D-01
 -2.661D-04  5.481D-01
 -3.729D-04  5.049D-01
 -4.922D-04  4.773D-01
 -6.897D-04  4.639D-01
 -8.369D-04  4.504D-01
 -1.272D-03  4.575D-01
 -1.342D-03  4.433D-01
 -2.537D-03  4.707D-01
 -2.050D-03  4.451D-01
 -6.410D-03  4.944D-01
 -2.964D-03  4.498D-01
 -1.084D-04  7.181D-01
 -1.567D-04  5.965D-01
 -2.215D-04  5.171D-01
 -3.009D-04  4.659D-01
 -4.122D-04  4.344D-01
 -5.244D-04  4.122D-01
 -7.325D-04  4.069D-01
 -8.539D-04  3.929D-01
 -1.318D-03  4.092D-01
 -1.323D-03  3.898D-01
 -2.582D-03  4.295D-01
 -1.965D-03  3.943D-01
 -6.402D-03  4.591D-01
 -2.773D-03  4.006D-01
 -9.262D-05  7.115D-01
 -1.324D-04  5.755D-01
 -1.839D-04  4.845D-01
 -2.519D-04  4.246D-01
 -3.302D-04  3.849D-01
 -4.458D-04  3.633D-01
 -5.481D-04  3.440D-01
 -7.675D-04  3.476D-01
 -8.606D-04  3.310D-01
 -1.353D-03  3.588D-01
 -1.295D-03  3.319D-01
 -2.610D-03  3.865D-01
 -1.876D-03  3.390D-01
 -6.368D-03  4.225D-01
 -2.592D-03  3.470D-01
 -7.981D-05  7.048D-01
 -1.123D-04  5.540D-01
 -1.552D-04  4.499D-01
 -2.080D-04  3.796D-01
 -2.785D-04  3.342D-01
 -3.536D-04  3.020D-01
 -4.736D-04  2.900D-01
 -5.639D-04  2.713D-01
 -7.952D-04  2.856D-01
 -8.584D-04  2.641D-01
 -1.379D-03  3.061D-01
 -1.259D-03  2.688D-01
 -2.624D-03  3.418D-01
 -1.785D-03  2.788D-01
 -6.309D-03  3.847D-01
 -2.420D-03  2.886D-01
 -6.923D-05  6.983D-01
 -9.613D-05  5.317D-01
 -1.309D-04  4.135D-01
 -1.759D-04  3.320D-01
 -2.285D-04  2.759D-01
 -3.009D-04  2.426D-01
 -3.713D-04  2.148D-01
 -4.960D-04  2.133D-01
 -5.725D-04  1.927D-01
 -8.161D-04  2.203D-01
 -8.485D-04  1.911D-01
 -1.395D-03  2.508D-01
 -1.218D-03  1.999D-01
 -2.625D-03  2.953D-01
 -1.693D-03  2.129D-01
 -6.229D-03  3.458D-01
 -2.256D-03  2.248D-01
 -6.046D-05  6.917D-01
 -8.264D-05  5.091D-01
 -1.117D-04  3.750D-01
 -1.476D-04  2.799D-01
 -1.939D-04  2.155D-01
 -2.450D-04  1.689D-01
 -3.193D-04  1.471D-01
 -3.835D-04  1.210D-01
 -5.132D-04  1.322D-01
 -5.745D-04  1.069D-01
 -8.306D-04  1.514D-01
 -8.321D-04  1.110D-01
 -1.404D-03  1.928D-01
 -1.171D-03  1.242D-01
 -2.614D-03  2.470D-01
 -1.600D-03  1.407D-01
 -6.130D-03  3.057D-01
 -2.101D-03  1.549D-01
 -5.309D-05  6.854D-01
 -7.154D-05  4.858D-01
 -9.537D-05  3.345D-01
 -1.258D-04  2.246D-01
 -1.616D-04  1.458D-01
 -2.089D-04  9.560D-02
 -2.574D-04  5.502D-02
 -3.337D-04  4.588D-02
 -3.905D-04  1.857D-02
 -5.256D-04  4.569D-02
 -5.708D-04  1.229D-02
 -8.392D-04  7.827D-02
 -8.102D-04  2.242D-02
 -1.404D-03  1.320D-01
 -1.120D-03  4.059D-02
 -2.592D-03  1.969D-01
 -1.508D-03  6.100D-02
 -6.016D-03  2.647D-01
 -1.953D-03  7.775D-02
 -4.688D-05  6.791D-01
 -6.215D-05  4.622D-01
 -8.209D-05  2.918D-01
 -1.067D-04  1.640D-01
 -1.379D-04  7.273D-02
 -1.729D-04  5.087D-03
 -2.209D-04 -3.154D-02
 -2.660D-04 -6.941D-02
 -3.443D-04 -6.325D-02
 -3.928D-04 -9.523D-02
 -5.334D-04 -4.735D-02
 -5.621D-04 -9.336D-02
 -8.425D-04  4.294D-04
 -7.837D-04 -7.644D-02
 -1.398D-03  6.802D-02
 -1.067D-03 -5.255D-02
 -2.561D-03  1.448D-01
 -1.416D-03 -2.753D-02
 -5.889D-03  2.227D-01
 -1.812D-03 -7.753D-03
 -4.158D-05  6.731D-01
 -5.429D-05  4.381D-01
 -7.070D-05  2.467D-01
 -9.149D-05  9.912D-02
 -1.161D-04 -1.201D-02
 -1.477D-04 -8.763D-02
 -1.812D-04 -1.483D-01
 -2.300D-04 -1.698D-01
 -2.708D-04 -2.086D-01
 -3.513D-04 -1.825D-01
 -3.909D-04 -2.237D-01
 -5.372D-04 -1.482D-01
 -5.490D-04 -2.127D-01
 -8.409D-04 -8.279D-02
 -7.535D-04 -1.879D-01
 -1.386D-03  6.566D-04
 -1.012D-03 -1.572D-01
 -2.522D-03  9.088D-02
 -1.326D-03 -1.267D-01
 -5.750D-03  1.797D-01
 -1.679D-03 -1.033D-01
 -3.705D-05  6.671D-01
 -4.756D-05  4.137D-01
 -6.126D-05  1.991D-01
 -7.818D-05  2.737D-02
 -9.940D-05 -1.027D-01
 -1.235D-04 -2.028D-01
 -1.554D-04 -2.633D-01
 -1.868D-04 -3.211D-01
 -2.362D-04 -3.236D-01
 -2.722D-04 -3.679D-01
 -3.551D-04 -3.146D-01
 -3.852D-04 -3.712D-01
 -5.372D-04 -2.584D-01
 -5.323D-04 -3.496D-01
 -8.348D-04 -1.722D-01
 -7.204D-04 -3.152D-01
 -1.368D-03 -7.045D-02
 -9.554D-04 -2.761D-01
 -2.474D-03  3.485D-02
 -1.239D-03 -2.388D-01
 -5.601D-03  1.359D-01
 -1.552D-03 -2.111D-01
 -3.315D-05  6.615D-01
 -4.185D-05  3.889D-01
 -5.312D-05  1.487D-01
 -6.735D-05 -5.009D-02
 -8.430D-05 -2.090D-01
 -1.057D-04 -3.249D-01
 -1.288D-04 -4.192D-01
 -1.608D-04 -4.625D-01
 -1.896D-04 -5.222D-01
 -2.399D-04 -4.986D-01
 -2.705D-04 -5.548D-01
 -3.559D-04 -4.631D-01
 -3.764D-04 -5.442D-01
 -5.339D-04 -3.800D-01
 -5.126D-04 -5.093D-01
 -8.248D-04 -2.688D-01
 -6.850D-04 -4.627D-01
 -1.345D-03 -1.457D-01
 -8.985D-04 -4.131D-01
 -2.421D-03 -2.336D-02
 -1.153D-03 -3.672D-01
 -5.446D-03  9.110D-02
 -1.431D-03 -3.341D-01
 -2.977D-05  6.560D-01
 -3.693D-05  3.640D-01
 -4.628D-05  9.533D-02
 -5.786D-05 -1.368D-01
 -7.232D-05 -3.257D-01
 -8.891D-05 -4.792D-01
 -1.103D-04 -5.817D-01
 -1.321D-04 -6.764D-01
 -1.642D-04 -6.961D-01
 -1.901D-04 -7.650D-01
 -2.412D-04 -7.023D-01
 -2.663D-04 -7.808D-01
 -3.542D-04 -6.327D-01
 -3.648D-04 -7.522D-01
 -5.276D-04 -5.155D-01
 -4.905D-04 -6.997D-01
 -8.112D-04 -3.737D-01
 -6.482D-04 -6.370D-01
 -1.318D-03 -2.257D-01
 -8.415D-04 -5.734D-01
 -2.362D-03 -8.391D-02
 -1.070D-03 -5.166D-01
 -5.284D-03  4.546D-02
 -1.317D-03 -4.765D-01
 -2.683D-05  6.508D-01
 -3.270D-05  3.386D-01
 -4.034D-05  3.849D-02
 -5.000D-05 -2.318D-01
 -6.159D-05 -4.654D-01
 -7.607D-05 -6.504D-01
 -9.204D-05 -8.077D-01
 -1.134D-04 -8.943D-01
 -1.336D-04 -9.983D-01
 -1.659D-04 -9.811D-01
 -1.881D-04 -1.044D+00
 -2.405D-04 -9.464D-01
 -2.593D-04 -1.038D+00
 -3.501D-04 -8.302D-01
 -3.511D-04 -1.006D+00
 -5.186D-04 -6.684D-01
 -4.668D-04 -9.330D-01
 -7.945D-04 -4.887D-01
 -6.105D-04 -8.479D-01
 -1.287D-03 -3.109D-01
 -7.852D-04 -7.653D-01
 -2.299D-03 -1.470D-01
 -9.899D-04 -6.936D-01
 -5.118D-03 -1.076D-03
 -1.209D-03 -6.444D-01
 -2.426D-05  6.459D-01
 -2.902D-05  3.132D-01
 -3.529D-05 -2.203D-02
 -4.311D-05 -3.399D-01
 -5.289D-05 -6.240D-01
 -6.426D-05 -8.747D-01
 -7.863D-05 -1.048D+00
 -9.313D-05 -1.145D+00
 -1.140D-04 -1.177D+00
 -1.315D-04 -1.244D+00
 -1.640D-04 -1.201D+00
 -1.821D-04 -1.269D+00
 -2.362D-04 -1.149D+00
 -2.478D-04 -1.246D+00
 -3.437D-04 -1.047D+00
 -3.321D-04 -1.196D+00
 -5.075D-04 -8.435D-01
 -4.384D-04 -1.132D+00
 -7.752D-04 -6.157D-01
 -5.703D-04 -1.064D+00
 -1.253D-03 -4.023D-01
 -7.300D-04 -9.986D-01
 -2.232D-03 -2.128D-01
 -9.132D-04 -9.087D-01
 -4.949D-03 -4.853D-02
 -1.108D-03 -8.468D-01
 -2.200D-05  6.412D-01
 -2.584D-05  2.875D-01
 -3.088D-05 -8.697D-02
 -3.732D-05 -4.609D-01
 -4.516D-05 -8.206D-01
 -5.480D-05 -1.099D+00
 -6.507D-05 -1.259D+00
 -7.868D-05 -1.358D+00
 -9.174D-05 -1.443D+00
 -1.123D-04 -1.445D+00
 -1.272D-04 -1.502D+00
 -1.600D-04 -1.436D+00
 -1.738D-04 -1.503D+00
 -2.293D-04 -1.360D+00
 -2.341D-04 -1.469D+00
 -3.328D-04 -1.212D+00
 -3.109D-04 -1.414D+00
 -4.944D-04 -1.042D+00
 -4.075D-04 -1.344D+00
 -7.537D-04 -7.575D-01
 -5.264D-04 -1.255D+00
 -1.216D-03 -5.007D-01
 -6.694D-04 -1.171D+00
 -2.161D-03 -2.818D-01
 -8.346D-04 -1.099D+00
 -4.777D-03 -9.695D-02
 -1.008D-03 -1.047D+00
 -2.001D-05  6.368D-01
 -2.305D-05  2.617D-01
 -2.710D-05 -1.567D-01
 -3.225D-05 -6.018D-01
 -3.881D-05 -1.056D+00
 -4.583D-05 -1.306D+00
 -5.470D-05 -1.474D+00
 -6.396D-05 -1.597D+00
 -7.706D-05 -1.653D+00
 -8.847D-05 -1.738D+00
 -1.087D-04 -1.705D+00
 -1.210D-04 -1.782D+00
 -1.540D-04 -1.659D+00
 -1.635D-04 -1.763D+00
 -2.201D-04 -1.549D+00
 -2.182D-04 -1.703D+00
 -3.200D-04 -1.404D+00
 -2.877D-04 -1.624D+00
 -4.759D-04 -1.185D+00
 -3.748D-04 -1.538D+00
 -7.303D-04 -9.178D-01
 -4.818D-04 -1.453D+00
 -1.177D-03 -6.074D-01
 -6.099D-04 -1.375D+00
 -2.089D-03 -3.541D-01
 -7.565D-04 -1.291D+00
 -4.605D-03 -1.464D-01
 -9.086D-04 -1.227D+00
 -1.825D-05  6.326D-01
 -2.061D-05  2.356D-01
 -2.379D-05 -2.322D-01
 -2.795D-05 -7.646D-01
 -3.284D-05 -1.234D+00
 -3.855D-05 -1.514D+00
 -4.485D-05 -1.717D+00
 -5.326D-05 -1.850D+00
 -6.161D-05 -1.976D+00
 -7.434D-05 -2.000D+00
 -8.420D-05 -2.096D+00
 -1.041D-04 -2.011D+00
 -1.139D-04 -2.115D+00
 -1.468D-04 -1.921D+00
 -1.524D-04 -2.065D+00
 -2.093D-04 -1.771D+00
 -2.017D-04 -1.979D+00
 -3.050D-04 -1.569D+00
 -2.639D-04 -1.876D+00
 -4.558D-04 -1.349D+00
 -3.414D-04 -1.772D+00
 -7.047D-04 -1.086D+00
 -4.367D-04 -1.662D+00
 -1.136D-03 -7.239D-01
 -5.505D-04 -1.560D+00
 -2.014D-03 -4.302D-01
 -6.803D-04 -1.475D+00
 -4.433D-03 -1.968D-01
 -8.136D-04 -1.413D+00
 -1.668D-05  6.287D-01
 -1.847D-05  2.095D-01
 -2.092D-05 -3.141D-01
 -2.418D-05 -9.613D-01
 -2.785D-05 -1.443D+00
 -3.192D-05 -1.749D+00
 -3.728D-05 -1.988D+00
 -4.306D-05 -2.211D+00
 -5.116D-05 -2.339D+00
 -5.754D-05 -2.282D+00
 -7.015D-05 -2.332D+00
 -7.605D-05 -2.114D+00
 -9.880D-05 -2.418D+00
 -1.022D-04 -2.130D+00
 -1.387D-04 -2.250D+00
 -1.382D-04 -2.265D+00
 -1.980D-04 -2.013D+00
 -1.848D-04 -2.355D+00
 -2.886D-04 -1.767D+00
 -2.402D-04 -2.195D+00
 -4.337D-04 -1.503D+00
 -3.092D-04 -2.042D+00
 -6.739D-04 -1.212D+00
 -3.934D-04 -1.904D+00
 -1.094D-03 -8.522D-01
 -4.933D-04 -1.785D+00
 -1.939D-03 -5.107D-01
 -6.067D-04 -1.684D+00
 -4.262D-03 -2.485D-01
 -7.227D-04 -1.606D+00
 -1.529D-05  6.251D-01
 -1.658D-05  1.832D-01
 -1.840D-05 -4.040D-01
 -2.089D-05 -1.153D+00
 -2.338D-05 -1.636D+00
 -2.660D-05 -2.016D+00
 -3.041D-05 -2.389D+00
 -3.392D-05 -2.080D+00
 -3.716D-05 -1.809D+00
 -4.369D-05 -1.747D+00
 -4.801D-05 -1.624D+00
 -5.952D-05 -1.696D+00
 -6.376D-05 -1.588D+00
 -8.428D-05 -1.789D+00
 -8.539D-05 -1.617D+00
 -1.238D-04 -2.051D+00
 -1.149D-04 -1.703D+00
 -1.860D-04 -2.333D+00
 -1.546D-04 -1.848D+00
 -2.720D-04 -1.978D+00
 -2.075D-04 -2.065D+00
 -4.101D-04 -1.662D+00
 -2.776D-04 -2.380D+00
 -6.420D-04 -1.356D+00
 -3.517D-04 -2.219D+00
 -1.051D-03 -9.951D-01
 -4.395D-04 -2.051D+00
 -1.863D-03 -5.960D-01
 -5.386D-04 -1.918D+00
 -4.092D-03 -3.013D-01
 -6.386D-04 -1.827D+00
 -1.404D-05  6.217D-01
 -1.491D-05  1.568D-01
 -1.621D-05 -5.029D-01
 -1.790D-05 -1.323D+00
 -1.962D-05 -1.869D+00
 -2.191D-05 -2.398D+00
 -2.307D-05 -1.873D+00
 -2.470D-05 -1.589D+00
 -2.803D-05 -1.374D+00
 -3.059D-05 -9.832D-01
 -3.657D-05 -9.795D-01
 -3.958D-05 -7.250D-01
 -5.030D-05 -9.990D-01
 -5.251D-05 -7.100D-01
 -7.210D-05 -1.319D+00
 -7.051D-05 -8.451D-01
 -1.064D-04 -1.642D+00
 -9.510D-05 -1.098D+00
 -1.640D-04 -2.020D+00
 -1.282D-04 -1.467D+00
 -2.547D-04 -2.246D+00
 -1.707D-04 -1.620D+00
 -3.858D-04 -1.842D+00
 -2.264D-04 -1.794D+00
 -6.086D-04 -1.494D+00
 -2.980D-04 -2.032D+00
 -1.006D-03 -1.136D+00
 -3.877D-04 -2.344D+00
 -1.786D-03 -6.871D-01
 -4.749D-04 -2.233D+00
 -3.924D-03 -3.555D-01
 -5.604D-04 -2.108D+00
 -1.293D-05  6.186D-01
 -1.344D-05  1.302D-01
 -1.428D-05 -6.133D-01
 -1.532D-05 -1.506D+00
 -1.637D-05 -2.152D+00
 -1.672D-05 -1.898D+00
 -1.707D-05 -1.423D+00
 -1.830D-05 -7.824D-01
 -1.954D-05 -3.522D-01
 -2.250D-05 -2.121D-01
 -2.457D-05  3.962D-02
 -2.982D-05 -7.731D-02
 -3.225D-05  2.170D-01
 -4.148D-05 -1.718D-01
 -4.274D-05  1.531D-01
 -6.002D-05 -4.649D-01
 -5.681D-05 -6.709D-02
 -9.084D-05 -1.025D+00
 -7.656D-05 -2.722D-01
 -1.416D-04 -1.661D+00
 -1.032D-04 -5.536D-01
 -2.316D-04 -2.246D+00
 -1.388D-04 -9.179D-01
 -3.618D-04 -2.038D+00
 -1.852D-04 -1.365D+00
 -5.741D-04 -1.627D+00
 -2.424D-04 -1.610D+00
 -9.566D-04 -1.246D+00
 -3.125D-04 -1.779D+00
 -1.710D-03 -7.848D-01
 -3.946D-04 -1.977D+00
 -3.759D-03 -4.112D-01
 -4.769D-04 -2.136D+00
 -1.192D-05  6.157D-01
 -1.213D-05  1.036D-01
 -1.259D-05 -7.371D-01
 -1.303D-05 -1.684D+00
 -1.347D-05 -2.343D+00
 -1.257D-05 -1.525D+00
 -1.252D-05 -5.188D-01
 -1.301D-05  8.031D-02
 -1.458D-05  5.359D-01
 -1.584D-05  9.457D-01
 -1.860D-05  1.006D+00
 -2.022D-05  1.256D+00
 -2.505D-05  1.053D+00
 -2.649D-05  1.308D+00
 -3.507D-05  8.195D-01
 -3.517D-05  1.201D+00
 -5.066D-05  3.216D-01
 -4.689D-05  9.820D-01
 -7.599D-05 -3.212D-01
 -6.281D-05  6.541D-01
 -1.216D-04 -1.119D+00
 -8.347D-05  2.447D-01
 -2.006D-04 -1.835D+00
 -1.105D-04 -1.730D-01
 -3.375D-04 -2.282D+00
 -1.471D-04 -5.037D-01
 -5.390D-04 -1.781D+00
 -1.946D-04 -9.016D-01
 -9.069D-04 -1.367D+00
 -2.528D-04 -1.343D+00
 -1.635D-03 -8.901D-01
 -3.179D-04 -1.578D+00
 -3.597D-03 -4.685D-01
 -3.811D-04 -1.656D+00
 -1.102D-05  6.130D-01
 -1.096D-05  7.687D-02
 -1.110D-05 -8.785D-01
 -1.106D-05 -1.894D+00
 -1.023D-05 -1.805D+00
 -9.293D-06 -6.149D-01
 -9.148D-06  3.704D-01
 -9.692D-06  1.084D+00
 -1.033D-05  1.587D+00
 -1.204D-05  1.832D+00
 -1.343D-05  2.148D+00
 -1.600D-05  2.095D+00
 -1.747D-05  2.346D+00
 -2.165D-05  2.027D+00
 -2.291D-05  2.326D+00
 -2.966D-05  1.709D+00
 -3.011D-05  2.161D+00
 -4.265D-05  1.202D+00
 -3.933D-05  1.894D+00
 -6.474D-05  4.505D-01
 -5.064D-05  1.552D+00
 -1.024D-04 -4.512D-01
 -6.765D-05  1.189D+00
 -1.747D-04 -1.595D+00
 -8.983D-05  7.717D-01
 -3.080D-04 -2.315D+00
 -1.181D-04  2.897D-01
 -5.050D-04 -1.938D+00
 -1.533D-04 -1.743D-01
 -8.570D-04 -1.493D+00
 -1.986D-04 -4.979D-01
 -1.560D-03 -1.005D+00
 -2.516D-04 -8.282D-01
 -3.439D-03 -5.276D-01
 -3.032D-04 -1.065D+00
 -1.021D-05  6.106D-01
 -9.924D-06  5.006D-02
 -9.797D-06 -1.042D+00
 -9.357D-06 -2.139D+00
 -7.837D-06 -1.365D+00
 -6.852D-06  1.921D-01
 -6.776D-06  1.310D+00
 -7.295D-06  2.076D+00
 -8.184D-06  2.520D+00
 -8.960D-06  2.905D+00
 -1.041D-05  3.005D+00
 -1.201D-05  3.188D+00
 -1.413D-05  3.081D+00
 -1.584D-05  3.257D+00
 -1.875D-05  2.960D+00
 -2.049D-05  3.196D+00
 -2.629D-05  2.595D+00
 -2.596D-05  3.053D+00
 -3.734D-05  2.021D+00
 -3.354D-05  2.803D+00
 -5.464D-05  1.239D+00
 -4.391D-05  2.471D+00
 -8.729D-05  1.991D-01
 -5.697D-05  2.076D+00
 -1.490D-04 -9.018D-01
 -7.261D-05  1.635D+00
 -2.680D-04 -1.924D+00
 -9.464D-05  1.204D+00
 -4.713D-04 -2.122D+00
 -1.233D-04  7.633D-01
 -8.065D-04 -1.602D+00
 -1.579D-04  2.957D-01
 -1.487D-03 -1.130D+00
 -1.962D-04 -1.222D-01
 -3.285D-03 -5.887D-01
 -2.359D-04 -2.952D-01
 -9.467D-06  6.085D-01
 -8.996D-06  2.314D-02
 -8.615D-06 -1.193D+00
 -7.918D-06 -2.469D+00
 -5.826D-06 -5.283D-01
 -5.137D-06  1.137D+00
 -5.233D-06  2.278D+00
 -5.601D-06  2.973D+00
 -6.630D-06  3.383D+00
 -7.737D-06  3.607D+00
 -8.681D-06  3.880D+00
 -1.021D-05  3.879D+00
 -1.121D-05  4.095D+00
 -1.362D-05  3.874D+00
 -1.456D-05  4.110D+00
 -1.833D-05  3.664D+00
 -1.897D-05  3.987D+00
 -2.449D-05  3.307D+00
 -2.456D-05  3.779D+00
 -3.258D-05  2.810D+00
 -3.134D-05  3.519D+00
 -4.810D-05  1.996D+00
 -3.913D-05  3.234D+00
 -7.444D-05  9.632D-01
 -4.752D-05  2.938D+00
 -1.264D-04 -3.460D-01
 -6.184D-05  2.521D+00
 -2.342D-04 -1.680D+00
 -7.899D-05  2.079D+00
 -4.385D-04 -2.346D+00
 -9.875D-05  1.615D+00
 -7.564D-04 -1.724D+00
 -1.252D-04  1.200D+00
 -1.411D-03 -1.231D+00
 -1.563D-04  8.407D-01
 -3.134D-03 -6.520D-01
 -1.864D-04  5.870D-01
 -8.796D-06  6.065D-01
 -8.165D-06 -3.856D-03
 -7.544D-06 -1.322D+00
 -6.169D-06 -1.957D+00
 -4.410D-06  2.316D-01
 -3.969D-06  2.044D+00
 -4.169D-06  3.097D+00
 -4.809D-06  3.730D+00
 -5.506D-06  4.126D+00
 -6.761D-06  4.282D+00
 -8.035D-06  4.353D+00
 -9.259D-06  4.500D+00
 -1.084D-05  4.443D+00
 -1.215D-05  4.580D+00
 -1.425D-05  4.385D+00
 -1.566D-05  4.548D+00
 -1.822D-05  4.232D+00
 -1.983D-05  4.443D+00
 -2.254D-05  4.015D+00
 -2.455D-05  4.304D+00
 -3.114D-05  3.424D+00
 -2.945D-05  4.162D+00
 -4.213D-05  2.725D+00
 -3.521D-05  3.971D+00
 -6.411D-05  1.642D+00
 -4.466D-05  3.605D+00
 -1.088D-04  3.040D-01
 -5.495D-05  3.253D+00
 -2.023D-04 -1.166D+00
 -6.518D-05  2.925D+00
 -3.996D-04 -2.363D+00
 -8.324D-05  2.492D+00
 -7.073D-04 -1.856D+00
 -1.035D-04  2.073D+00
 -1.334D-03 -1.324D+00
 -1.252D-04  1.691D+00
 -2.988D-03 -7.178D-01
 -1.453D-04  1.448D+00
 -8.187D-06  6.048D-01
 -7.420D-06 -3.096D-02
 -6.593D-06 -1.472D+00
 -4.833D-06 -1.638D+00
 -3.332D-06  1.133D+00
 -3.082D-06  2.903D+00
 -3.515D-06  3.852D+00
 -4.332D-06  4.276D+00
 -5.165D-06  4.610D+00
 -6.180D-06  4.761D+00
 -7.859D-06  4.697D+00
 -9.303D-06  4.692D+00
 -1.107D-05  4.691D+00
 -1.248D-05  4.686D+00
 -1.451D-05  4.691D+00
 -1.559D-05  4.697D+00
 -1.816D-05  4.682D+00
 -1.826D-05  4.739D+00
 -2.182D-05  4.681D+00
 -2.375D-05  4.378D+00
 -2.507D-05  4.719D+00
 -2.855D-05  4.070D+00
 -2.948D-05  4.631D+00
 -3.980D-05  3.304D+00
 -3.597D-05  4.385D+00
 -5.711D-05  2.344D+00
 -4.231D-05  4.177D+00
 -9.308D-05  9.845D-01
 -4.855D-05  3.985D+00
 -1.727D-04 -6.105D-01
 -6.066D-05  3.581D+00
 -3.491D-04 -2.005D+00
 -7.316D-05  3.220D+00
 -6.604D-04 -1.991D+00
 -8.497D-05  2.910D+00
 -1.259D-03 -1.425D+00
 -1.040D-04  2.560D+00
 -2.846D-03 -7.865D-01
 -1.215D-04  2.341D+00
 -7.631D-06  6.032D-01
 -6.751D-06 -5.812D-02
 -5.744D-06 -1.596D+00
 -3.720D-06 -9.230D-01
 -2.619D-06  1.972D+00
 -2.676D-06  3.594D+00
 -3.251D-06  4.331D+00
 -4.032D-06  4.724D+00
 -5.445D-06  4.680D+00
 -6.764D-06  4.753D+00
 -8.151D-06  4.778D+00
 -1.081D-05  4.489D+00
 -1.231D-05  4.532D+00
 -1.536D-05  4.335D+00
 -1.575D-05  4.574D+00
 -1.958D-05  4.344D+00
 -1.813D-05  4.778D+00
 -2.311D-05  4.464D+00
 -2.214D-05  4.676D+00
 -2.544D-05  4.698D+00
 -2.490D-05  4.682D+00
 -2.934D-05  4.719D+00
 -2.999D-05  4.387D+00
 -3.401D-05  4.656D+00
 -3.644D-05  3.914D+00
 -3.775D-05  4.659D+00
 -5.082D-05  2.963D+00
 -4.106D-05  4.668D+00
 -8.070D-05  1.609D+00
 -4.935D-05  4.374D+00
 -1.478D-04 -1.342D-01
 -5.687D-05  4.146D+00
 -3.064D-04 -1.769D+00
 -6.405D-05  3.948D+00
 -6.144D-04 -2.148D+00
 -7.809D-05  3.570D+00
 -1.186D-03 -1.530D+00
 -9.167D-05  3.273D+00
 -2.709D-03 -8.583D-01
 -1.036D-04  3.100D+00
 -7.124D-06  6.018D-01
 -6.150D-06 -8.538D-02
 -4.989D-06 -1.738D+00
 -2.841D-06 -2.813D-01
 -2.059D-06  2.799D+00
 -2.360D-06  4.175D+00
 -3.108D-06  4.687D+00
 -4.333D-06  4.727D+00
 -6.443D-06  4.374D+00
 -8.875D-06  4.094D+00
 -1.170D-05  3.875D+00
 -1.407D-05  3.825D+00
 -1.726D-05  3.703D+00
 -1.921D-05  3.767D+00
 -2.295D-05  3.659D+00
 -2.385D-05  3.832D+00
 -2.851D-05  3.688D+00
 -2.726D-05  4.015D+00
 -3.362D-05  3.775D+00
 -2.830D-05  4.372D+00
 -3.790D-05  3.916D+00
 -2.864D-05  4.692D+00
 -4.089D-05  4.121D+00
 -3.124D-05  4.655D+00
 -4.200D-05  4.414D+00
 -3.741D-05  4.241D+00
 -4.199D-05  4.734D+00
 -4.855D-05  3.476D+00
 -4.759D-05  4.635D+00
 -7.202D-05  2.256D+00
 -5.144D-05  4.626D+00
 -1.283D-04  5.417D-01
 -5.463D-05  4.632D+00
 -2.673D-04 -1.406D+00
 -6.437D-05  4.338D+00
 -5.705D-04 -2.334D+00
 -7.283D-05  4.126D+00
 -1.114D-03 -1.616D+00
 -7.950D-05  3.997D+00
 -2.576D-03 -9.336D-01
 -9.092D-05  3.814D+00
 -6.661D-06  6.007D-01
 -5.607D-06 -1.127D-01
 -4.326D-06 -1.892D+00
 -2.210D-06  5.324D-01
 -1.792D-06  3.449D+00
 -2.140D-06  4.680D+00
 -3.270D-06  4.738D+00
 -5.690D-06  4.079D+00
 -8.316D-06  3.736D+00
 -1.123D-05  3.517D+00
 -1.403D-05  3.424D+00
 -1.735D-05  3.320D+00
 -2.011D-05  3.320D+00
 -2.390D-05  3.247D+00
 -2.623D-05  3.315D+00
 -3.069D-05  3.239D+00
 -3.195D-05  3.383D+00
 -3.748D-05  3.273D+00
 -3.659D-05  3.525D+00
 -4.399D-05  3.342D+00
 -3.916D-05  3.773D+00
 -4.991D-05  3.444D+00
 -3.802D-05  4.212D+00
 -5.484D-05  3.582D+00
 -3.547D-05  4.657D+00
 -5.835D-05  3.765D+00
 -3.615D-05  4.677D+00
 -5.994D-05  4.007D+00
 -4.481D-05  4.006D+00
 -5.898D-05  4.334D+00
 -6.323D-05  2.847D+00
 -5.632D-05  4.709D+00
 -1.102D-04  1.124D+00
 -6.251D-05  4.604D+00
 -2.298D-04 -8.642D-01
 -6.631D-05  4.597D+00
 -5.306D-04 -2.556D+00
 -6.909D-05  4.621D+00
 -1.043D-03 -1.710D+00
 -7.964D-05  4.377D+00
 -2.448D-03 -1.013D+00
 -8.868D-05  4.252D+00
 -6.236D-06  5.996D-01
 -5.119D-06 -1.401D-01
 -3.745D-06 -2.064D+00
 -1.704D-06  1.294D+00
 -1.538D-06  4.079D+00
 -2.330D-06  4.646D+00
 -4.368D-06  4.026D+00
 -7.033D-06  3.552D+00
 -9.950D-06  3.296D+00
 -1.293D-05  3.167D+00
 -1.628D-05  3.061D+00
 -1.946D-05  3.028D+00
 -2.328D-05  2.967D+00
 -2.642D-05  2.986D+00
 -3.080D-05  2.936D+00
 -3.348D-05  3.003D+00
 -3.864D-05  2.942D+00
 -4.021D-05  3.067D+00
 -4.660D-05  2.976D+00
 -4.597D-05  3.186D+00
 -5.442D-05  3.032D+00
 -4.982D-05  3.377D+00
 -6.180D-05  3.111D+00
 -5.034D-05  3.691D+00
 -6.843D-05  3.214D+00
 -4.507D-05  4.266D+00
 -7.393D-05  3.345D+00
 -4.207D-05  4.586D+00
 -7.793D-05  3.508D+00
 -4.609D-05  4.280D+00
 -7.997D-05  3.714D+00
 -6.085D-05  3.309D+00
 -7.959D-05  3.976D+00
 -9.758D-05  1.710D+00
 -7.629D-05  4.318D+00
 -1.980D-04 -4.307D-01
 -7.207D-05  4.676D+00
 -4.664D-04 -2.215D+00
 -7.886D-05  4.578D+00
 -9.751D-04 -1.813D+00
 -8.375D-05  4.558D+00
 -2.325D-03 -1.097D+00
 -8.852D-05  4.577D+00
 -5.846D-06  5.988D-01
 -4.677D-06 -1.676D-01
 -3.233D-06 -2.278D+00
 -1.384D-06  2.078D+00
 -1.444D-06  4.487D+00
 -2.742D-06  4.321D+00
 -5.353D-06  3.520D+00
 -8.187D-06  3.177D+00
 -1.119D-05  3.001D+00
 -1.450D-05  2.882D+00
 -1.785D-05  2.823D+00
 -2.165D-05  2.763D+00
 -2.519D-05  2.755D+00
 -2.952D-05  2.714D+00
 -3.300D-05  2.742D+00
 -3.797D-05  2.703D+00
 -4.096D-05  2.768D+00
 -4.682D-05  2.716D+00
 -4.864D-05  2.829D+00
 -5.588D-05  2.747D+00
 -5.543D-05  2.930D+00
 -6.490D-05  2.795D+00
 -6.044D-05  3.086D+00
 -7.364D-05  2.859D+00
 -6.235D-05  3.331D+00
 -8.181D-05  2.940D+00
 -5.906D-05  3.742D+00
 -8.909D-05  3.039D+00
 -4.649D-05  4.589D+00
 -9.514D-05  3.159D+00
 -4.541D-05  4.615D+00
 -9.963D-05  3.305D+00
 -5.522D-05  3.842D+00
 -1.022D-04  3.482D+00
 -8.687D-05  2.289D+00
 -1.026D-04  3.695D+00
 -1.721D-04  1.111D-01
 -1.007D-04  3.953D+00
 -4.105D-04 -1.954D+00
 -9.653D-05  4.260D+00
 -9.102D-04 -1.916D+00
 -9.133D-05  4.599D+00
 -2.207D-03 -1.187D+00
 -9.677D-05  4.622D+00
 -5.487D-06  5.981D-01
 -4.277D-06 -1.952D-01
 -2.753D-06 -2.353D+00
 -1.107D-06  2.809D+00
 -1.487D-06  4.598D+00
 -3.491D-06  3.712D+00
 -6.184D-06  3.161D+00
 -9.091D-06  2.910D+00
 -1.229D-05  2.761D+00
 -1.564D-05  2.678D+00
 -1.936D-05  2.611D+00
 -2.307D-05  2.585D+00
 -2.731D-05  2.546D+00
 -3.120D-05  2.551D+00
 -3.603D-05  2.521D+00
 -3.983D-05  2.553D+00
 -4.537D-05  2.520D+00
 -4.864D-05  2.583D+00
 -5.518D-05  2.536D+00
 -5.722D-05  2.639D+00
 -6.527D-05  2.564D+00
 -6.497D-05  2.728D+00
 -7.544D-05  2.605D+00
 -7.104D-05  2.860D+00
 -8.544D-05  2.658D+00
 -7.419D-05  3.059D+00
 -9.502D-05  2.723D+00
 -7.250D-05  3.379D+00
 -1.039D-04  2.802D+00
 -6.269D-05  3.963D+00
 -1.118D-04  2.895D+00
 -5.159D-05  4.544D+00
 -1.184D-04  3.005D+00
 -5.615D-05  4.107D+00
 -1.235D-04  3.135D+00
 -7.733D-05  2.816D+00
 -1.268D-04  3.285D+00
 -1.494D-04  6.866D-01
 -1.284D-04  3.457D+00
 -3.628D-04 -1.776D+00
 -1.284D-04  3.647D+00
 -8.481D-04 -2.023D+00
 -1.282D-04  3.837D+00
 -2.093D-03 -1.279D+00
 -1.314D-04  3.964D+00
 -5.157D-06  5.975D-01
 -3.915D-06 -2.228D-01
 -2.225D-06 -1.943D+00
 -9.828D-07  3.390D+00
 -1.565D-06  4.605D+00
 -4.109D-06  3.306D+00
 -6.850D-06  2.898D+00
 -9.876D-06  2.693D+00
 -1.313D-05  2.578D+00
 -1.670D-05  2.499D+00
 -2.040D-05  2.456D+00
 -2.452D-05  2.415D+00
 -2.857D-05  2.406D+00
 -3.325D-05  2.379D+00
 -3.746D-05  2.391D+00
 -4.278D-05  2.367D+00
 -4.687D-05  2.401D+00
 -5.298D-05  2.371D+00
 -5.649D-05  2.431D+00
 -6.369D-05  2.387D+00
 -6.591D-05  2.483D+00
 -7.476D-05  2.413D+00
 -7.456D-05  2.562D+00
 -8.599D-05  2.449D+00
 -8.162D-05  2.675D+00
 -9.716D-05  2.493D+00
 -8.590D-05  2.843D+00
 -1.080D-04  2.547D+00
 -8.562D-05  3.103D+00
 -1.184D-04  2.611D+00
 -7.786D-05  3.547D+00
 -1.279D-04  2.685D+00
 -5.676D-05  4.519D+00
 -1.365D-04  2.772D+00
 -5.449D-05  4.458D+00
 -1.437D-04  2.871D+00
 -7.380D-05  3.246D+00
 -1.496D-04  2.983D+00
 -1.284D-04  1.198D+00
 -1.540D-04  3.108D+00
 -3.165D-04 -1.342D+00
 -1.574D-04  3.241D+00
 -7.883D-04 -2.145D+00
 -1.608D-04  3.368D+00
 -1.977D-03 -1.343D+00
 -1.675D-04  3.447D+00
 -4.852D-06  5.970D-01
 -3.587D-06 -2.504D-01
 -1.814D-06 -1.677D+00
 -8.423D-07  3.988D+00
 -2.072D-06  3.888D+00
 -4.612D-06  3.012D+00
 -7.419D-06  2.687D+00
 -1.049D-05  2.522D+00
 -1.387D-05  2.420D+00
 -1.746D-05  2.361D+00
 -2.140D-05  2.313D+00
 -2.544D-05  2.291D+00
 -2.995D-05  2.264D+00
 -3.432D-05  2.264D+00
 -3.943D-05  2.243D+00
 -4.394D-05  2.260D+00
 -4.973D-05  2.239D+00
 -5.408D-05  2.274D+00
 -6.074D-05  2.246D+00
 -6.446D-05  2.304D+00
 -7.231D-05  2.262D+00
 -7.467D-05  2.352D+00
 -8.430D-05  2.285D+00
 -8.416D-05  2.422D+00
 -9.651D-05  2.316D+00
 -9.214D-05  2.522D+00
 -1.088D-04  2.354D+00
 -9.747D-05  2.666D+00
 -1.209D-04  2.399D+00
 -9.846D-05  2.884D+00
 -1.325D-04  2.452D+00
 -9.243D-05  3.240D+00
 -1.436D-04  2.513D+00
 -7.460D-05  3.933D+00
 -1.538D-04  2.582D+00
 -5.905D-05  4.488D+00
 -1.631D-04  2.661D+00
 -6.704D-05  3.736D+00
 -1.711D-04  2.749D+00
 -1.157D-04  1.745D+00
 -1.781D-04  2.844D+00
 -2.745D-04 -8.823D-01
 -1.843D-04  2.942D+00
 -7.314D-04 -2.282D+00
 -1.907D-04  3.034D+00
 -1.866D-03 -1.410D+00
 -2.004D-04  3.088D+00
 -4.571D-06  5.967D-01
 -3.289D-06 -2.781D-01
 -1.459D-06 -1.154D+00
 -8.042D-07  4.333D+00
 -2.475D-06  3.440D+00
 -5.036D-06  2.781D+00
 -7.873D-06  2.518D+00
 -1.101D-05  2.376D+00
 -1.441D-05  2.293D+00
 -1.814D-05  2.235D+00
 -2.206D-05  2.202D+00
 -2.636D-05  2.172D+00
 -3.072D-05  2.161D+00
 -3.561D-05  2.142D+00
 -4.028D-05  2.147D+00
 -4.581D-05  2.130D+00
 -5.059D-05  2.149D+00
 -5.685D-05  2.130D+00
 -6.144D-05  2.165D+00
 -6.863D-05  2.138D+00
 -7.253D-05  2.195D+00
 -8.101D-05  2.154D+00
 -8.348D-05  2.239D+00
 -9.384D-05  2.175D+00
 -9.375D-05  2.302D+00
 -1.070D-04  2.202D+00
 -1.026D-04  2.390D+00
 -1.202D-04  2.234D+00
 -1.089D-04  2.516D+00
 -1.334D-04  2.273D+00
 -1.110D-04  2.703D+00
 -1.464D-04  2.317D+00
 -1.065D-04  2.999D+00
 -1.588D-04  2.367D+00
 -9.117D-05  3.534D+00
 -1.706D-04  2.425D+00
 -6.321D-05  4.528D+00
 -1.816D-04  2.488D+00
 -6.720D-05  3.997D+00
 -1.916D-04  2.558D+00
 -1.032D-04  2.261D+00
 -2.008D-04  2.633D+00
 -2.380D-04 -4.999D-01
 -2.094D-04  2.709D+00
 -6.796D-04 -2.439D+00
 -2.185D-04  2.778D+00
 -1.759D-03 -1.481D+00
 -2.306D-04  2.818D+00
 -4.311D-06  5.965D-01
 -3.018D-06 -3.058D-01
 -1.167D-06 -5.856D-01
 -7.913D-07  4.546D+00
 -2.810D-06  3.117D+00
 -5.382D-06  2.597D+00
 -8.254D-06  2.374D+00
 -1.141D-05  2.255D+00
 -1.489D-05  2.179D+00
 -1.861D-05  2.133D+00
 -2.267D-05  2.097D+00
 -2.690D-05  2.078D+00
 -3.156D-05  2.058D+00
 -3.622D-05  2.054D+00
 -4.148D-05  2.039D+00
 -4.643D-05  2.048D+00
 -5.236D-05  2.033D+00
 -5.739D-05  2.054D+00
 -6.410D-05  2.036D+00
 -6.889D-05  2.071D+00
 -7.660D-05  2.045D+00
 -8.065D-05  2.099D+00
 -8.973D-05  2.059D+00
 -9.230D-05  2.140D+00
 -1.034D-04  2.078D+00
 -1.033D-04  2.197D+00
 -1.174D-04  2.102D+00
 -1.129D-04  2.277D+00
 -1.315D-04  2.130D+00
 -1.201D-04  2.388D+00
 -1.458D-04  2.163D+00
 -1.233D-04  2.550D+00
 -1.598D-04  2.200D+00
 -1.202D-04  2.801D+00
 -1.735D-04  2.243D+00
 -1.069D-04  3.235D+00
 -1.867D-04  2.290D+00
 -7.565D-05  4.203D+00
 -1.992D-04  2.343D+00
 -6.558D-05  4.302D+00
 -2.111D-04  2.399D+00
 -9.254D-05  2.736D+00
 -2.222D-04  2.460D+00
 -2.081D-04 -1.307D-02
 -2.330D-04  2.520D+00
 -6.285D-04 -2.592D+00
 -2.443D-04  2.573D+00
 -1.657D-03 -1.556D+00
 -2.587D-04  2.603D+00
 -4.070D-06  5.963D-01
 -2.772D-06 -3.336D-01
 -9.344D-07 -5.119D-02
 -8.209D-07  4.592D+00
 -3.088D-06  2.870D+00
 -5.671D-06  2.442D+00
 -8.551D-06  2.253D+00
 -1.174D-05  2.147D+00
 -1.522D-05  2.083D+00
 -1.901D-05  2.039D+00
 -2.304D-05  2.012D+00
 -2.744D-05  1.988D+00
 -3.197D-05  1.978D+00
 -3.696D-05  1.963D+00
 -4.190D-05  1.964D+00
 -4.752D-05  1.951D+00
 -5.273D-05  1.963D+00
 -5.905D-05  1.949D+00
 -6.430D-05  1.971D+00
 -7.145D-05  1.953D+00
 -7.642D-05  1.988D+00
 -8.462D-05  1.962D+00
 -8.880D-05  2.015D+00
 -9.846D-05  1.975D+00
 -1.011D-04  2.053D+00
 -1.128D-04  1.992D+00
 -1.128D-04  2.105D+00
 -1.276D-04  2.013D+00
 -1.231D-04  2.176D+00
 -1.427D-04  2.037D+00
 -1.312D-04  2.276D+00
 -1.578D-04  2.066D+00
 -1.354D-04  2.419D+00
 -1.729D-04  2.098D+00
 -1.336D-04  2.636D+00
 -1.877D-04  2.134D+00
 -1.221D-04  2.998D+00
 -2.022D-04  2.174D+00
 -9.428D-05  3.732D+00
 -2.161D-04  2.217D+00
 -6.759D-05  4.433D+00
 -2.295D-04  2.264D+00
 -8.798D-05  3.130D+00
 -2.424D-04  2.313D+00
 -1.822D-04  5.047D-01
 -2.551D-04  2.362D+00
 -5.552D-04 -2.281D+00
 -2.685D-04  2.404D+00
 -1.558D-03 -1.619D+00
 -2.847D-04  2.427D+00
 -3.846D-06  5.963D-01
 -2.547D-06 -3.613D-01
 -7.602D-07  6.369D-01
 -1.014D-06  4.075D+00
 -3.321D-06  2.670D+00
 -5.902D-06  2.312D+00
 -8.794D-06  2.147D+00
 -1.198D-05  2.055D+00
 -1.549D-05  1.996D+00
 -1.926D-05  1.959D+00
 -2.337D-05  1.930D+00
 -2.769D-05  1.914D+00
 -3.241D-05  1.898D+00
 -3.721D-05  1.893D+00
 -4.254D-05  1.881D+00
 -4.774D-05  1.886D+00
 -5.371D-05  1.875D+00
 -5.915D-05  1.887D+00
 -6.584D-05  1.875D+00
 -7.129D-05  1.897D+00
 -7.886D-05  1.879D+00
 -8.398D-05  1.914D+00
 -9.266D-05  1.888D+00
 -9.695D-05  1.939D+00
 -1.072D-04  1.900D+00
 -1.098D-04  1.974D+00
 -1.222D-04  1.915D+00
 -1.221D-04  2.022D+00
 -1.377D-04  1.933D+00
 -1.332D-04  2.087D+00
 -1.535D-04  1.955D+00
 -1.420D-04  2.176D+00
 -1.695D-04  1.979D+00
 -1.471D-04  2.303D+00
 -1.855D-04  2.007D+00
 -1.465D-04  2.494D+00
 -2.014D-04  2.037D+00
 -1.366D-04  2.803D+00
 -2.170D-04  2.071D+00
 -1.116D-04  3.391D+00
 -2.322D-04  2.108D+00
 -7.317D-05  4.417D+00
 -2.471D-04  2.147D+00
 -8.026D-05  3.576D+00
 -2.615D-04  2.188D+00
 -1.584D-04  9.697D-01
 -2.759D-04  2.227D+00
 -4.937D-04 -2.054D+00
 -2.910D-04  2.261D+00
 -1.463D-03 -1.679D+00
 -3.090D-04  2.278D+00
 -3.638D-06  5.964D-01
 -2.343D-06 -3.890D-01
 -6.095D-07  1.244D+00
 -1.230D-06  3.580D+00
 -3.513D-06  2.507D+00
 -6.090D-06  2.199D+00
 -8.972D-06  2.055D+00
 -1.217D-05  1.972D+00
 -1.565D-05  1.921D+00
 -1.946D-05  1.885D+00
 -2.353D-05  1.862D+00
 -2.794D-05  1.843D+00
 -3.254D-05  1.833D+00
 -3.756D-05  1.821D+00
 -4.262D-05  1.820D+00
 -4.827D-05  1.810D+00
 -5.370D-05  1.817D+00
 -6.001D-05  1.807D+00
 -6.565D-05  1.820D+00
 -7.271D-05  1.808D+00
 -7.834D-05  1.831D+00
 -8.630D-05  1.813D+00
 -9.156D-05  1.847D+00
 -1.007D-04  1.821D+00
 -1.051D-04  1.871D+00
 -1.158D-04  1.832D+00
 -1.185D-04  1.903D+00
 -1.315D-04  1.845D+00
 -1.314D-04  1.947D+00
 -1.477D-04  1.861D+00
 -1.430D-04  2.006D+00
 -1.642D-04  1.880D+00
 -1.525D-04  2.087D+00
 -1.809D-04  1.901D+00
 -1.586D-04  2.201D+00
 -1.978D-04  1.925D+00
 -1.590D-04  2.370D+00
 -2.146D-04  1.951D+00
 -1.507D-04  2.638D+00
 -2.312D-04  1.980D+00
 -1.281D-04  3.125D+00
 -2.476D-04  2.011D+00
 -7.883D-05  4.381D+00
 -2.637D-04  2.044D+00
 -7.862D-05  3.851D+00
 -2.795D-04  2.078D+00
 -1.412D-04  1.451D+00
 -2.954D-04  2.110D+00
 -4.393D-04 -1.884D+00
 -3.121D-04  2.138D+00
 -1.373D-03 -1.741D+00
 -3.315D-04  2.151D+00
 -3.445D-06  5.965D-01
 -2.156D-06 -4.167D-01
 -5.158D-07  1.873D+00
 -1.408D-06  3.231D+00
 -3.672D-06  2.368D+00
 -6.235D-06  2.101D+00
 -9.109D-06  1.972D+00
 -1.228D-05  1.899D+00
 -1.578D-05  1.851D+00
 -1.955D-05  1.820D+00
 -2.365D-05  1.796D+00
 -2.798D-05  1.782D+00
 -3.269D-05  1.769D+00
 -3.755D-05  1.764D+00
 -4.286D-05  1.754D+00
 -4.817D-05  1.756D+00
 -5.411D-05  1.747D+00
 -5.976D-05  1.755D+00
 -6.639D-05  1.745D+00
 -7.222D-05  1.760D+00
 -7.963D-05  1.747D+00
 -8.541D-05  1.770D+00
 -9.375D-05  1.752D+00
 -9.912D-05  1.786D+00
 -1.087D-04  1.760D+00
 -1.131D-04  1.809D+00
 -1.243D-04  1.770D+00
 -1.270D-04  1.839D+00
 -1.406D-04  1.782D+00
 -1.405D-04  1.879D+00
 -1.574D-04  1.796D+00
 -1.527D-04  1.933D+00
 -1.746D-04  1.812D+00
 -1.629D-04  2.007D+00
 -1.920D-04  1.831D+00
 -1.697D-04  2.110D+00
 -2.096D-04  1.851D+00
 -1.711D-04  2.260D+00
 -2.272D-04  1.874D+00
 -1.642D-04  2.495D+00
 -2.448D-04  1.898D+00
 -1.437D-04  2.909D+00
 -2.622D-04  1.925D+00
 -9.934D-05  3.857D+00
 -2.794D-04  1.952D+00
 -7.734D-05  4.106D+00
 -2.965D-04  1.981D+00
 -1.272D-04  1.925D+00
 -3.137D-04  2.008D+00
 -3.882D-04 -1.616D+00
 -3.317D-04  2.030D+00
 -1.286D-03 -1.807D+00
 -3.524D-04  2.040D+00
 -3.266D-06  5.967D-01
 -1.985D-06 -4.442D-01
 -4.307D-07  2.467D+00
 -1.558D-06  2.965D+00
 -3.799D-06  2.249D+00
 -6.346D-06  2.014D+00
 -9.198D-06  1.899D+00
 -1.236D-05  1.831D+00
 -1.582D-05  1.789D+00
 -1.959D-05  1.759D+00
 -2.364D-05  1.740D+00
 -2.801D-05  1.724D+00
 -3.261D-05  1.715D+00
 -3.759D-05  1.705D+00
 -4.269D-05  1.703D+00
 -4.829D-05  1.695D+00
 -5.382D-05  1.698D+00
 -6.005D-05  1.690D+00
 -6.590D-05  1.699D+00
 -7.283D-05  1.690D+00
 -7.883D-05  1.705D+00
 -8.656D-05  1.692D+00
 -9.247D-05  1.715D+00
 -1.012D-04  1.697D+00
 -1.066D-04  1.730D+00
 -1.166D-04  1.704D+00
 -1.211D-04  1.751D+00
 -1.328D-04  1.713D+00
 -1.355D-04  1.779D+00
 -1.496D-04  1.723D+00
 -1.494D-04  1.817D+00
 -1.669D-04  1.736D+00
 -1.621D-04  1.866D+00
 -1.847D-04  1.750D+00
 -1.729D-04  1.934D+00
 -2.027D-04  1.766D+00
 -1.804D-04  2.027D+00
 -2.210D-04  1.784D+00
 -1.828D-04  2.163D+00
 -2.394D-04  1.803D+00
 -1.772D-04  2.371D+00
 -2.578D-04  1.824D+00
 -1.587D-04  2.728D+00
 -2.760D-04  1.847D+00
 -1.181D-04  3.486D+00
 -2.942D-04  1.870D+00
 -7.467D-05  4.382D+00
 -3.124D-04  1.894D+00
 -1.128D-04  2.379D+00
 -3.308D-04  1.916D+00
 -3.407D-04 -1.190D+00
 -3.500D-04  1.934D+00
 -1.203D-03 -1.873D+00
 -3.718D-04  1.941D+00
 -3.098D-06  5.970D-01
 -1.830D-06 -4.717D-01
 -3.785D-07  2.976D+00
 -1.683D-06  2.753D+00
 -3.902D-06  2.144D+00
 -6.424D-06  1.936D+00
 -9.255D-06  1.832D+00
 -1.239D-05  1.771D+00
 -1.583D-05  1.732D+00
 -1.955D-05  1.706D+00
 -2.360D-05  1.686D+00
 -2.790D-05  1.673D+00
 -3.254D-05  1.661D+00
 -3.738D-05  1.656D+00
 -4.263D-05  1.648D+00
 -4.795D-05  1.648D+00
 -5.381D-05  1.641D+00
 -5.955D-05  1.646D+00
 -6.605D-05  1.639D+00
 -7.208D-05  1.648D+00
 -7.930D-05  1.639D+00
 -8.545D-05  1.654D+00
 -9.350D-05  1.641D+00
 -9.952D-05  1.664D+00
 -1.086D-04  1.646D+00
 -1.141D-04  1.679D+00
 -1.245D-04  1.652D+00
 -1.290D-04  1.698D+00
 -1.411D-04  1.660D+00
 -1.438D-04  1.724D+00
 -1.584D-04  1.669D+00
 -1.581D-04  1.759D+00
 -1.762D-04  1.680D+00
 -1.713D-04  1.805D+00
 -1.945D-04  1.692D+00
 -1.827D-04  1.866D+00
 -2.131D-04  1.706D+00
 -1.909D-04  1.952D+00
 -2.320D-04  1.721D+00
 -1.941D-04  2.074D+00
 -2.510D-04  1.738D+00
 -1.897D-04  2.261D+00
 -2.701D-04  1.756D+00
 -1.730D-04  2.573D+00
 -2.892D-04  1.775D+00
 -1.355D-04  3.201D+00
 -3.083D-04  1.795D+00
 -8.205D-05  4.301D+00
 -3.274D-04  1.815D+00
 -1.055D-04  2.755D+00
 -3.468D-04  1.834D+00
 -2.994D-04 -8.306D-01
 -3.670D-04  1.849D+00
 -1.126D-03 -1.935D+00
 -3.897D-04  1.854D+00
 -2.942D-06  5.973D-01
 -1.687D-06 -4.989D-01
 -3.319D-07  3.483D+00
 -1.788D-06  2.578D+00
 -3.981D-06  2.053D+00
 -6.477D-06  1.865D+00
 -9.276D-06  1.771D+00
 -1.238D-05  1.715D+00
 -1.578D-05  1.680D+00
 -1.949D-05  1.654D+00
 -2.347D-05  1.638D+00
 -2.777D-05  1.624D+00
 -3.231D-05  1.616D+00
 -3.721D-05  1.607D+00
 -4.228D-05  1.604D+00
 -4.777D-05  1.597D+00
 -5.331D-05  1.599D+00
 -5.942D-05  1.593D+00
 -6.534D-05  1.598D+00
 -7.211D-05  1.591D+00
 -7.829D-05  1.601D+00
 -8.579D-05  1.592D+00
 -9.206D-05  1.607D+00
 -1.004D-04  1.594D+00
 -1.065D-04  1.617D+00
 -1.159D-04  1.598D+00
 -1.215D-04  1.631D+00
 -1.322D-04  1.604D+00
 -1.367D-04  1.649D+00
 -1.492D-04  1.611D+00
 -1.519D-04  1.673D+00
 -1.669D-04  1.619D+00
 -1.666D-04  1.705D+00
 -1.852D-04  1.628D+00
 -1.803D-04  1.747D+00
 -2.040D-04  1.639D+00
 -1.921D-04  1.804D+00
 -2.231D-04  1.651D+00
 -2.009D-04  1.883D+00
 -2.425D-04  1.664D+00
 -2.050D-04  1.994D+00
 -2.621D-04  1.679D+00
 -2.017D-04  2.162D+00
 -2.818D-04  1.694D+00
 -1.867D-04  2.438D+00
 -3.016D-04  1.710D+00
 -1.520D-04  2.971D+00
 -3.215D-04  1.727D+00
 -8.479D-05  4.369D+00
 -3.414D-04  1.744D+00
 -9.869D-05  3.127D+00
 -3.617D-04  1.759D+00
 -2.615D-04 -5.099D-01
 -3.828D-04  1.771D+00
 -1.052D-03 -2.000D+00
 -4.063D-04  1.774D+00
 -2.796D-06  5.976D-01
 -1.556D-06 -5.260D-01
 -3.034D-07  3.874D+00
 -1.875D-06  2.430D+00
 -4.040D-06  1.970D+00
 -6.505D-06  1.802D+00
 -9.272D-06  1.716D+00
 -1.234D-05  1.665D+00
 -1.570D-05  1.631D+00
 -1.936D-05  1.609D+00
 -2.332D-05  1.591D+00
 -2.754D-05  1.580D+00
 -3.209D-05  1.570D+00
 -3.686D-05  1.565D+00
 -4.200D-05  1.558D+00
 -4.727D-05  1.557D+00
 -5.300D-05  1.551D+00
 -5.873D-05  1.554D+00
 -6.508D-05  1.548D+00
 -7.116D-05  1.554D+00
 -7.818D-05  1.547D+00
 -8.450D-05  1.557D+00
 -9.226D-05  1.548D+00
 -9.864D-05  1.563D+00
 -1.073D-04  1.550D+00
 -1.134D-04  1.573D+00
 -1.231D-04  1.554D+00
 -1.287D-04  1.586D+00
 -1.398D-04  1.559D+00
 -1.443D-04  1.603D+00
 -1.572D-04  1.565D+00
 -1.598D-04  1.625D+00
 -1.753D-04  1.572D+00
 -1.749D-04  1.655D+00
 -1.940D-04  1.580D+00
 -1.890D-04  1.694D+00
 -2.131D-04  1.589D+00
 -2.013D-04  1.747D+00
 -2.327D-04  1.599D+00
 -2.107D-04  1.819D+00
 -2.526D-04  1.611D+00
 -2.155D-04  1.921D+00
 -2.727D-04  1.623D+00
 -2.132D-04  2.073D+00
 -2.930D-04  1.636D+00
 -1.997D-04  2.319D+00
 -3.134D-04  1.650D+00
 -1.676D-04  2.779D+00
 -3.339D-04  1.664D+00
 -9.979D-05  4.028D+00
 -3.545D-04  1.678D+00
 -8.938D-05  3.543D+00
 -3.756D-04  1.691D+00
 -2.313D-04 -4.630D-02
 -3.975D-04  1.701D+00
 -9.811D-04 -2.070D+00
 -4.217D-04  1.702D+00
 -2.659D-06  5.980D-01
 -1.437D-06 -5.528D-01
 -2.859D-07  4.186D+00
 -1.947D-06  2.303D+00
 -4.081D-06  1.896D+00
 -6.513D-06  1.743D+00
 -9.242D-06  1.665D+00
 -1.227D-05  1.617D+00
 -1.559D-05  1.587D+00
 -1.920D-05  1.565D+00
 -2.309D-05  1.550D+00
 -2.730D-05  1.538D+00
 -3.175D-05  1.530D+00
 -3.653D-05  1.523D+00
 -4.151D-05  1.520D+00
 -4.687D-05  1.514D+00
 -5.234D-05  1.514D+00
 -5.830D-05  1.509D+00
 -6.419D-05  1.512D+00
 -7.077D-05  1.506D+00
 -7.701D-05  1.513D+00
 -8.426D-05  1.506D+00
 -9.070D-05  1.516D+00
 -9.870D-05  1.507D+00
 -1.052D-04  1.522D+00
 -1.141D-04  1.509D+00
 -1.203D-04  1.531D+00
 -1.303D-04  1.512D+00
 -1.359D-04  1.543D+00
 -1.473D-04  1.516D+00
 -1.518D-04  1.559D+00
 -1.650D-04  1.521D+00
 -1.676D-04  1.580D+00
 -1.835D-04  1.527D+00
 -1.830D-04  1.608D+00
 -2.025D-04  1.535D+00
 -1.974D-04  1.644D+00
 -2.220D-04  1.542D+00
 -2.101D-04  1.693D+00
 -2.419D-04  1.551D+00
 -2.200D-04  1.759D+00
 -2.622D-04  1.561D+00
 -2.255D-04  1.853D+00
 -2.828D-04  1.571D+00
 -2.242D-04  1.992D+00
 -3.035D-04  1.583D+00
 -2.122D-04  2.213D+00
 -3.244D-04  1.594D+00
 -1.823D-04  2.616D+00
 -3.455D-04  1.606D+00
 -1.197D-04  3.611D+00
 -3.668D-04  1.618D+00
 -8.919D-05  3.741D+00
 -3.885D-04  1.628D+00
 -2.054D-04  3.822D-01
 -4.111D-04  1.636D+00
 -9.138D-04 -2.145D+00
 -4.358D-04  1.636D+00
 -2.531D-06  5.985D-01
 -1.327D-06 -5.793D-01
 -2.794D-07  4.370D+00
 -2.006D-06  2.193D+00
 -4.108D-06  1.829D+00
 -6.503D-06  1.690D+00
 -9.193D-06  1.617D+00
 -1.217D-05  1.573D+00
 -1.545D-05  1.544D+00
 -1.900D-05  1.525D+00
 -2.286D-05  1.510D+00
 -2.698D-05  1.500D+00
 -3.141D-05  1.491D+00
 -3.607D-05  1.486D+00
 -4.107D-05  1.480D+00
 -4.624D-05  1.478D+00
 -5.183D-05  1.473D+00
 -5.747D-05  1.474D+00
 -6.364D-05  1.469D+00
 -6.969D-05  1.473D+00
 -7.648D-05  1.467D+00
 -8.285D-05  1.474D+00
 -9.032D-05  1.467D+00
 -9.686D-05  1.478D+00
 -1.051D-04  1.468D+00
 -1.116D-04  1.484D+00
 -1.208D-04  1.470D+00
 -1.270D-04  1.492D+00
 -1.373D-04  1.473D+00
 -1.429D-04  1.503D+00
 -1.546D-04  1.476D+00
 -1.590D-04  1.518D+00
 -1.727D-04  1.481D+00
 -1.751D-04  1.538D+00
 -1.914D-04  1.486D+00
 -1.908D-04  1.564D+00
 -2.107D-04  1.492D+00
 -2.055D-04  1.597D+00
 -2.305D-04  1.498D+00
 -2.186D-04  1.642D+00
 -2.508D-04  1.506D+00
 -2.290D-04  1.704D+00
 -2.714D-04  1.514D+00
 -2.352D-04  1.790D+00
 -2.923D-04  1.523D+00
 -2.348D-04  1.917D+00
 -3.135D-04  1.532D+00
 -2.240D-04  2.117D+00
 -3.349D-04  1.542D+00
 -1.963D-04  2.473D+00
 -3.564D-04  1.552D+00
 -1.380D-04  3.298D+00
 -3.782D-04  1.562D+00
 -8.692D-05  3.980D+00
 -4.005D-04  1.570D+00
 -1.804D-04  7.868D-01
 -4.236D-04  1.576D+00
 -8.523D-04 -2.223D+00
 -4.487D-04  1.575D+00
 -2.412D-06  5.990D-01
 -1.226D-06 -6.055D-01
 -2.910D-07  4.366D+00
 -2.052D-06  2.095D+00
 -4.120D-06  1.768D+00
 -6.477D-06  1.640D+00
 -9.124D-06  1.573D+00
 -1.206D-05  1.532D+00
 -1.528D-05  1.505D+00
 -1.879D-05  1.486D+00
 -2.257D-05  1.473D+00
 -2.665D-05  1.463D+00
 -3.098D-05  1.456D+00
 -3.563D-05  1.449D+00
 -4.049D-05  1.446D+00
 -4.570D-05  1.440D+00
 -5.105D-05  1.440D+00
 -5.683D-05  1.435D+00
 -6.264D-05  1.437D+00
 -6.901D-05  1.432D+00
 -7.520D-05  1.437D+00
 -8.219D-05  1.431D+00
 -8.867D-05  1.438D+00
 -9.634D-05  1.431D+00
 -1.030D-04  1.442D+00
 -1.114D-04  1.431D+00
 -1.180D-04  1.447D+00
 -1.274D-04  1.433D+00
 -1.337D-04  1.455D+00
 -1.442D-04  1.435D+00
 -1.498D-04  1.466D+00
 -1.618D-04  1.438D+00
 -1.661D-04  1.480D+00
 -1.801D-04  1.442D+00
 -1.825D-04  1.498D+00
 -1.990D-04  1.446D+00
 -1.984D-04  1.522D+00
 -2.186D-04  1.451D+00
 -2.134D-04  1.553D+00
 -2.387D-04  1.457D+00
 -2.268D-04  1.595D+00
 -2.592D-04  1.463D+00
 -2.376D-04  1.652D+00
 -2.801D-04  1.470D+00
 -2.444D-04  1.732D+00
 -3.014D-04  1.477D+00
 -2.448D-04  1.848D+00
 -3.229D-04  1.485D+00
 -2.353D-04  2.030D+00
 -3.446D-04  1.494D+00
 -2.096D-04  2.348D+00
 -3.666D-04  1.502D+00
 -1.550D-04  3.048D+00
 -3.888D-04  1.510D+00
 -8.306D-05  4.248D+00
 -4.115D-04  1.516D+00
 -1.607D-04  1.199D+00
 -4.351D-04  1.520D+00
 -7.941D-04 -2.308D+00
 -4.606D-04  1.519D+00
 -2.299D-06  5.995D-01
 -1.134D-06 -6.311D-01
 -3.192D-07  4.175D+00
 -2.088D-06  2.007D+00
 -4.120D-06  1.712D+00
 -6.438D-06  1.594D+00
 -9.041D-06  1.531D+00
 -1.193D-05  1.494D+00
 -1.510D-05  1.468D+00
 -1.854D-05  1.451D+00
 -2.228D-05  1.438D+00
 -2.627D-05  1.429D+00
 -3.056D-05  1.421D+00
 -3.509D-05  1.416D+00
 -3.994D-05  1.411D+00
 -4.498D-05  1.409D+00
 -5.039D-05  1.404D+00
 -5.590D-05  1.404D+00
 -6.188D-05  1.400D+00
 -6.782D-05  1.402D+00
 -7.438D-05  1.398D+00
 -8.069D-05  1.402D+00
 -8.787D-05  1.396D+00
 -9.445D-05  1.404D+00
 -1.023D-04  1.396D+00
 -1.090D-04  1.407D+00
 -1.177D-04  1.397D+00
 -1.243D-04  1.412D+00
 -1.339D-04  1.398D+00
 -1.402D-04  1.420D+00
 -1.509D-04  1.400D+00
 -1.565D-04  1.430D+00
 -1.687D-04  1.402D+00
 -1.731D-04  1.443D+00
 -1.873D-04  1.405D+00
 -1.896D-04  1.460D+00
 -2.064D-04  1.409D+00
 -2.057D-04  1.482D+00
 -2.262D-04  1.413D+00
 -2.210D-04  1.511D+00
 -2.465D-04  1.417D+00
 -2.347D-04  1.550D+00
 -2.673D-04  1.423D+00
 -2.459D-04  1.603D+00
 -2.884D-04  1.428D+00
 -2.531D-04  1.677D+00
 -3.099D-04  1.434D+00
 -2.543D-04  1.784D+00
 -3.317D-04  1.441D+00
 -2.460D-04  1.950D+00
 -3.538D-04  1.448D+00
 -2.222D-04  2.236D+00
 -3.761D-04  1.454D+00
 -1.710D-04  2.841D+00
 -3.987D-04  1.460D+00
 -9.035D-05  4.163D+00
 -4.217D-04  1.466D+00
 -1.465D-04  1.607D+00
 -4.456D-04  1.468D+00
 -7.387D-04 -2.402D+00
 -4.714D-04  1.466D+00
 -2.194D-06  6.000D-01
 -1.049D-06 -6.563D-01
 -3.858D-07  3.672D+00
 -2.114D-06  1.929D+00
 -4.110D-06  1.660D+00
 -6.387D-06  1.551D+00
 -8.943D-06  1.493D+00
 -1.178D-05  1.457D+00
 -1.489D-05  1.434D+00
 -1.828D-05  1.417D+00
 -2.194D-05  1.405D+00
 -2.589D-05  1.396D+00
 -3.008D-05  1.390D+00
 -3.457D-05  1.383D+00
 -3.929D-05  1.380D+00
 -4.433D-05  1.375D+00
 -4.953D-05  1.374D+00
 -5.512D-05  1.370D+00
 -6.079D-05  1.371D+00
 -6.694D-05  1.367D+00
 -7.302D-05  1.370D+00
 -7.975D-05  1.365D+00
 -8.617D-05  1.370D+00
 -9.352D-05  1.364D+00
 -1.002D-04  1.371D+00
 -1.082D-04  1.363D+00
 -1.150D-04  1.375D+00
 -1.238D-04  1.364D+00
 -1.305D-04  1.379D+00
 -1.403D-04  1.364D+00
 -1.466D-04  1.386D+00
 -1.575D-04  1.366D+00
 -1.630D-04  1.395D+00
 -1.755D-04  1.368D+00
 -1.798D-04  1.407D+00
 -1.942D-04  1.370D+00
 -1.965D-04  1.423D+00
 -2.136D-04  1.373D+00
 -2.128D-04  1.444D+00
 -2.335D-04  1.376D+00
 -2.282D-04  1.471D+00
 -2.540D-04  1.380D+00
 -2.422D-04  1.507D+00
 -2.750D-04  1.384D+00
 -2.537D-04  1.556D+00
 -2.963D-04  1.389D+00
 -2.615D-04  1.625D+00
 -3.180D-04  1.394D+00
 -2.634D-04  1.724D+00
 -3.400D-04  1.399D+00
 -2.562D-04  1.877D+00
 -3.623D-04  1.404D+00
 -2.341D-04  2.136D+00
 -3.849D-04  1.409D+00
 -1.859D-04  2.666D+00
 -4.078D-04  1.414D+00
 -9.333D-05  4.202D+00
 -4.311D-04  1.418D+00
 -1.321D-04  1.998D+00
 -4.553D-04  1.419D+00
 -6.861D-04 -2.505D+00
 -4.812D-04  1.416D+00
 -2.095D-06  6.005D-01
 -9.710D-07 -6.808D-01
 -4.411D-07  3.314D+00
 -2.133D-06  1.857D+00
 -4.092D-06  1.611D+00
 -6.326D-06  1.510D+00
 -8.836D-06  1.456D+00
 -1.162D-05  1.423D+00
 -1.468D-05  1.401D+00
 -1.800D-05  1.386D+00
 -2.161D-05  1.374D+00
 -2.546D-05  1.366D+00
 -2.961D-05  1.358D+00
 -3.399D-05  1.354D+00
 -3.867D-05  1.349D+00
 -4.355D-05  1.346D+00
 -4.877D-05  1.342D+00
 -5.413D-05  1.342D+00
 -5.989D-05  1.338D+00
 -6.569D-05  1.339D+00
 -7.201D-05  1.335D+00
 -7.820D-05  1.338D+00
 -8.509D-05  1.333D+00
 -9.160D-05  1.339D+00
 -9.912D-05  1.332D+00
 -1.058D-04  1.340D+00
 -1.141D-04  1.332D+00
 -1.208D-04  1.343D+00
 -1.299D-04  1.332D+00
 -1.365D-04  1.348D+00
 -1.465D-04  1.332D+00
 -1.528D-04  1.354D+00
 -1.639D-04  1.333D+00
 -1.694D-04  1.362D+00
 -1.821D-04  1.335D+00
 -1.863D-04  1.374D+00
 -2.009D-04  1.337D+00
 -2.031D-04  1.388D+00
 -2.205D-04  1.339D+00
 -2.196D-04  1.407D+00
 -2.405D-04  1.341D+00
 -2.352D-04  1.433D+00
 -2.612D-04  1.344D+00
 -2.494D-04  1.467D+00
 -2.823D-04  1.347D+00
 -2.612D-04  1.513D+00
 -3.038D-04  1.351D+00
 -2.694D-04  1.576D+00
 -3.256D-04  1.355D+00
 -2.720D-04  1.668D+00
 -3.478D-04  1.359D+00
 -2.658D-04  1.809D+00
 -3.703D-04  1.363D+00
 -2.453D-04  2.044D+00
 -3.930D-04  1.367D+00
 -2.000D-04  2.514D+00
 -4.161D-04  1.371D+00
 -1.022D-04  4.047D+00
 -4.397D-04  1.373D+00
 -1.187D-04  2.378D+00
 -4.641D-04  1.373D+00
 -6.341D-04 -2.554D+00
 -4.902D-04  1.369D+00
 -2.001D-06  6.010D-01
 -8.991D-07 -7.045D-01
 -4.877D-07  3.040D+00
 -2.144D-06  1.792D+00
 -4.065D-06  1.566D+00
 -6.257D-06  1.472D+00
 -8.718D-06  1.422D+00
 -1.145D-05  1.390D+00
 -1.445D-05  1.370D+00
 -1.771D-05  1.355D+00
 -2.124D-05  1.344D+00
 -2.504D-05  1.336D+00
 -2.909D-05  1.330D+00
 -3.342D-05  1.324D+00
 -3.797D-05  1.321D+00
 -4.283D-05  1.317D+00
 -4.787D-05  1.315D+00
 -5.325D-05  1.312D+00
 -5.875D-05  1.312D+00
 -6.467D-05  1.308D+00
 -7.059D-05  1.310D+00
 -7.706D-05  1.305D+00
 -8.335D-05  1.309D+00
 -9.040D-05  1.304D+00
 -9.698D-05  1.309D+00
 -1.046D-04  1.303D+00
 -1.114D-04  1.310D+00
 -1.198D-04  1.302D+00
 -1.266D-04  1.313D+00
 -1.358D-04  1.302D+00
 -1.425D-04  1.317D+00
 -1.526D-04  1.302D+00
 -1.588D-04  1.323D+00
 -1.702D-04  1.302D+00
 -1.756D-04  1.331D+00
 -1.885D-04  1.303D+00
 -1.926D-04  1.341D+00
 -2.074D-04  1.304D+00
 -2.095D-04  1.355D+00
 -2.271D-04  1.306D+00
 -2.261D-04  1.373D+00
 -2.473D-04  1.308D+00
 -2.419D-04  1.396D+00
 -2.680D-04  1.310D+00
 -2.562D-04  1.428D+00
 -2.892D-04  1.312D+00
 -2.683D-04  1.471D+00
 -3.108D-04  1.315D+00
 -2.769D-04  1.530D+00
 -3.328D-04  1.318D+00
 -2.801D-04  1.615D+00
 -3.551D-04  1.321D+00
 -2.749D-04  1.745D+00
 -3.777D-04  1.324D+00
 -2.559D-04  1.961D+00
 -4.006D-04  1.327D+00
 -2.132D-04  2.380D+00
 -4.238D-04  1.329D+00
 -1.221D-04  3.621D+00
 -4.475D-04  1.330D+00
 -1.131D-04  2.681D+00
 -4.721D-04  1.330D+00
 -5.719D-04 -2.332D+00
 -4.982D-04  1.325D+00
 -1.913D-06  6.016D-01
 -8.330D-07 -7.274D-01
 -5.273D-07  2.818D+00
 -2.149D-06  1.732D+00
 -4.032D-06  1.524D+00
 -6.180D-06  1.436D+00
 -8.593D-06  1.389D+00
 -1.127D-05  1.360D+00
 -1.421D-05  1.340D+00
 -1.741D-05  1.326D+00
 -2.088D-05  1.316D+00
 -2.459D-05  1.308D+00
 -2.858D-05  1.302D+00
 -3.280D-05  1.297D+00
 -3.730D-05  1.293D+00
 -4.202D-05  1.290D+00
 -4.703D-05  1.287D+00
 -5.222D-05  1.286D+00
 -5.776D-05  1.282D+00
 -6.338D-05  1.283D+00
 -6.945D-05  1.279D+00
 -7.548D-05  1.281D+00
 -8.209D-05  1.277D+00
 -8.847D-05  1.280D+00
 -9.565D-05  1.275D+00
 -1.023D-04  1.281D+00
 -1.101D-04  1.274D+00
 -1.169D-04  1.282D+00
 -1.254D-04  1.273D+00
 -1.323D-04  1.284D+00
 -1.416D-04  1.272D+00
 -1.482D-04  1.288D+00
 -1.585D-04  1.272D+00
 -1.647D-04  1.293D+00
 -1.762D-04  1.272D+00
 -1.816D-04  1.300D+00
 -1.946D-04  1.273D+00
 -1.986D-04  1.310D+00
 -2.137D-04  1.273D+00
 -2.157D-04  1.323D+00
 -2.334D-04  1.274D+00
 -2.323D-04  1.339D+00
 -2.537D-04  1.275D+00
 -2.482D-04  1.361D+00
 -2.744D-04  1.277D+00
 -2.628D-04  1.391D+00
 -2.957D-04  1.278D+00
 -2.751D-04  1.431D+00
 -3.174D-04  1.280D+00
 -2.841D-04  1.486D+00
 -3.394D-04  1.282D+00
 -2.878D-04  1.566D+00
 -3.618D-04  1.284D+00
 -2.834D-04  1.686D+00
 -3.845D-04  1.286D+00
 -2.659D-04  1.884D+00
 -4.075D-04  1.288D+00
 -2.256D-04  2.261D+00
 -4.309D-04  1.289D+00
 -1.400D-04  3.302D+00
 -4.547D-04  1.290D+00
 -1.051D-04  3.013D+00
 -4.793D-04  1.288D+00
 -5.162D-04 -2.150D+00
 -5.054D-04  1.283D+00
 -1.831D-06  6.021D-01
 -7.720D-07 -7.494D-01
 -5.608D-07  2.635D+00
 -2.148D-06  1.677D+00
 -3.992D-06  1.484D+00
 -6.097D-06  1.402D+00
 -8.460D-06  1.358D+00
 -1.108D-05  1.330D+00
 -1.396D-05  1.312D+00
 -1.710D-05  1.299D+00
 -2.049D-05  1.289D+00
 -2.414D-05  1.281D+00
 -2.804D-05  1.276D+00
 -3.220D-05  1.271D+00
 -3.658D-05  1.267D+00
 -4.125D-05  1.263D+00
 -4.611D-05  1.262D+00
 -5.128D-05  1.258D+00
 -5.659D-05  1.258D+00
 -6.227D-05  1.255D+00
 -6.801D-05  1.255D+00
 -7.421D-05  1.252D+00
 -8.034D-05  1.254D+00
 -8.708D-05  1.249D+00
 -9.353D-05  1.253D+00
 -1.008D-04  1.248D+00
 -1.075D-04  1.253D+00
 -1.155D-04  1.246D+00
 -1.223D-04  1.254D+00
 -1.309D-04  1.245D+00
 -1.378D-04  1.256D+00
 -1.472D-04  1.244D+00
 -1.539D-04  1.260D+00
 -1.643D-04  1.244D+00
 -1.704D-04  1.264D+00
 -1.821D-04  1.243D+00
 -1.874D-04  1.271D+00
 -2.006D-04  1.243D+00
 -2.045D-04  1.280D+00
 -2.197D-04  1.243D+00
 -2.216D-04  1.291D+00
 -2.395D-04  1.244D+00
 -2.383D-04  1.307D+00
 -2.598D-04  1.244D+00
 -2.543D-04  1.328D+00
 -2.806D-04  1.245D+00
 -2.690D-04  1.355D+00
 -3.019D-04  1.246D+00
 -2.815D-04  1.392D+00
 -3.236D-04  1.247D+00
 -2.908D-04  1.444D+00
 -3.457D-04  1.248D+00
 -2.950D-04  1.518D+00
 -3.681D-04  1.249D+00
 -2.915D-04  1.630D+00
 -3.908D-04  1.250D+00
 -2.753D-04  1.812D+00
 -4.139D-04  1.251D+00
 -2.373D-04  2.154D+00
 -4.372D-04  1.252D+00
 -1.565D-04  3.046D+00
 -4.611D-04  1.251D+00
 -9.543D-05  3.378D+00
 -4.857D-04  1.249D+00
 -4.656D-04 -1.996D+00
 -5.118D-04  1.243D+00
 -1.752D-06  6.027D-01
 -7.159D-07 -7.703D-01
 -5.892D-07  2.479D+00
 -2.142D-06  1.625D+00
 -3.948D-06  1.446D+00
 -6.008D-06  1.370D+00
 -8.323D-06  1.328D+00
 -1.089D-05  1.302D+00
 -1.371D-05  1.285D+00
 -1.678D-05  1.272D+00
 -2.011D-05  1.263D+00
 -2.368D-05  1.256D+00
 -2.750D-05  1.250D+00
 -3.156D-05  1.246D+00
 -3.588D-05  1.242D+00
 -4.042D-05  1.239D+00
 -4.523D-05  1.236D+00
 -5.023D-05  1.234D+00
 -5.554D-05  1.231D+00
 -6.097D-05  1.231D+00
 -6.679D-05  1.228D+00
 -7.263D-05  1.229D+00
 -7.895D-05  1.225D+00
 -8.516D-05  1.227D+00
 -9.202D-05  1.223D+00
 -9.853D-05  1.227D+00
 -1.060D-04  1.221D+00
 -1.127D-04  1.227D+00
 -1.207D-04  1.220D+00
 -1.276D-04  1.228D+00
 -1.363D-04  1.218D+00
 -1.432D-04  1.229D+00
 -1.527D-04  1.217D+00
 -1.593D-04  1.232D+00
 -1.699D-04  1.216D+00
 -1.760D-04  1.237D+00
 -1.877D-04  1.216D+00
 -1.930D-04  1.243D+00
 -2.063D-04  1.215D+00
 -2.101D-04  1.251D+00
 -2.255D-04  1.215D+00
 -2.272D-04  1.261D+00
 -2.452D-04  1.214D+00
 -2.440D-04  1.276D+00
 -2.656D-04  1.214D+00
 -2.601D-04  1.295D+00
 -2.864D-04  1.214D+00
 -2.748D-04  1.321D+00
 -3.077D-04  1.215D+00
 -2.875D-04  1.356D+00
 -3.294D-04  1.215D+00
 -2.971D-04  1.404D+00
 -3.515D-04  1.215D+00
 -3.018D-04  1.473D+00
 -3.739D-04  1.216D+00
 -2.990D-04  1.577D+00
 -3.966D-04  1.216D+00
 -2.841D-04  1.746D+00
 -4.196D-04  1.216D+00
 -2.482D-04  2.057D+00
 -4.430D-04  1.216D+00
 -1.717D-04  2.835D+00
 -4.669D-04  1.214D+00
 -9.545D-05  3.529D+00
 -4.915D-04  1.211D+00
 -4.199D-04 -1.869D+00
 -5.174D-04  1.205D+00
