 -8.287D-03  7.729D-01
 -4.255D-03  7.703D-01
 -7.437D-03  7.600D-01
 -2.418D-03  7.692D-01
 -4.517D-03  7.511D-01
 -6.842D-03  7.440D-01
 -1.600D-03  7.663D-01
 -2.536D-03  7.450D-01
 -4.798D-03  7.298D-01
 -6.359D-03  7.252D-01
 -1.119D-03  7.635D-01
 -1.750D-03  7.351D-01
 -2.618D-03  7.191D-01
 -5.062D-03  7.068D-01
 -5.941D-03  7.037D-01
 -8.250D-04  7.599D-01
 -1.232D-03  7.254D-01
 -1.887D-03  7.032D-01
 -2.664D-03  6.913D-01
 -5.295D-03  6.821D-01
 -5.566D-03  6.795D-01
 -6.281D-04  7.562D-01
 -9.238D-04  7.139D-01
 -1.326D-03  6.877D-01
 -2.009D-03  6.703D-01
 -2.678D-03  6.613D-01
 -5.491D-03  6.557D-01
 -5.222D-03  6.526D-01
 -4.919D-04  7.521D-01
 -7.071D-04  7.020D-01
 -1.011D-03  6.693D-01
 -1.398D-03  6.492D-01
 -2.114D-03  6.361D-01
 -2.665D-03  6.290D-01
 -5.649D-03  6.275D-01
 -4.904D-03  6.231D-01
 -3.934D-04  7.478D-01
 -5.578D-04  6.890D-01
 -7.755D-04  6.504D-01
 -1.087D-03  6.249D-01
 -1.450D-03  6.093D-01
 -2.202D-03  6.004D-01
 -2.630D-03  5.942D-01
 -5.771D-03  5.977D-01
 -4.606D-03  5.908D-01
 -3.203D-04  7.433D-01
 -4.471D-04  6.754D-01
 -6.166D-04  6.296D-01
 -8.319D-04  5.995D-01
 -1.151D-03  5.797D-01
 -1.483D-03  5.675D-01
 -2.275D-03  5.630D-01
 -2.577D-03  5.568D-01
 -5.859D-03  5.663D-01
 -4.327D-03  5.558D-01
 -2.646D-04  7.387D-01
 -3.648D-04  6.611D-01
 -4.946D-04  6.079D-01
 -6.672D-04  5.716D-01
 -8.762D-04  5.478D-01
 -1.203D-03  5.332D-01
 -1.500D-03  5.232D-01
 -2.333D-03  5.240D-01
 -2.510D-03  5.166D-01
 -5.914D-03  5.334D-01
 -4.064D-03  5.180D-01
 -2.215D-04  7.339D-01
 -3.012D-04  6.463D-01
 -4.047D-04  5.846D-01
 -5.349D-04  5.421D-01
 -7.095D-04  5.134D-01
 -9.087D-04  4.944D-01
 -1.245D-03  4.850D-01
 -1.502D-03  4.762D-01
 -2.377D-03  4.832D-01
 -2.433D-03  4.734D-01
 -5.939D-03  4.990D-01
 -3.815D-03  4.772D-01
 -1.873D-04  7.291D-01
 -2.517D-04  6.310D-01
 -3.339D-04  5.604D-01
 -4.392D-04  5.106D-01
 -5.674D-04  4.762D-01
 -7.438D-04  4.539D-01
 -9.302D-04  4.385D-01
 -1.277D-03  4.348D-01
 -1.491D-03  4.261D-01
 -2.407D-03  4.407D-01
 -2.347D-03  4.270D-01
 -5.938D-03  4.632D-01
 -3.579D-03  4.333D-01
 -1.600D-04  7.243D-01
 -2.122D-04  6.153D-01
 -2.790D-04  5.349D-01
 -3.620D-04  4.772D-01
 -4.680D-04  4.366D-01
 -5.923D-04  4.086D-01
 -7.707D-04  3.924D-01
 -9.418D-04  3.795D-01
 -1.300D-03  3.824D-01
 -1.470D-03  3.726D-01
 -2.424D-03  3.964D-01
 -2.256D-03  3.773D-01
 -5.912D-03  4.262D-01
 -3.355D-03  3.861D-01
 -1.378D-04  7.195D-01
 -1.806D-04  5.992D-01
 -2.347D-04  5.084D-01
 -3.026D-04  4.417D-01
 -3.849D-04  3.938D-01
 -4.911D-04  3.611D-01
 -6.100D-04  3.380D-01
 -7.906D-04  3.282D-01
 -9.445D-04  3.167D-01
 -1.315D-03  3.275D-01
 -1.440D-03  3.151D-01
 -2.430D-03  3.503D-01
 -2.160D-03  3.238D-01
 -5.864D-03  3.879D-01
 -3.142D-03  3.354D-01
 -1.196D-04  7.148D-01
 -1.547D-04  5.829D-01
 -1.991D-04  4.808D-01
 -2.539D-04  4.042D-01
 -3.221D-04  3.482D-01
 -4.026D-04  3.081D-01
 -5.087D-04  2.826D-01
 -6.207D-04  2.634D-01
 -8.040D-04  2.607D-01
 -9.392D-04  2.494D-01
 -1.323D-03  2.700D-01
 -1.402D-03  2.533D-01
 -2.426D-03  3.023D-01
 -2.061D-03  2.661D-01
 -5.796D-03  3.485D-01
 -2.940D-03  2.808D-01
 -1.045D-04  7.101D-01
 -1.335D-04  5.664D-01
 -1.699D-04  4.522D-01
 -2.151D-04  3.645D-01
 -2.696D-04  2.990D-01
 -3.375D-04  2.520D-01
 -4.152D-04  2.182D-01
 -5.213D-04  1.999D-01
 -6.252D-04  1.834D-01
 -8.117D-04  1.893D-01
 -9.269D-04  1.769D-01
 -1.323D-03  2.096D-01
 -1.358D-03  1.865D-01
 -2.411D-03  2.524D-01
 -1.960D-03  2.039D-01
 -5.712D-03  3.080D-01
 -2.747D-03  2.219D-01
 -9.179D-05  7.055D-01
 -1.158D-04  5.497D-01
 -1.459D-04  4.225D-01
 -1.829D-04  3.225D-01
 -2.281D-04  2.463D-01
 -2.816D-04  1.897D-01
 -3.489D-04  1.509D-01
 -4.230D-04  1.222D-01
 -5.291D-04  1.118D-01
 -6.240D-04  9.696D-02
 -8.140D-04  1.135D-01
 -9.086D-04  9.805D-02
 -1.318D-03  1.461D-01
 -1.309D-03  1.140D-01
 -2.388D-03  2.007D-01
 -1.859D-03  1.366D-01
 -5.612D-03  2.665D-01
 -2.564D-03  1.583D-01
 -8.111D-05  7.010D-01
 -1.010D-04  5.330D-01
 -1.259D-04  3.919D-01
 -1.565D-04  2.781D-01
 -1.933D-04  1.893D-01
 -2.382D-04  1.228D-01
 -2.900D-04  7.333D-02
 -3.566D-04  4.267D-02
 -4.264D-04  1.791D-02
 -5.326D-04  1.719D-02
 -6.177D-04  2.472D-03
 -8.116D-04  3.260D-02
 -8.852D-04  1.186D-02
 -1.306D-03  7.911D-02
 -1.256D-03  3.493D-02
 -2.357D-03  1.469D-01
 -1.758D-03  6.325D-02
 -5.500D-03  2.240D-01
 -2.390D-03  8.927D-02
 -7.203D-05  6.967D-01
 -8.851D-05  5.163D-01
 -1.092D-04  3.602D-01
 -1.344D-04  2.310D-01
 -1.649D-04  1.280D-01
 -2.010D-04  4.811D-02
 -2.452D-04 -9.873D-03
 -2.949D-04 -5.338D-02
 -3.607D-04 -7.504D-02
 -4.256D-04 -9.693D-02
 -5.322D-04 -8.552D-02
 -6.069D-04 -1.019D-01
 -8.049D-04 -5.422D-02
 -8.574D-04 -8.318D-02
 -1.290D-03  8.413D-03
 -1.200D-03 -5.199D-02
 -2.318D-03  9.102D-02
 -1.657D-03 -1.694D-02
 -5.376D-03  1.805D-01
 -2.225D-03  1.400D-02
 -6.425D-05  6.925D-01
 -7.791D-05  4.996D-01
 -9.498D-05  3.275D-01
 -1.159D-04  1.811D-01
 -1.409D-04  6.115D-02
 -1.711D-04 -3.328D-02
 -2.061D-04 -1.061D-01
 -2.494D-04 -1.556D-01
 -2.965D-04 -1.943D-01
 -3.616D-04 -2.050D-01
 -4.211D-04 -2.254D-01
 -5.283D-04 -1.981D-01
 -5.922D-04 -2.186D-01
 -7.943D-04 -1.479D-01
 -8.260D-04 -1.890D-01
 -1.269D-03 -6.647D-02
 -1.142D-03 -1.482D-01
 -2.274D-03  3.292D-02
 -1.559D-03 -1.053D-01
 -5.243D-03  1.361D-01
 -2.067D-03 -6.854D-02
 -5.756D-05  6.885D-01
 -6.885D-05  4.829D-01
 -8.297D-05  2.938D-01
 -1.002D-04  1.281D-01
 -1.210D-04 -1.145D-02
 -1.455D-04 -1.250D-01
 -1.750D-04 -2.122D-01
 -2.086D-04 -2.795D-01
 -2.510D-04 -3.195D-01
 -2.952D-04 -3.544D-01
 -3.596D-04 -3.508D-01
 -4.134D-04 -3.716D-01
 -5.213D-04 -3.227D-01
 -5.741D-04 -3.507D-01
 -7.804D-04 -2.496D-01
 -7.917D-04 -3.080D-01
 -1.244D-03 -1.461D-01
 -1.083D-03 -2.558D-01
 -2.223D-03 -2.756D-02
 -1.461D-03 -2.033D-01
 -5.103D-03  9.072D-02
 -1.918D-03 -1.597D-01
 -5.177D-05  6.847D-01
 -6.106D-05  4.664D-01
 -7.269D-05  2.591D-01
 -8.691D-05  7.153D-02
 -1.040D-04 -9.135D-02
 -1.244D-04 -2.269D-01
 -1.481D-04 -3.366D-01
 -1.769D-04 -4.171D-01
 -2.088D-04 -4.803D-01
 -2.503D-04 -5.083D-01
 -2.912D-04 -5.408D-01
 -3.551D-04 -5.173D-01
 -4.028D-04 -5.411D-01
 -5.117D-04 -4.623D-01
 -5.533D-04 -5.029D-01
 -7.636D-04 -3.609D-01
 -7.552D-04 -4.438D-01
 -1.215D-03 -2.310D-01
 -1.023D-03 -3.772D-01
 -2.169D-03 -9.060D-02
 -1.367D-03 -3.131D-01
 -4.957D-03  4.442D-02
 -1.776D-03 -2.613D-01
 -4.672D-05  6.810D-01
 -5.434D-05  4.501D-01
 -6.389D-05  2.233D-01
 -7.556D-05  1.103D-02
 -8.962D-05 -1.793D-01
 -1.062D-04 -3.437D-01
 -1.261D-04 -4.783D-01
 -1.489D-04 -5.870D-01
 -1.768D-04 -6.602D-01
 -2.068D-04 -7.208D-01
 -2.475D-04 -7.318D-01
 -2.850D-04 -7.640D-01
 -3.484D-04 -7.112D-01
 -3.899D-04 -7.425D-01
 -4.998D-04 -6.208D-01
 -5.303D-04 -6.814D-01
 -7.442D-04 -4.837D-01
 -7.171D-04 -6.012D-01
 -1.183D-03 -3.220D-01
 -9.622D-04 -5.164D-01
 -2.110D-03 -1.564D-01
 -1.274D-03 -4.377D-01
 -4.806D-03 -2.813D-03
 -1.642D-03 -3.755D-01
 -4.231D-05  6.775D-01
 -4.851D-05  4.340D-01
 -5.630D-05  1.863D-01
 -6.584D-05 -5.388D-02
 -7.732D-05 -2.775D-01
 -9.106D-05 -4.770D-01
 -1.071D-04 -6.493D-01
 -1.264D-04 -7.863D-01
 -1.480D-04 -8.979D-01
 -1.752D-04 -9.610D-01
 -2.032D-04 -1.021D+00
 -2.430D-04 -1.006D+00
 -2.768D-04 -1.034D+00
 -3.400D-04 -9.428D-01
 -3.752D-04 -9.888D-01
 -4.859D-04 -8.040D-01
 -5.057D-04 -8.961D-01
 -7.227D-04 -6.205D-01
 -6.781D-04 -7.872D-01
 -1.149D-03 -4.201D-01
 -9.023D-04 -6.784D-01
 -2.048D-03 -2.254D-01
 -1.185D-03 -5.808D-01
 -4.651D-03 -5.102D-02
 -1.515D-03 -5.057D-01
 -3.844D-05  6.743D-01
 -4.343D-05  4.181D-01
 -4.973D-05  1.482D-01
 -5.747D-05 -1.239D-01
 -6.685D-05 -3.876D-01
 -7.801D-05 -6.341D-01
 -9.138D-05 -8.534D-01
 -1.068D-04 -1.044D+00
 -1.248D-04 -1.125D+00
 -1.445D-04 -1.190D+00
 -1.703D-04 -1.214D+00
 -1.954D-04 -1.247D+00
 -2.344D-04 -1.214D+00
 -2.639D-04 -1.237D+00
 -3.279D-04 -1.145D+00
 -3.556D-04 -1.183D+00
 -4.707D-04 -1.020D+00
 -4.778D-04 -1.105D+00
 -6.995D-04 -7.748D-01
 -6.386D-04 -1.013D+00
 -1.113D-03 -5.264D-01
 -8.432D-04 -8.709D-01
 -1.983D-03 -2.977D-01
 -1.099D-03 -7.482D-01
 -4.494D-03 -1.002D-01
 -1.394D-03 -6.563D-01
 -3.502D-05  6.712D-01
 -3.899D-05  4.025D-01
 -4.402D-05  1.088D-01
 -5.025D-05 -1.998D-01
 -5.782D-05 -5.131D-01
 -6.698D-05 -8.203D-01
 -7.767D-05 -1.090D+00
 -8.977D-05 -1.231D+00
 -1.035D-04 -1.349D+00
 -1.205D-04 -1.420D+00
 -1.384D-04 -1.465D+00
 -1.632D-04 -1.468D+00
 -1.856D-04 -1.490D+00
 -2.239D-04 -1.441D+00
 -2.490D-04 -1.462D+00
 -3.130D-04 -1.344D+00
 -3.339D-04 -1.401D+00
 -4.504D-04 -1.179D+00
 -4.463D-04 -1.296D+00
 -6.750D-04 -9.514D-01
 -5.937D-04 -1.182D+00
 -1.075D-03 -6.426D-01
 -7.836D-04 -1.075D+00
 -1.916D-03 -3.739D-01
 -1.017D-03 -9.484D-01
 -4.336D-03 -1.505D-01
 -1.281D-03 -8.338D-01
 -3.199D-05  6.683D-01
 -3.509D-05  3.872D-01
 -3.905D-05  6.799D-02
 -4.399D-05 -2.826D-01
 -5.007D-05 -6.575D-01
 -5.749D-05 -1.050D+00
 -6.557D-05 -1.277D+00
 -7.486D-05 -1.457D+00
 -8.604D-05 -1.563D+00
 -9.844D-05 -1.651D+00
 -1.144D-04 -1.695D+00
 -1.305D-04 -1.741D+00
 -1.542D-04 -1.719D+00
 -1.739D-04 -1.744D+00
 -2.114D-04 -1.655D+00
 -2.322D-04 -1.687D+00
 -2.963D-04 -1.531D+00
 -3.101D-04 -1.595D+00
 -4.285D-04 -1.357D+00
 -4.133D-04 -1.490D+00
 -6.473D-04 -1.116D+00
 -5.482D-04 -1.381D+00
 -1.035D-03 -7.707D-01
 -7.204D-04 -1.243D+00
 -1.848D-03 -4.545D-01
 -9.330D-04 -1.126D+00
 -4.177D-03 -2.020D-01
 -1.173D-03 -1.037D+00
 -2.930D-05  6.656D-01
 -3.166D-05  3.723D-01
 -3.471D-05  2.579D-02
 -3.855D-05 -3.734D-01
 -4.337D-05 -8.273D-01
 -4.896D-05 -1.226D+00
 -5.505D-05 -1.490D+00
 -6.228D-05 -1.670D+00
 -7.060D-05 -1.825D+00
 -8.106D-05 -1.922D+00
 -9.236D-05 -2.006D+00
 -1.074D-04 -2.029D+00
 -1.219D-04 -2.071D+00
 -1.446D-04 -2.015D+00
 -1.616D-04 -2.041D+00
 -1.980D-04 -1.907D+00
 -2.147D-04 -1.951D+00
 -2.781D-04 -1.738D+00
 -2.854D-04 -1.832D+00
 -4.048D-04 -1.521D+00
 -3.792D-04 -1.695D+00
 -6.161D-04 -1.257D+00
 -5.018D-04 -1.555D+00
 -9.951D-04 -9.133D-01
 -6.582D-04 -1.430D+00
 -1.778D-03 -5.400D-01
 -8.497D-04 -1.300D+00
 -4.019D-03 -2.546D-01
 -1.064D-03 -1.191D+00
 -2.691D-05  6.631D-01
 -2.863D-05  3.576D-01
 -3.089D-05 -1.798D-02
 -3.382D-05 -4.741D-01
 -3.761D-05 -1.031D+00
 -4.153D-05 -1.431D+00
 -4.603D-05 -1.700D+00
 -5.144D-05 -1.936D+00
 -5.819D-05 -2.128D+00
 -6.583D-05 -2.299D+00
 -7.566D-05 -2.407D+00
 -8.467D-05 -2.326D+00
 -9.890D-05 -2.340D+00
 -1.103D-04 -2.260D+00
 -1.346D-04 -2.417D+00
 -1.483D-04 -2.394D+00
 -1.843D-04 -2.218D+00
 -1.969D-04 -2.298D+00
 -2.599D-04 -1.967D+00
 -2.611D-04 -2.111D+00
 -3.800D-04 -1.698D+00
 -3.458D-04 -1.930D+00
 -5.840D-04 -1.419D+00
 -4.557D-04 -1.767D+00
 -9.544D-04 -1.074D+00
 -5.966D-04 -1.606D+00
 -1.708D-03 -6.311D-01
 -7.688D-04 -1.473D+00
 -3.861D-03 -3.086D-01
 -9.600D-04 -1.373D+00
 -2.476D-05  6.608D-01
 -2.594D-05  3.434D-01
 -2.754D-05 -6.345D-02
 -2.968D-05 -5.865D-01
 -3.241D-05 -1.204D+00
 -3.506D-05 -1.614D+00
 -3.830D-05 -1.955D+00
 -4.249D-05 -2.273D+00
 -4.630D-05 -2.241D+00
 -5.026D-05 -1.960D+00
 -5.507D-05 -1.796D+00
 -6.254D-05 -1.737D+00
 -6.968D-05 -1.677D+00
 -8.230D-05 -1.717D+00
 -9.146D-05 -1.684D+00
 -1.135D-04 -1.834D+00
 -1.231D-04 -1.782D+00
 -1.642D-04 -2.144D+00
 -1.686D-04 -1.980D+00
 -2.413D-04 -2.258D+00
 -2.344D-04 -2.327D+00
 -3.551D-04 -1.894D+00
 -3.131D-04 -2.231D+00
 -5.503D-04 -1.553D+00
 -4.120D-04 -2.002D+00
 -9.083D-04 -1.191D+00
 -5.373D-04 -1.815D+00
 -1.638D-03 -7.289D-01
 -6.906D-04 -1.654D+00
 -3.705D-03 -3.640D-01
 -8.602D-04 -1.530D+00
 -2.284D-05  6.586D-01
 -2.356D-05  3.296D-01
 -2.459D-05 -1.108D-01
 -2.607D-05 -7.135D-01
 -2.781D-05 -1.379D+00
 -2.944D-05 -1.840D+00
 -3.181D-05 -2.280D+00
 -3.297D-05 -2.041D+00
 -3.446D-05 -1.708D+00
 -3.701D-05 -1.553D+00
 -4.070D-05 -1.250D+00
 -4.469D-05 -1.012D+00
 -5.127D-05 -9.720D-01
 -5.697D-05 -8.715D-01
 -6.834D-05 -1.040D+00
 -7.536D-05 -9.714D-01
 -9.569D-05 -1.408D+00
 -1.022D-04 -1.263D+00
 -1.392D-04 -1.702D+00
 -1.404D-04 -1.593D+00
 -2.153D-04 -2.171D+00
 -1.940D-04 -1.791D+00
 -3.305D-04 -2.121D+00
 -2.711D-04 -2.130D+00
 -5.161D-04 -1.706D+00
 -3.701D-04 -2.318D+00
 -8.614D-04 -1.314D+00
 -4.816D-04 -2.057D+00
 -1.568D-03 -8.344D-01
 -6.173D-04 -1.861D+00
 -3.552D-03 -4.211D-01
 -7.658D-04 -1.722D+00
 -2.111D-05  6.566D-01
 -2.143D-05  3.162D-01
 -2.198D-05 -1.602D-01
 -2.291D-05 -8.590D-01
 -2.377D-05 -1.554D+00
 -2.471D-05 -2.094D+00
 -2.499D-05 -2.082D+00
 -2.478D-05 -1.620D+00
 -2.540D-05 -1.032D+00
 -2.681D-05 -5.928D-01
 -2.877D-05 -3.105D-01
 -3.205D-05 -1.806D-01
 -3.533D-05 -5.909D-02
 -4.102D-05 -9.281D-02
 -4.563D-05 -1.221D-02
 -5.543D-05 -2.127D-01
 -6.061D-05 -1.617D-01
 -7.858D-05 -5.375D-01
 -8.256D-05 -4.078D-01
 -1.178D-04 -1.162D+00
 -1.147D-04 -7.977D-01
 -1.840D-04 -1.759D+00
 -1.609D-04 -1.352D+00
 -3.068D-04 -2.414D+00
 -2.237D-04 -1.695D+00
 -4.824D-04 -1.873D+00
 -3.124D-04 -2.021D+00
 -8.144D-04 -1.452D+00
 -4.301D-04 -2.384D+00
 -1.499D-03 -9.490D-01
 -5.486D-04 -2.112D+00
 -3.401D-03 -4.799D-01
 -6.795D-04 -1.930D+00
 -1.954D-05  6.548D-01
 -1.953D-05  3.032D-01
 -1.967D-05 -2.118D-01
 -2.014D-05 -1.028D+00
 -2.024D-05 -1.736D+00
 -2.068D-05 -2.448D+00
 -1.894D-05 -1.656D+00
 -1.830D-05 -8.085D-01
 -1.840D-05 -2.214D-01
 -1.942D-05  2.979D-01
 -2.114D-05  6.629D-01
 -2.300D-05  9.333D-01
 -2.601D-05  1.020D+00
 -2.883D-05  1.131D+00
 -3.384D-05  1.027D+00
 -3.745D-05  1.084D+00
 -4.608D-05  7.669D-01
 -4.993D-05  8.520D-01
 -6.525D-05  2.305D-01
 -6.781D-05  4.518D-01
 -9.748D-05 -4.306D-01
 -9.232D-05 -1.042D-01
 -1.576D-04 -1.367D+00
 -1.296D-04 -5.297D-01
 -2.673D-04 -2.057D+00
 -1.838D-04 -1.118D+00
 -4.495D-04 -2.058D+00
 -2.572D-04 -1.644D+00
 -7.665D-04 -1.563D+00
 -3.550D-04 -1.943D+00
 -1.430D-03 -1.075D+00
 -4.846D-04 -2.393D+00
 -3.253D-03 -5.406D-01
 -5.990D-04 -2.202D+00
 -1.813D-05  6.531D-01
 -1.784D-05  2.906D-01
 -1.762D-05 -2.660D-01
 -1.765D-05 -1.189D+00
 -1.718D-05 -1.947D+00
 -1.592D-05 -1.933D+00
 -1.420D-05 -9.335D-01
 -1.336D-05 -6.542D-02
 -1.360D-05  7.814D-01
 -1.421D-05  1.291D+00
 -1.532D-05  1.663D+00
 -1.724D-05  1.890D+00
 -1.919D-05  2.080D+00
 -2.195D-05  2.092D+00
 -2.445D-05  2.175D+00
 -2.871D-05  1.997D+00
 -3.172D-05  2.050D+00
 -3.827D-05  1.657D+00
 -4.145D-05  1.759D+00
 -5.433D-05  1.123D+00
 -5.509D-05  1.352D+00
 -8.194D-05  3.003D-01
 -7.610D-05  8.640D-01
 -1.320D-04 -6.523D-01
 -1.057D-04  2.237D-01
 -2.307D-04 -1.735D+00
 -1.476D-04 -3.785D-01
 -4.169D-04 -2.285D+00
 -2.089D-04 -9.694D-01
 -7.189D-04 -1.688D+00
 -2.914D-04 -1.607D+00
 -1.360D-03 -1.191D+00
 -3.930D-04 -1.860D+00
 -3.108D-03 -6.035D-01
 -5.107D-04 -2.168D+00
 -1.685D-05  6.516D-01
 -1.631D-05  2.786D-01
 -1.580D-05 -3.230D-01
 -1.539D-05 -1.325D+00
 -1.455D-05 -2.201D+00
 -1.226D-05 -1.603D+00
 -1.048D-05 -1.996D-01
 -9.988D-06  9.587D-01
 -1.013D-05  1.702D+00
 -1.091D-05  2.277D+00
 -1.192D-05  2.631D+00
 -1.297D-05  2.902D+00
 -1.469D-05  3.011D+00
 -1.669D-05  3.103D+00
 -1.905D-05  3.063D+00
 -2.136D-05  3.103D+00
 -2.447D-05  2.929D+00
 -2.689D-05  2.974D+00
 -3.349D-05  2.548D+00
 -3.564D-05  2.664D+00
 -4.677D-05  1.941D+00
 -4.741D-05  2.244D+00
 -6.869D-05  1.107D+00
 -6.294D-05  1.697D+00
 -1.106D-04 -8.418D-02
 -8.609D-05  1.107D+00
 -1.989D-04 -1.332D+00
 -1.203D-04  4.298D-01
 -3.821D-04 -2.396D+00
 -1.670D-04 -2.802D-01
 -6.719D-04 -1.827D+00
 -2.341D-04 -8.515D-01
 -1.288D-03 -1.285D+00
 -3.213D-04 -1.538D+00
 -2.967D-03 -6.688D-01
 -4.134D-04 -1.729D+00
 -1.569D-05  6.503D-01
 -1.494D-05  2.670D-01
 -1.418D-05 -3.831D-01
 -1.340D-05 -1.484D+00
 -1.218D-05 -2.400D+00
 -9.244D-06 -7.769D-01
 -7.915D-06  7.497D-01
 -7.620D-06  1.853D+00
 -7.899D-06  2.645D+00
 -8.667D-06  3.125D+00
 -9.854D-06  3.441D+00
 -1.109D-05  3.653D+00
 -1.235D-05  3.831D+00
 -1.399D-05  3.879D+00
 -1.556D-05  3.962D+00
 -1.799D-05  3.856D+00
 -1.992D-05  3.895D+00
 -2.353D-05  3.636D+00
 -2.569D-05  3.687D+00
 -3.070D-05  3.268D+00
 -3.288D-05  3.388D+00
 -4.047D-05  2.737D+00
 -4.104D-05  3.036D+00
 -5.936D-05  1.856D+00
 -5.400D-05  2.546D+00
 -9.442D-05  7.115D-01
 -7.245D-05  1.935D+00
 -1.682D-04 -6.985D-01
 -9.717D-05  1.263D+00
 -3.318D-04 -2.002D+00
 -1.358D-04  5.703D-01
 -6.271D-04 -1.967D+00
 -1.862D-04 -1.985D-01
 -1.217D-03 -1.387D+00
 -2.550D-04 -7.106D-01
 -2.830D-03 -7.369D-01
 -3.336D-04 -1.216D+00
 -1.463D-05  6.490D-01
 -1.371D-05  2.559D-01
 -1.273D-05 -4.468D-01
 -1.162D-05 -1.615D+00
 -9.492D-06 -1.898D+00
 -6.922D-06 -1.120D-01
 -5.966D-06  1.607D+00
 -5.933D-06  2.751D+00
 -6.617D-06  3.400D+00
 -7.229D-06  3.905D+00
 -8.361D-06  4.148D+00
 -9.831D-06  4.273D+00
 -1.132D-05  4.356D+00
 -1.284D-05  4.437D+00
 -1.459D-05  4.430D+00
 -1.634D-05  4.466D+00
 -1.854D-05  4.366D+00
 -2.054D-05  4.385D+00
 -2.305D-05  4.209D+00
 -2.530D-05  4.241D+00
 -2.795D-05  3.979D+00
 -3.002D-05  4.088D+00
 -3.804D-05  3.363D+00
 -3.821D-05  3.709D+00
 -5.181D-05  2.594D+00
 -4.870D-05  3.244D+00
 -7.928D-05  1.384D+00
 -6.109D-05  2.746D+00
 -1.423D-04 -2.077D-01
 -8.246D-05  2.093D+00
 -2.895D-04 -1.747D+00
 -1.088D-04  1.372D+00
 -5.832D-04 -2.130D+00
 -1.510D-04  6.933D-01
 -1.147D-03 -1.498D+00
 -2.030D-04 -4.462D-02
 -2.697D-03 -8.080D-01
 -2.635D-04 -4.768D-01
 -1.366D-05  6.479D-01
 -1.260D-05  2.452D-01
 -1.144D-05 -5.145D-01
 -1.004D-05 -1.769D+00
 -7.458D-06 -1.611D+00
 -5.313D-06  8.238D-01
 -4.757D-06  2.487D+00
 -5.063D-06  3.466D+00
 -5.573D-06  4.115D+00
 -6.738D-06  4.381D+00
 -7.667D-06  4.664D+00
 -9.157D-06  4.716D+00
 -1.107D-05  4.676D+00
 -1.286D-05  4.668D+00
 -1.479D-05  4.665D+00
 -1.653D-05  4.663D+00
 -1.857D-05  4.661D+00
 -2.002D-05  4.672D+00
 -2.225D-05  4.665D+00
 -2.278D-05  4.723D+00
 -2.519D-05  4.724D+00
 -2.908D-05  4.352D+00
 -3.086D-05  4.491D+00
 -3.424D-05  4.035D+00
 -3.733D-05  4.209D+00
 -4.782D-05  3.196D+00
 -4.344D-05  3.948D+00
 -7.068D-05  2.090D+00
 -5.641D-05  3.391D+00
 -1.228D-04  5.113D-01
 -6.883D-05  2.879D+00
 -2.512D-04 -1.354D+00
 -9.288D-05  2.205D+00
 -5.412D-04 -2.324D+00
 -1.213D-04  1.479D+00
 -1.078D-03 -1.586D+00
 -1.636D-04  8.441D-01
 -2.568D-03 -8.826D-01
 -2.104D-04  2.904D-01
 -1.278D-05  6.469D-01
 -1.159D-05  2.351D-01
 -1.029D-05 -5.867D-01
 -8.671D-06 -1.937D+00
 -5.729D-06 -8.231D-01
 -4.085D-06  1.632D+00
 -3.950D-06  3.220D+00
 -4.344D-06  4.123D+00
 -5.204D-06  4.571D+00
 -6.619D-06  4.665D+00
 -8.289D-06  4.673D+00
 -9.833D-06  4.743D+00
 -1.178D-05  4.699D+00
 -1.456D-05  4.519D+00
 -1.674D-05  4.489D+00
 -1.940D-05  4.419D+00
 -2.065D-05  4.532D+00
 -2.325D-05  4.499D+00
 -2.290D-05  4.763D+00
 -2.539D-05  4.747D+00
 -2.739D-05  4.655D+00
 -2.999D-05  4.674D+00
 -3.021D-05  4.656D+00
 -3.410D-05  4.628D+00
 -3.586D-05  4.344D+00
 -3.595D-05  4.713D+00
 -4.392D-05  3.792D+00
 -4.432D-05  4.322D+00
 -6.147D-05  2.742D+00
 -5.091D-05  4.034D+00
 -1.045D-04  1.138D+00
 -6.433D-05  3.494D+00
 -2.146D-04 -7.913D-01
 -7.904D-05  2.943D+00
 -5.017D-04 -2.529D+00
 -1.032D-04  2.302D+00
 -1.011D-03 -1.682D+00
 -1.330D-04  1.636D+00
 -2.443D-03 -9.611D-01
 -1.676D-04  1.122D+00
 -1.197D-05  6.460D-01
 -1.068D-05  2.255D-01
 -9.257D-06 -6.642D-01
 -7.468D-06 -2.131D+00
 -4.384D-06 -2.119D-01
 -3.289D-06  2.457D+00
 -3.283D-06  3.950D+00
 -4.019D-06  4.588D+00
 -5.481D-06  4.646D+00
 -6.935D-06  4.727D+00
 -1.011D-05  4.259D+00
 -1.323D-05  4.018D+00
 -1.647D-05  3.860D+00
 -1.951D-05  3.787D+00
 -2.282D-05  3.722D+00
 -2.552D-05  3.734D+00
 -2.886D-05  3.708D+00
 -3.073D-05  3.796D+00
 -3.417D-05  3.780D+00
 -3.433D-05  3.974D+00
 -3.818D-05  3.935D+00
 -3.498D-05  4.324D+00
 -4.013D-05  4.195D+00
 -3.442D-05  4.672D+00
 -3.890D-05  4.622D+00
 -3.680D-05  4.635D+00
 -4.251D-05  4.626D+00
 -4.387D-05  4.166D+00
 -4.539D-05  4.620D+00
 -5.828D-05  3.256D+00
 -5.127D-05  4.410D+00
 -9.204D-05  1.760D+00
 -5.956D-05  4.058D+00
 -1.838D-04 -3.460D-01
 -7.233D-05  3.573D+00
 -4.389D-04 -2.154D+00
 -8.908D-05  3.010D+00
 -9.451D-04 -1.787D+00
 -1.116D-04  2.443D+00
 -2.322D-03 -1.044D+00
 -1.387D-04  1.939D+00
 -1.123D-05  6.452D-01
 -9.855D-06  2.165D-01
 -8.332D-06 -7.478D-01
 -6.426D-06 -2.378D+00
 -3.428D-06  6.313D-01
 -2.746D-06  3.156D+00
 -3.126D-06  4.347D+00
 -4.265D-06  4.632D+00
 -6.285D-06  4.413D+00
 -9.588D-06  3.909D+00
 -1.295D-05  3.645D+00
 -1.646D-05  3.480D+00
 -1.997D-05  3.385D+00
 -2.369D-05  3.315D+00
 -2.719D-05  3.291D+00
 -3.105D-05  3.260D+00
 -3.424D-05  3.285D+00
 -3.823D-05  3.273D+00
 -4.061D-05  3.349D+00
 -4.484D-05  3.337D+00
 -4.555D-05  3.486D+00
 -5.038D-05  3.453D+00
 -4.789D-05  3.730D+00
 -5.422D-05  3.630D+00
 -4.567D-05  4.171D+00
 -5.555D-05  3.892D+00
 -4.165D-05  4.629D+00
 -5.325D-05  4.291D+00
 -4.266D-05  4.577D+00
 -5.070D-05  4.650D+00
 -5.299D-05  3.816D+00
 -5.464D-05  4.574D+00
 -8.139D-05  2.372D+00
 -5.830D-05  4.477D+00
 -1.595D-04  2.565D-01
 -6.823D-05  4.080D+00
 -3.857D-04 -1.897D+00
 -7.993D-05  3.658D+00
 -8.825D-04 -1.893D+00
 -9.818D-05  3.117D+00
 -2.206D-03 -1.132D+00
 -1.141D-04  2.726D+00
 -1.055D-05  6.445D-01
 -9.105D-06  2.079D-01
 -7.502D-06 -8.384D-01
 -5.289D-06 -2.167D+00
 -2.642D-06  1.371D+00
 -2.318D-06  3.835D+00
 -3.042D-06  4.627D+00
 -4.870D-06  4.404D+00
 -8.204D-06  3.745D+00
 -1.165D-05  3.427D+00
 -1.528D-05  3.238D+00
 -1.902D-05  3.123D+00
 -2.295D-05  3.043D+00
 -2.688D-05  3.000D+00
 -3.107D-05  2.963D+00
 -3.501D-05  2.960D+00
 -3.941D-05  2.944D+00
 -4.305D-05  2.973D+00
 -4.767D-05  2.966D+00
 -5.050D-05  3.034D+00
 -5.548D-05  3.024D+00
 -5.664D-05  3.148D+00
 -6.240D-05  3.116D+00
 -6.038D-05  3.336D+00
 -6.786D-05  3.250D+00
 -6.000D-05  3.652D+00
 -7.120D-05  3.437D+00
 -5.239D-05  4.251D+00
 -7.156D-05  3.700D+00
 -4.810D-05  4.557D+00
 -6.779D-05  4.085D+00
 -5.338D-05  4.127D+00
 -5.879D-05  4.678D+00
 -7.321D-05  2.909D+00
 -6.388D-05  4.544D+00
 -1.376D-04  8.416D-01
 -6.527D-05  4.534D+00
 -3.401D-04 -1.726D+00
 -7.682D-05  4.110D+00
 -8.227D-04 -2.004D+00
 -8.596D-05  3.794D+00
 -2.094D-03 -1.226D+00
 -1.039D-04  3.350D+00
 -9.918D-06  6.439D-01
 -8.423D-06  1.999D-01
 -6.757D-06 -9.373D-01
 -4.255D-06 -1.810D+00
 -2.175D-06  2.144D+00
 -2.180D-06  4.243D+00
 -3.166D-06  4.694D+00
 -6.317D-06  3.750D+00
 -9.736D-06  3.321D+00
 -1.336D-05  3.088D+00
 -1.716D-05  2.947D+00
 -2.117D-05  2.853D+00
 -2.530D-05  2.794D+00
 -2.966D-05  2.751D+00
 -3.400D-05  2.731D+00
 -3.865D-05  2.710D+00
 -4.300D-05  2.717D+00
 -4.792D-05  2.708D+00
 -5.197D-05  2.739D+00
 -5.719D-05  2.734D+00
 -6.042D-05  2.796D+00
 -6.613D-05  2.785D+00
 -6.765D-05  2.893D+00
 -7.431D-05  2.862D+00
 -7.264D-05  3.047D+00
 -8.124D-05  2.968D+00
 -7.379D-05  3.293D+00
 -8.632D-05  3.112D+00
 -6.842D-05  3.722D+00
 -8.885D-05  3.304D+00
 -5.096D-05  4.674D+00
 -8.795D-05  3.567D+00
 -5.172D-05  4.503D+00
 -8.250D-05  3.943D+00
 -6.913D-05  3.374D+00
 -7.079D-05  4.534D+00
 -1.187D-04  1.380D+00
 -7.319D-05  4.523D+00
 -2.948D-04 -1.205D+00
 -7.197D-05  4.599D+00
 -7.649D-04 -2.128D+00
 -8.489D-05  4.176D+00
 -1.982D-03 -1.303D+00
 -9.331D-05  3.948D+00
 -9.338D-06  6.433D-01
 -7.801D-06  1.925D-01
 -6.088D-06 -1.046D+00
 -3.437D-06 -1.502D+00
 -1.750D-06  2.858D+00
 -2.033D-06  4.628D+00
 -4.159D-06  4.015D+00
 -7.479D-06  3.329D+00
 -1.100D-05  3.013D+00
 -1.475D-05  2.834D+00
 -1.873D-05  2.720D+00
 -2.290D-05  2.646D+00
 -2.730D-05  2.593D+00
 -3.181D-05  2.561D+00
 -3.658D-05  2.536D+00
 -4.130D-05  2.528D+00
 -4.641D-05  2.516D+00
 -5.114D-05  2.528D+00
 -5.656D-05  2.523D+00
 -6.098D-05  2.554D+00
 -6.679D-05  2.549D+00
 -7.036D-05  2.607D+00
 -7.676D-05  2.595D+00
 -7.861D-05  2.691D+00
 -8.612D-05  2.660D+00
 -8.474D-05  2.821D+00
 -9.439D-05  2.748D+00
 -8.723D-05  3.022D+00
 -1.011D-04  2.862D+00
 -8.364D-05  3.355D+00
 -1.055D-04  3.011D+00
 -6.949D-05  4.004D+00
 -1.069D-04  3.206D+00
 -5.695D-05  4.509D+00
 -1.046D-04  3.469D+00
 -6.256D-05  3.886D+00
 -9.745D-05  3.835D+00
 -1.067D-04  1.956D+00
 -8.407D-05  4.386D+00
 -2.552D-04 -7.525D-01
 -8.264D-05  4.511D+00
 -7.099D-04 -2.270D+00
 -8.338D-05  4.520D+00
 -1.873D-03 -1.370D+00
 -9.069D-05  4.351D+00
 -8.802D-06  6.429D-01
 -7.234D-06  1.855D-01
 -5.486D-06 -1.164D+00
 -2.719D-06 -8.273D-01
 -1.556D-06  3.432D+00
 -2.182D-06  4.606D+00
 -5.073D-06  3.516D+00
 -8.441D-06  3.024D+00
 -1.205D-05  2.778D+00
 -1.591D-05  2.632D+00
 -2.000D-05  2.539D+00
 -2.434D-05  2.474D+00
 -2.887D-05  2.432D+00
 -3.364D-05  2.401D+00
 -3.851D-05  2.384D+00
 -4.369D-05  2.368D+00
 -4.877D-05  2.368D+00
 -5.430D-05  2.361D+00
 -5.939D-05  2.375D+00
 -6.529D-05  2.372D+00
 -7.005D-05  2.402D+00
 -7.641D-05  2.398D+00
 -8.030D-05  2.451D+00
 -8.737D-05  2.438D+00
 -8.949D-05  2.526D+00
 -9.781D-05  2.494D+00
 -9.666D-05  2.638D+00
 -1.073D-04  2.568D+00
 -1.004D-04  2.807D+00
 -1.154D-04  2.662D+00
 -9.832D-05  3.078D+00
 -1.216D-04  2.781D+00
 -8.656D-05  3.569D+00
 -1.251D-04  2.934D+00
 -6.062D-05  4.580D+00
 -1.254D-04  3.131D+00
 -6.415D-05  4.113D+00
 -1.216D-04  3.389D+00
 -9.435D-05  2.481D+00
 -1.130D-04  3.739D+00
 -2.203D-04 -3.725D-01
 -9.881D-05  4.236D+00
 -6.598D-04 -2.432D+00
 -9.209D-05  4.519D+00
 -1.767D-03 -1.440D+00
 -9.653D-05  4.461D+00
 -8.306D-06  6.424D-01
 -6.716D-06  1.792D-01
 -4.919D-06 -1.239D+00
 -2.155D-06 -3.023D-01
 -1.354D-06  3.991D+00
 -2.630D-06  4.183D+00
 -5.826D-06  3.168D+00
 -9.237D-06  2.789D+00
 -1.291D-05  2.589D+00
 -1.685D-05  2.468D+00
 -2.105D-05  2.388D+00
 -2.548D-05  2.334D+00
 -3.017D-05  2.295D+00
 -3.504D-05  2.270D+00
 -4.018D-05  2.251D+00
 -4.539D-05  2.242D+00
 -5.094D-05  2.232D+00
 -5.636D-05  2.236D+00
 -6.231D-05  2.232D+00
 -6.772D-05  2.248D+00
 -7.409D-05  2.245D+00
 -7.915D-05  2.275D+00
 -8.605D-05  2.270D+00
 -9.021D-05  2.320D+00
 -9.792D-05  2.306D+00
 -1.003D-04  2.387D+00
 -1.094D-04  2.355D+00
 -1.084D-04  2.485D+00
 -1.200D-04  2.417D+00
 -1.132D-04  2.630D+00
 -1.295D-04  2.496D+00
 -1.125D-04  2.857D+00
 -1.372D-04  2.594D+00
 -1.028D-04  3.250D+00
 -1.426D-04  2.717D+00
 -7.663D-05  4.105D+00
 -1.451D-04  2.871D+00
 -6.134D-05  4.477D+00
 -1.441D-04  3.067D+00
 -8.756D-05  2.925D+00
 -1.391D-04  3.316D+00
 -1.931D-04  1.869D-01
 -1.299D-04  3.638D+00
 -6.080D-04 -2.549D+00
 -1.169D-04  4.048D+00
 -1.666D-03 -1.514D+00
 -1.039D-04  4.500D+00
 -7.847D-06  6.421D-01
 -6.242D-06  1.734D-01
 -4.409D-06 -1.320D+00
 -1.732D-06  4.008D-01
 -1.282D-06  4.350D+00
 -3.262D-06  3.636D+00
 -6.451D-06  2.905D+00
 -9.898D-06  2.600D+00
 -1.362D-05  2.433D+00
 -1.762D-05  2.329D+00
 -2.188D-05  2.261D+00
 -2.641D-05  2.213D+00
 -3.117D-05  2.180D+00
 -3.619D-05  2.156D+00
 -4.138D-05  2.141D+00
 -4.687D-05  2.128D+00
 -5.240D-05  2.125D+00
 -5.832D-05  2.119D+00
 -6.405D-05  2.125D+00
 -7.039D-05  2.122D+00
 -7.610D-05  2.139D+00
 -8.291D-05  2.136D+00
 -8.825D-05  2.166D+00
 -9.565D-05  2.160D+00
 -1.001D-04  2.207D+00
 -1.084D-04  2.192D+00
 -1.109D-04  2.268D+00
 -1.208D-04  2.235D+00
 -1.199D-04  2.354D+00
 -1.325D-04  2.289D+00
 -1.258D-04  2.481D+00
 -1.431D-04  2.356D+00
 -1.264D-04  2.676D+00
 -1.522D-04  2.438D+00
 -1.183D-04  3.002D+00
 -1.593D-04  2.539D+00
 -9.526D-05  3.652D+00
 -1.639D-04  2.664D+00
 -6.764D-05  4.438D+00
 -1.654D-04  2.817D+00
 -8.171D-05  3.357D+00
 -1.634D-04  3.006D+00
 -1.685D-04  6.977D-01
 -1.580D-04  3.237D+00
 -5.368D-04 -2.239D+00
 -1.498D-04  3.510D+00
 -1.568D-03 -1.587D+00
 -1.426D-04  3.775D+00
 -7.421D-06  6.418D-01
 -5.808D-06  1.681D-01
 -3.949D-06 -1.410D+00
 -1.389D-06  1.054D+00
 -1.278D-06  4.522D+00
 -3.780D-06  3.262D+00
 -6.972D-06  2.696D+00
 -1.044D-05  2.443D+00
 -1.419D-05  2.301D+00
 -1.823D-05  2.212D+00
 -2.254D-05  2.151D+00
 -2.712D-05  2.110D+00
 -3.196D-05  2.079D+00
 -3.703D-05  2.059D+00
 -4.238D-05  2.043D+00
 -4.787D-05  2.034D+00
 -5.369D-05  2.026D+00
 -5.952D-05  2.026D+00
 -6.578D-05  2.022D+00
 -7.180D-05  2.030D+00
 -7.852D-05  2.028D+00
 -8.450D-05  2.045D+00
 -9.172D-05  2.042D+00
 -9.731D-05  2.070D+00
 -1.052D-04  2.063D+00
 -1.098D-04  2.109D+00
 -1.187D-04  2.093D+00
 -1.214D-04  2.163D+00
 -1.320D-04  2.130D+00
 -1.312D-04  2.241D+00
 -1.447D-04  2.177D+00
 -1.380D-04  2.353D+00
 -1.564D-04  2.235D+00
 -1.398D-04  2.523D+00
 -1.668D-04  2.305D+00
 -1.332D-04  2.799D+00
 -1.755D-04  2.389D+00
 -1.127D-04  3.321D+00
 -1.818D-04  2.492D+00
 -7.136D-05  4.498D+00
 -1.855D-04  2.616D+00
 -7.477D-05  3.799D+00
 -1.862D-04  2.764D+00
 -1.452D-04  1.168D+00
 -1.840D-04  2.940D+00
 -4.771D-04 -2.015D+00
 -1.795D-04  3.138D+00
 -1.474D-03 -1.646D+00
 -1.765D-04  3.319D+00
 -7.025D-06  6.415D-01
 -5.410D-06  1.635D-01
 -3.530D-06 -1.483D+00
 -1.141D-06  1.710D+00
 -1.315D-06  4.585D+00
 -4.212D-06  2.983D+00
 -7.402D-06  2.526D+00
 -1.088D-05  2.311D+00
 -1.465D-05  2.188D+00
 -1.871D-05  2.109D+00
 -2.305D-05  2.056D+00
 -2.766D-05  2.018D+00
 -3.253D-05  1.992D+00
 -3.768D-05  1.972D+00
 -4.304D-05  1.959D+00
 -4.870D-05  1.948D+00
 -5.448D-05  1.944D+00
 -6.061D-05  1.938D+00
 -6.671D-05  1.940D+00
 -7.331D-05  1.937D+00
 -7.959D-05  1.946D+00
 -8.666D-05  1.944D+00
 -9.288D-05  1.961D+00
 -1.005D-04  1.958D+00
 -1.063D-04  1.986D+00
 -1.147D-04  1.978D+00
 -1.194D-04  2.021D+00
 -1.289D-04  2.004D+00
 -1.317D-04  2.071D+00
 -1.429D-04  2.038D+00
 -1.423D-04  2.141D+00
 -1.565D-04  2.079D+00
 -1.500D-04  2.242D+00
 -1.693D-04  2.129D+00
 -1.528D-04  2.391D+00
 -1.809D-04  2.189D+00
 -1.476D-04  2.630D+00
 -1.909D-04  2.260D+00
 -1.293D-04  3.063D+00
 -1.990D-04  2.346D+00
 -8.631D-05  4.121D+00
 -2.046D-04  2.448D+00
 -7.584D-05  4.007D+00
 -2.077D-04  2.568D+00
 -1.317D-04  1.680D+00
 -2.082D-04  2.707D+00
 -4.242D-04 -1.848D+00
 -2.069D-04  2.858D+00
 -1.383D-03 -1.708D+00
 -2.073D-04  2.991D+00
 -6.657D-06  6.413D-01
 -5.045D-06  1.594D-01
 -3.151D-06 -1.551D+00
 -9.555D-07  2.334D+00
 -1.643D-06  4.033D+00
 -4.573D-06  2.762D+00
 -7.757D-06  2.382D+00
 -1.123D-05  2.197D+00
 -1.501D-05  2.089D+00
 -1.907D-05  2.019D+00
 -2.342D-05  1.972D+00
 -2.804D-05  1.938D+00
 -3.295D-05  1.913D+00
 -3.811D-05  1.896D+00
 -4.354D-05  1.882D+00
 -4.918D-05  1.874D+00
 -5.512D-05  1.867D+00
 -6.117D-05  1.865D+00
 -6.759D-05  1.861D+00
 -7.395D-05  1.865D+00
 -8.086D-05  1.863D+00
 -8.738D-05  1.872D+00
 -9.478D-05  1.870D+00
 -1.012D-04  1.887D+00
 -1.092D-04  1.883D+00
 -1.152D-04  1.910D+00
 -1.240D-04  1.902D+00
 -1.289D-04  1.943D+00
 -1.389D-04  1.925D+00
 -1.418D-04  1.989D+00
 -1.537D-04  1.955D+00
 -1.531D-04  2.052D+00
 -1.681D-04  1.991D+00
 -1.616D-04  2.143D+00
 -1.818D-04  2.035D+00
 -1.653D-04  2.276D+00
 -1.945D-04  2.086D+00
 -1.615D-04  2.486D+00
 -2.058D-04  2.148D+00
 -1.451D-04  2.854D+00
 -2.153D-04  2.221D+00
 -1.061D-04  3.672D+00
 -2.228D-04  2.306D+00
 -7.265D-05  4.328D+00
 -2.279D-04  2.405D+00
 -1.180D-04  2.151D+00
 -2.309D-04  2.517D+00
 -3.738D-04 -1.529D+00
 -2.324D-04  2.636D+00
 -1.297D-03 -1.774D+00
 -2.356D-04  2.738D+00
 -6.314D-06  6.411D-01
 -4.709D-06  1.558D-01
 -2.808D-06 -1.625D+00
 -8.159D-07  2.899D+00
 -1.981D-06  3.551D+00
 -4.874D-06  2.582D+00
 -8.043D-06  2.260D+00
 -1.151D-05  2.098D+00
 -1.527D-05  2.002D+00
 -1.933D-05  1.939D+00
 -2.367D-05  1.897D+00
 -2.830D-05  1.866D+00
 -3.320D-05  1.844D+00
 -3.838D-05  1.827D+00
 -4.380D-05  1.815D+00
 -4.951D-05  1.806D+00
 -5.540D-05  1.801D+00
 -6.162D-05  1.795D+00
 -6.791D-05  1.796D+00
 -7.462D-05  1.793D+00
 -8.121D-05  1.797D+00
 -8.841D-05  1.796D+00
 -9.514D-05  1.806D+00
 -1.029D-04  1.803D+00
 -1.095D-04  1.820D+00
 -1.179D-04  1.816D+00
 -1.240D-04  1.842D+00
 -1.332D-04  1.833D+00
 -1.383D-04  1.872D+00
 -1.487D-04  1.854D+00
 -1.517D-04  1.914D+00
 -1.642D-04  1.880D+00
 -1.636D-04  1.972D+00
 -1.793D-04  1.912D+00
 -1.728D-04  2.054D+00
 -1.939D-04  1.950D+00
 -1.775D-04  2.174D+00
 -2.076D-04  1.995D+00
 -1.749D-04  2.360D+00
 -2.200D-04  2.048D+00
 -1.602D-04  2.678D+00
 -2.309D-04  2.111D+00
 -1.244D-04  3.343D+00
 -2.399D-04  2.183D+00
 -7.724D-05  4.352D+00
 -2.470D-04  2.265D+00
 -1.051D-04  2.603D+00
 -2.521D-04  2.357D+00
 -3.278D-04 -1.107D+00
 -2.561D-04  2.453D+00
 -1.214D-03 -1.844D+00
 -2.618D-04  2.534D+00
 -5.995D-06  6.409D-01
 -4.400D-06  1.528D-01
 -2.501D-06 -1.699D+00
 -7.211D-07  3.414D+00
 -2.262D-06  3.209D+00
 -5.123D-06  2.432D+00
 -8.272D-06  2.153D+00
 -1.172D-05  2.010D+00
 -1.546D-05  1.924D+00
 -1.950D-05  1.868D+00
 -2.383D-05  1.829D+00
 -2.844D-05  1.801D+00
 -3.334D-05  1.780D+00
 -3.849D-05  1.765D+00
 -4.394D-05  1.753D+00
 -4.960D-05  1.746D+00
 -5.557D-05  1.739D+00
 -6.170D-05  1.736D+00
 -6.817D-05  1.732D+00
 -7.469D-05  1.733D+00
 -8.166D-05  1.731D+00
 -8.846D-05  1.737D+00
 -9.593D-05  1.735D+00
 -1.029D-04  1.745D+00
 -1.109D-04  1.743D+00
 -1.177D-04  1.759D+00
 -1.264D-04  1.754D+00
 -1.327D-04  1.780D+00
 -1.422D-04  1.769D+00
 -1.474D-04  1.808D+00
 -1.583D-04  1.789D+00
 -1.614D-04  1.847D+00
 -1.744D-04  1.812D+00
 -1.739D-04  1.900D+00
 -1.902D-04  1.840D+00
 -1.837D-04  1.974D+00
 -2.056D-04  1.874D+00
 -1.892D-04  2.083D+00
 -2.201D-04  1.913D+00
 -1.877D-04  2.249D+00
 -2.336D-04  1.959D+00
 -1.747D-04  2.528D+00
 -2.457D-04  2.013D+00
 -1.417D-04  3.084D+00
 -2.562D-04  2.075D+00
 -8.196D-05  4.364D+00
 -2.649D-04  2.144D+00
 -1.002D-04  2.962D+00
 -2.720D-04  2.221D+00
 -2.875D-04 -7.488D-01
 -2.781D-04  2.300D+00
 -1.136D-03 -1.906D+00
 -2.860D-04  2.364D+00
 -5.696D-06  6.408D-01
 -4.115D-06  1.504D-01
 -2.225D-06 -1.768D+00
 -6.426D-07  3.874D+00
 -2.497D-06  2.947D+00
 -5.328D-06  2.303D+00
 -8.450D-06  2.059D+00
 -1.187D-05  1.931D+00
 -1.559D-05  1.854D+00
 -1.960D-05  1.803D+00
 -2.390D-05  1.767D+00
 -2.849D-05  1.742D+00
 -3.335D-05  1.723D+00
 -3.850D-05  1.708D+00
 -4.390D-05  1.698D+00
 -4.958D-05  1.689D+00
 -5.548D-05  1.684D+00
 -6.169D-05  1.679D+00
 -6.804D-05  1.678D+00
 -7.475D-05  1.675D+00
 -8.148D-05  1.677D+00
 -8.869D-05  1.675D+00
 -9.568D-05  1.681D+00
 -1.034D-04  1.680D+00
 -1.105D-04  1.690D+00
 -1.188D-04  1.687D+00
 -1.258D-04  1.703D+00
 -1.348D-04  1.698D+00
 -1.412D-04  1.723D+00
 -1.511D-04  1.711D+00
 -1.563D-04  1.749D+00
 -1.677D-04  1.729D+00
 -1.708D-04  1.784D+00
 -1.843D-04  1.750D+00
 -1.838D-04  1.833D+00
 -2.008D-04  1.775D+00
 -1.943D-04  1.902D+00
 -2.168D-04  1.804D+00
 -2.006D-04  2.000D+00
 -2.322D-04  1.839D+00
 -2.001D-04  2.150D+00
 -2.466D-04  1.879D+00
 -1.885D-04  2.397D+00
 -2.598D-04  1.926D+00
 -1.580D-04  2.872D+00
 -2.715D-04  1.979D+00
 -8.992D-05  4.250D+00
 -2.818D-04  2.038D+00
 -9.225D-05  3.364D+00
 -2.906D-04  2.103D+00
 -2.509D-04 -4.176D-01
 -2.987D-04  2.168D+00
 -1.062D-03 -1.972D+00
 -3.085D-04  2.221D+00
 -5.417D-06  6.406D-01
 -3.852D-06  1.486D-01
 -1.976D-06 -1.844D+00
 -6.111D-07  4.181D+00
 -2.695D-06  2.738D+00
 -5.492D-06  2.192D+00
 -8.583D-06  1.976D+00
 -1.197D-05  1.861D+00
 -1.565D-05  1.791D+00
 -1.963D-05  1.744D+00
 -2.389D-05  1.711D+00
 -2.844D-05  1.688D+00
 -3.327D-05  1.670D+00
 -3.837D-05  1.657D+00
 -4.376D-05  1.646D+00
 -4.938D-05  1.639D+00
 -5.530D-05  1.633D+00
 -6.141D-05  1.629D+00
 -6.785D-05  1.626D+00
 -7.440D-05  1.625D+00
 -8.134D-05  1.623D+00
 -8.825D-05  1.626D+00
 -9.569D-05  1.624D+00
 -1.029D-04  1.630D+00
 -1.108D-04  1.628D+00
 -1.181D-04  1.639D+00
 -1.266D-04  1.635D+00
 -1.337D-04  1.652D+00
 -1.430D-04  1.645D+00
 -1.495D-04  1.670D+00
 -1.598D-04  1.658D+00
 -1.651D-04  1.694D+00
 -1.768D-04  1.673D+00
 -1.800D-04  1.727D+00
 -1.939D-04  1.692D+00
 -1.934D-04  1.772D+00
 -2.109D-04  1.714D+00
 -2.044D-04  1.835D+00
 -2.276D-04  1.740D+00
 -2.114D-04  1.925D+00
 -2.437D-04  1.771D+00
 -2.119D-04  2.061D+00
 -2.589D-04  1.806D+00
 -2.017D-04  2.282D+00
 -2.731D-04  1.847D+00
 -1.735D-04  2.695D+00
 -2.861D-04  1.892D+00
 -1.109D-04  3.767D+00
 -2.976D-04  1.943D+00
 -8.706D-05  3.694D+00
 -3.080D-04  1.998D+00
 -2.224D-04  7.367D-02
 -3.178D-04  2.053D+00
 -9.917D-04 -2.042D+00
 -3.293D-04  2.096D+00
 -5.156D-06  6.405D-01
 -3.610D-06  1.474D-01
 -1.752D-06 -1.928D+00
 -5.882D-07  4.416D+00
 -2.861D-06  2.565D+00
 -5.622D-06  2.093D+00
 -8.677D-06  1.901D+00
 -1.203D-05  1.797D+00
 -1.567D-05  1.733D+00
 -1.960D-05  1.690D+00
 -2.382D-05  1.660D+00
 -2.833D-05  1.638D+00
 -3.311D-05  1.621D+00
 -3.817D-05  1.608D+00
 -4.349D-05  1.599D+00
 -4.910D-05  1.591D+00
 -5.494D-05  1.586D+00
 -6.107D-05  1.582D+00
 -6.738D-05  1.580D+00
 -7.402D-05  1.577D+00
 -8.076D-05  1.577D+00
 -8.790D-05  1.575D+00
 -9.499D-05  1.579D+00
 -1.026D-04  1.577D+00
 -1.100D-04  1.583D+00
 -1.181D-04  1.581D+00
 -1.255D-04  1.592D+00
 -1.343D-04  1.588D+00
 -1.415D-04  1.604D+00
 -1.511D-04  1.597D+00
 -1.576D-04  1.620D+00
 -1.682D-04  1.608D+00
 -1.736D-04  1.643D+00
 -1.857D-04  1.622D+00
 -1.888D-04  1.674D+00
 -2.032D-04  1.638D+00
 -2.027D-04  1.715D+00
 -2.207D-04  1.658D+00
 -2.142D-04  1.773D+00
 -2.380D-04  1.681D+00
 -2.219D-04  1.856D+00
 -2.547D-04  1.708D+00
 -2.232D-04  1.980D+00
 -2.707D-04  1.739D+00
 -2.143D-04  2.179D+00
 -2.858D-04  1.775D+00
 -1.882D-04  2.542D+00
 -2.997D-04  1.814D+00
 -1.300D-04  3.417D+00
 -3.125D-04  1.858D+00
 -8.674D-05  3.898D+00
 -3.242D-04  1.905D+00
 -1.969D-04  5.026D-01
 -3.356D-04  1.952D+00
 -9.242D-04 -2.117D+00
 -3.486D-04  1.987D+00
 -4.911D-06  6.404D-01
 -3.386D-06  1.467D-01
 -1.556D-06 -2.018D+00
 -6.177D-07  4.401D+00
 -2.999D-06  2.418D+00
 -5.722D-06  2.006D+00
 -8.737D-06  1.833D+00
 -1.204D-05  1.738D+00
 -1.564D-05  1.679D+00
 -1.952D-05  1.640D+00
 -2.369D-05  1.612D+00
 -2.814D-05  1.591D+00
 -3.288D-05  1.576D+00
 -3.788D-05  1.564D+00
 -4.316D-05  1.555D+00
 -4.869D-05  1.548D+00
 -5.450D-05  1.542D+00
 -6.053D-05  1.539D+00
 -6.686D-05  1.535D+00
 -7.336D-05  1.534D+00
 -8.019D-05  1.532D+00
 -8.710D-05  1.533D+00
 -9.444D-05  1.531D+00
 -1.017D-04  1.535D+00
 -1.095D-04  1.533D+00
 -1.170D-04  1.540D+00
 -1.254D-04  1.537D+00
 -1.328D-04  1.547D+00
 -1.419D-04  1.543D+00
 -1.491D-04  1.559D+00
 -1.590D-04  1.551D+00
 -1.656D-04  1.574D+00
 -1.765D-04  1.561D+00
 -1.818D-04  1.595D+00
 -1.943D-04  1.574D+00
 -1.974D-04  1.624D+00
 -2.122D-04  1.588D+00
 -2.117D-04  1.662D+00
 -2.302D-04  1.606D+00
 -2.237D-04  1.716D+00
 -2.479D-04  1.627D+00
 -2.319D-04  1.792D+00
 -2.652D-04  1.650D+00
 -2.340D-04  1.905D+00
 -2.818D-04  1.677D+00
 -2.263D-04  2.086D+00
 -2.977D-04  1.708D+00
 -2.021D-04  2.409D+00
 -3.126D-04  1.743D+00
 -1.478D-04  3.145D+00
 -3.264D-04  1.781D+00
 -8.268D-05  4.189D+00
 -3.394D-04  1.821D+00
 -1.723D-04  9.102D-01
 -3.521D-04  1.861D+00
 -8.616D-04 -2.196D+00
 -3.664D-04  1.891D+00
 -4.682D-06  6.403D-01
 -3.179D-06  1.466D-01
 -1.378D-06 -2.121D+00
 -6.795D-07  4.210D+00
 -3.113D-06  2.292D+00
 -5.796D-06  1.928D+00
 -8.766D-06  1.771D+00
 -1.203D-05  1.684D+00
 -1.557D-05  1.630D+00
 -1.940D-05  1.594D+00
 -2.352D-05  1.568D+00
 -2.791D-05  1.548D+00
 -3.258D-05  1.534D+00
 -3.752D-05  1.523D+00
 -4.273D-05  1.514D+00
 -4.821D-05  1.507D+00
 -5.393D-05  1.502D+00
 -5.994D-05  1.498D+00
 -6.615D-05  1.495D+00
 -7.267D-05  1.492D+00
 -7.933D-05  1.492D+00
 -8.635D-05  1.490D+00
 -9.340D-05  1.492D+00
 -1.009D-04  1.490D+00
 -1.083D-04  1.494D+00
 -1.163D-04  1.492D+00
 -1.239D-04  1.498D+00
 -1.325D-04  1.495D+00
 -1.400D-04  1.506D+00
 -1.493D-04  1.501D+00
 -1.566D-04  1.516D+00
 -1.666D-04  1.508D+00
 -1.733D-04  1.531D+00
 -1.845D-04  1.517D+00
 -1.898D-04  1.551D+00
 -2.026D-04  1.528D+00
 -2.057D-04  1.577D+00
 -2.209D-04  1.542D+00
 -2.203D-04  1.613D+00
 -2.392D-04  1.557D+00
 -2.327D-04  1.662D+00
 -2.574D-04  1.575D+00
 -2.414D-04  1.733D+00
 -2.751D-04  1.596D+00
 -2.443D-04  1.837D+00
 -2.924D-04  1.620D+00
 -2.378D-04  2.002D+00
 -3.090D-04  1.647D+00
 -2.154D-04  2.291D+00
 -3.247D-04  1.677D+00
 -1.644D-04  2.922D+00
 -3.395D-04  1.711D+00
 -8.651D-05  4.219D+00
 -3.535D-04  1.745D+00
 -1.551D-04  1.339D+00
 -3.673D-04  1.779D+00
 -8.032D-04 -2.282D+00
 -3.829D-04  1.804D+00
 -4.466D-06  6.401D-01
 -2.987D-06  1.470D-01
 -1.219D-06 -2.238D+00
 -8.281D-07  3.689D+00
 -3.206D-06  2.182D+00
 -5.845D-06  1.857D+00
 -8.770D-06  1.714D+00
 -1.198D-05  1.635D+00
 -1.547D-05  1.585D+00
 -1.925D-05  1.551D+00
 -2.330D-05  1.526D+00
 -2.763D-05  1.508D+00
 -3.223D-05  1.495D+00
 -3.711D-05  1.484D+00
 -4.225D-05  1.476D+00
 -4.765D-05  1.470D+00
 -5.332D-05  1.464D+00
 -5.922D-05  1.460D+00
 -6.540D-05  1.457D+00
 -7.178D-05  1.455D+00
 -7.846D-05  1.453D+00
 -8.527D-05  1.453D+00
 -9.246D-05  1.451D+00
 -9.964D-05  1.453D+00
 -1.073D-04  1.451D+00
 -1.148D-04  1.455D+00
 -1.230D-04  1.453D+00
 -1.307D-04  1.460D+00
 -1.394D-04  1.456D+00
 -1.471D-04  1.467D+00
 -1.565D-04  1.461D+00
 -1.638D-04  1.477D+00
 -1.741D-04  1.468D+00
 -1.808D-04  1.490D+00
 -1.922D-04  1.476D+00
 -1.975D-04  1.508D+00
 -2.106D-04  1.486D+00
 -2.137D-04  1.533D+00
 -2.292D-04  1.497D+00
 -2.286D-04  1.566D+00
 -2.479D-04  1.511D+00
 -2.413D-04  1.612D+00
 -2.664D-04  1.527D+00
 -2.506D-04  1.677D+00
 -2.846D-04  1.546D+00
 -2.542D-04  1.774D+00
 -3.024D-04  1.567D+00
 -2.487D-04  1.924D+00
 -3.196D-04  1.591D+00
 -2.279D-04  2.185D+00
 -3.360D-04  1.617D+00
 -1.800D-04  2.736D+00
 -3.516D-04  1.646D+00
 -9.134D-05  4.211D+00
 -3.666D-04  1.676D+00
 -1.410D-04  1.746D+00
 -3.815D-04  1.704D+00
 -7.475D-04 -2.376D+00
 -3.980D-04  1.725D+00
 -4.264D-06  6.400D-01
 -2.810D-06  1.480D-01
 -1.039D-06 -1.935D+00
 -9.508D-07  3.323D+00
 -3.279D-06  2.085D+00
 -5.875D-06  1.793D+00
 -8.751D-06  1.662D+00
 -1.191D-05  1.588D+00
 -1.535D-05  1.542D+00
 -1.906D-05  1.510D+00
 -2.305D-05  1.488D+00
 -2.731D-05  1.471D+00
 -3.184D-05  1.458D+00
 -3.664D-05  1.448D+00
 -4.171D-05  1.440D+00
 -4.703D-05  1.434D+00
 -5.261D-05  1.429D+00
 -5.845D-05  1.425D+00
 -6.452D-05  1.422D+00
 -7.087D-05  1.419D+00
 -7.739D-05  1.418D+00
 -8.424D-05  1.416D+00
 -9.118D-05  1.416D+00
 -9.852D-05  1.414D+00
 -1.058D-04  1.417D+00
 -1.137D-04  1.415D+00
 -1.212D-04  1.419D+00
 -1.296D-04  1.416D+00
 -1.373D-04  1.423D+00
 -1.462D-04  1.419D+00
 -1.539D-04  1.430D+00
 -1.635D-04  1.424D+00
 -1.709D-04  1.439D+00
 -1.814D-04  1.429D+00
 -1.880D-04  1.451D+00
 -1.997D-04  1.437D+00
 -2.050D-04  1.468D+00
 -2.184D-04  1.445D+00
 -2.214D-04  1.491D+00
 -2.372D-04  1.456D+00
 -2.365D-04  1.522D+00
 -2.561D-04  1.468D+00
 -2.496D-04  1.565D+00
 -2.750D-04  1.482D+00
 -2.593D-04  1.626D+00
 -2.936D-04  1.498D+00
 -2.635D-04  1.715D+00
 -3.118D-04  1.517D+00
 -2.590D-04  1.853D+00
 -3.295D-04  1.538D+00
 -2.398D-04  2.090D+00
 -3.466D-04  1.561D+00
 -1.947D-04  2.576D+00
 -3.629D-04  1.586D+00
 -9.294D-05  4.288D+00
 -3.787D-04  1.611D+00
 -1.264D-04  2.145D+00
 -3.945D-04  1.636D+00
 -6.947D-04 -2.480D+00
 -4.119D-04  1.653D+00
 -4.074D-06  6.399D-01
 -2.645D-06  1.496D-01
 -8.867D-07 -1.693D+00
 -1.054D-06  3.044D+00
 -3.336D-06  1.998D+00
 -5.886D-06  1.734D+00
 -8.712D-06  1.613D+00
 -1.182D-05  1.545D+00
 -1.519D-05  1.502D+00
 -1.884D-05  1.473D+00
 -2.277D-05  1.451D+00
 -2.696D-05  1.435D+00
 -3.142D-05  1.423D+00
 -3.614D-05  1.414D+00
 -4.112D-05  1.406D+00
 -4.636D-05  1.400D+00
 -5.186D-05  1.395D+00
 -5.760D-05  1.391D+00
 -6.361D-05  1.388D+00
 -6.982D-05  1.386D+00
 -7.632D-05  1.383D+00
 -8.298D-05  1.383D+00
 -8.997D-05  1.381D+00
 -9.703D-05  1.382D+00
 -1.045D-04  1.380D+00
 -1.119D-04  1.382D+00
 -1.199D-04  1.380D+00
 -1.275D-04  1.384D+00
 -1.360D-04  1.382D+00
 -1.438D-04  1.388D+00
 -1.529D-04  1.384D+00
 -1.606D-04  1.394D+00
 -1.704D-04  1.388D+00
 -1.778D-04  1.403D+00
 -1.884D-04  1.393D+00
 -1.951D-04  1.414D+00
 -2.069D-04  1.399D+00
 -2.122D-04  1.430D+00
 -2.258D-04  1.407D+00
 -2.287D-04  1.451D+00
 -2.449D-04  1.416D+00
 -2.441D-04  1.480D+00
 -2.640D-04  1.427D+00
 -2.575D-04  1.520D+00
 -2.832D-04  1.439D+00
 -2.675D-04  1.577D+00
 -3.021D-04  1.453D+00
 -2.724D-04  1.659D+00
 -3.207D-04  1.470D+00
 -2.687D-04  1.787D+00
 -3.389D-04  1.488D+00
 -2.511D-04  2.003D+00
 -3.564D-04  1.508D+00
 -2.085D-04  2.436D+00
 -3.734D-04  1.530D+00
 -1.141D-04  3.793D+00
 -3.900D-04  1.552D+00
 -1.162D-04  2.500D+00
 -4.065D-04  1.573D+00
 -6.451D-04 -2.593D+00
 -4.247D-04  1.587D+00
 -3.895D-06  6.397D-01
 -2.492D-06  1.517D-01
 -7.570D-07 -1.499D+00
 -1.142D-06  2.821D+00
 -3.379D-06  1.919D+00
 -5.881D-06  1.679D+00
 -8.657D-06  1.568D+00
 -1.170D-05  1.505D+00
 -1.502D-05  1.465D+00
 -1.861D-05  1.437D+00
 -2.246D-05  1.417D+00
 -2.658D-05  1.402D+00
 -3.096D-05  1.390D+00
 -3.560D-05  1.381D+00
 -4.050D-05  1.374D+00
 -4.565D-05  1.368D+00
 -5.105D-05  1.364D+00
 -5.672D-05  1.360D+00
 -6.260D-05  1.357D+00
 -6.876D-05  1.354D+00
 -7.511D-05  1.352D+00
 -8.175D-05  1.350D+00
 -8.853D-05  1.350D+00
 -9.564D-05  1.348D+00
 -1.028D-04  1.349D+00
 -1.104D-04  1.347D+00
 -1.179D-04  1.349D+00
 -1.260D-04  1.347D+00
 -1.337D-04  1.351D+00
 -1.423D-04  1.348D+00
 -1.502D-04  1.355D+00
 -1.594D-04  1.351D+00
 -1.671D-04  1.361D+00
 -1.770D-04  1.354D+00
 -1.844D-04  1.368D+00
 -1.953D-04  1.358D+00
 -2.019D-04  1.379D+00
 -2.139D-04  1.364D+00
 -2.191D-04  1.394D+00
 -2.329D-04  1.370D+00
 -2.358D-04  1.414D+00
 -2.522D-04  1.378D+00
 -2.514D-04  1.441D+00
 -2.715D-04  1.387D+00
 -2.650D-04  1.478D+00
 -2.909D-04  1.398D+00
 -2.754D-04  1.530D+00
 -3.101D-04  1.411D+00
 -2.807D-04  1.607D+00
 -3.290D-04  1.425D+00
 -2.780D-04  1.726D+00
 -3.476D-04  1.441D+00
 -2.617D-04  1.924D+00
 -3.656D-04  1.458D+00
 -2.216D-04  2.313D+00
 -3.832D-04  1.477D+00
 -1.330D-04  3.436D+00
 -4.003D-04  1.496D+00
 -1.099D-04  2.817D+00
 -4.176D-04  1.514D+00
 -5.815D-04 -2.360D+00
 -4.363D-04  1.526D+00
 -3.726D-06  6.396D-01
 -2.350D-06  1.544D-01
 -6.450D-07 -1.150D+00
 -1.216D-06  2.636D+00
 -3.408D-06  1.848D+00
 -5.863D-06  1.628D+00
 -8.586D-06  1.526D+00
 -1.158D-05  1.467D+00
 -1.483D-05  1.429D+00
 -1.835D-05  1.403D+00
 -2.213D-05  1.384D+00
 -2.617D-05  1.370D+00
 -3.048D-05  1.359D+00
 -3.503D-05  1.351D+00
 -3.985D-05  1.344D+00
 -4.491D-05  1.338D+00
 -5.022D-05  1.333D+00
 -5.577D-05  1.330D+00
 -6.158D-05  1.326D+00
 -6.760D-05  1.324D+00
 -7.389D-05  1.322D+00
 -8.036D-05  1.320D+00
 -8.713D-05  1.318D+00
 -9.402D-05  1.318D+00
 -1.013D-04  1.317D+00
 -1.085D-04  1.318D+00
 -1.162D-04  1.316D+00
 -1.238D-04  1.318D+00
 -1.320D-04  1.316D+00
 -1.398D-04  1.320D+00
 -1.485D-04  1.317D+00
 -1.564D-04  1.323D+00
 -1.657D-04  1.318D+00
 -1.734D-04  1.328D+00
 -1.835D-04  1.321D+00
 -1.909D-04  1.336D+00
 -2.018D-04  1.325D+00
 -2.084D-04  1.346D+00
 -2.206D-04  1.329D+00
 -2.258D-04  1.359D+00
 -2.398D-04  1.335D+00
 -2.426D-04  1.378D+00
 -2.592D-04  1.342D+00
 -2.583D-04  1.403D+00
 -2.787D-04  1.350D+00
 -2.721D-04  1.437D+00
 -2.982D-04  1.360D+00
 -2.828D-04  1.486D+00
 -3.176D-04  1.370D+00
 -2.887D-04  1.558D+00
 -3.368D-04  1.383D+00
 -2.867D-04  1.668D+00
 -3.557D-04  1.397D+00
 -2.717D-04  1.851D+00
 -3.741D-04  1.412D+00
 -2.339D-04  2.202D+00
 -3.922D-04  1.428D+00
 -1.503D-04  3.157D+00
 -4.098D-04  1.445D+00
 -1.013D-04  3.165D+00
 -4.277D-04  1.460D+00
 -5.246D-04 -2.170D+00
 -4.470D-04  1.469D+00
 -3.567D-06  6.394D-01
 -2.218D-06  1.576D-01
 -5.459D-07 -7.390D-01
 -1.279D-06  2.480D+00
 -3.426D-06  1.783D+00
 -5.833D-06  1.581D+00
 -8.502D-06  1.486D+00
 -1.143D-05  1.431D+00
 -1.463D-05  1.396D+00
 -1.808D-05  1.371D+00
 -2.179D-05  1.354D+00
 -2.575D-05  1.340D+00
 -2.997D-05  1.330D+00
 -3.444D-05  1.321D+00
 -3.917D-05  1.315D+00
 -4.414D-05  1.309D+00
 -4.935D-05  1.305D+00
 -5.481D-05  1.301D+00
 -6.050D-05  1.298D+00
 -6.644D-05  1.295D+00
 -7.259D-05  1.293D+00
 -7.900D-05  1.291D+00
 -8.558D-05  1.290D+00
 -9.246D-05  1.288D+00
 -9.944D-05  1.288D+00
 -1.068D-04  1.287D+00
 -1.141D-04  1.288D+00
 -1.219D-04  1.286D+00
 -1.295D-04  1.288D+00
 -1.378D-04  1.286D+00
 -1.457D-04  1.290D+00
 -1.545D-04  1.286D+00
 -1.624D-04  1.293D+00
 -1.718D-04  1.288D+00
 -1.796D-04  1.297D+00
 -1.897D-04  1.290D+00
 -1.971D-04  1.304D+00
 -2.082D-04  1.293D+00
 -2.147D-04  1.313D+00
 -2.270D-04  1.297D+00
 -2.321D-04  1.326D+00
 -2.463D-04  1.302D+00
 -2.490D-04  1.343D+00
 -2.658D-04  1.307D+00
 -2.648D-04  1.366D+00
 -2.854D-04  1.314D+00
 -2.788D-04  1.399D+00
 -3.051D-04  1.323D+00
 -2.898D-04  1.445D+00
 -3.247D-04  1.332D+00
 -2.961D-04  1.512D+00
 -3.441D-04  1.343D+00
 -2.948D-04  1.614D+00
 -3.633D-04  1.355D+00
 -2.811D-04  1.782D+00
 -3.820D-04  1.368D+00
 -2.454D-04  2.102D+00
 -4.004D-04  1.382D+00
 -1.663D-04  2.929D+00
 -4.186D-04  1.396D+00
 -9.485D-05  3.467D+00
 -4.369D-04  1.408D+00
 -4.732D-04 -2.011D+00
 -4.566D-04  1.416D+00
 -3.416D-06  6.392D-01
 -2.095D-06  1.614D-01
 -4.615D-07 -3.787D-01
 -1.331D-06  2.345D+00
 -3.434D-06  1.723D+00
 -5.792D-06  1.537D+00
 -8.407D-06  1.449D+00
 -1.128D-05  1.397D+00
 -1.441D-05  1.364D+00
 -1.779D-05  1.341D+00
 -2.143D-05  1.324D+00
 -2.531D-05  1.311D+00
 -2.945D-05  1.301D+00
 -3.384D-05  1.294D+00
 -3.847D-05  1.287D+00
 -4.334D-05  1.282D+00
 -4.846D-05  1.278D+00
 -5.381D-05  1.274D+00
 -5.941D-05  1.271D+00
 -6.522D-05  1.268D+00
 -7.128D-05  1.266D+00
 -7.754D-05  1.264D+00
 -8.407D-05  1.262D+00
 -9.074D-05  1.262D+00
 -9.772D-05  1.260D+00
 -1.048D-04  1.260D+00
 -1.122D-04  1.258D+00
 -1.196D-04  1.259D+00
 -1.275D-04  1.257D+00
 -1.352D-04  1.259D+00
 -1.436D-04  1.257D+00
 -1.514D-04  1.261D+00
 -1.603D-04  1.257D+00
 -1.682D-04  1.263D+00
 -1.777D-04  1.258D+00
 -1.855D-04  1.268D+00
 -1.957D-04  1.260D+00
 -2.030D-04  1.274D+00
 -2.143D-04  1.262D+00
 -2.207D-04  1.282D+00
 -2.332D-04  1.265D+00
 -2.382D-04  1.294D+00
 -2.525D-04  1.269D+00
 -2.552D-04  1.310D+00
 -2.721D-04  1.274D+00
 -2.711D-04  1.331D+00
 -2.918D-04  1.280D+00
 -2.852D-04  1.362D+00
 -3.116D-04  1.287D+00
 -2.965D-04  1.405D+00
 -3.313D-04  1.295D+00
 -3.031D-04  1.467D+00
 -3.509D-04  1.304D+00
 -3.025D-04  1.563D+00
 -3.703D-04  1.315D+00
 -2.899D-04  1.719D+00
 -3.893D-04  1.326D+00
 -2.562D-04  2.011D+00
 -4.080D-04  1.338D+00
 -1.812D-04  2.738D+00
 -4.265D-04  1.350D+00
 -9.442D-05  3.630D+00
 -4.452D-04  1.360D+00
 -4.262D-04 -1.877D+00
 -4.653D-04  1.366D+00
 -3.275D-06  6.390D-01
 -1.980D-06  1.657D-01
 -3.944D-07  1.294D-02
 -1.375D-06  2.226D+00
 -3.433D-06  1.668D+00
 -5.742D-06  1.496D+00
 -8.303D-06  1.413D+00
 -1.112D-05  1.365D+00
 -1.418D-05  1.334D+00
 -1.749D-05  1.312D+00
 -2.106D-05  1.296D+00
 -2.487D-05  1.284D+00
 -2.892D-05  1.275D+00
 -3.322D-05  1.267D+00
 -3.775D-05  1.261D+00
 -4.253D-05  1.256D+00
 -4.755D-05  1.252D+00
 -5.280D-05  1.248D+00
 -5.828D-05  1.245D+00
 -6.400D-05  1.242D+00
 -6.992D-05  1.240D+00
 -7.610D-05  1.238D+00
 -8.245D-05  1.236D+00
 -8.908D-05  1.234D+00
 -9.584D-05  1.234D+00
 -1.029D-04  1.232D+00
 -1.100D-04  1.232D+00
 -1.176D-04  1.230D+00
 -1.250D-04  1.232D+00
 -1.330D-04  1.229D+00
 -1.407D-04  1.232D+00
 -1.491D-04  1.229D+00
 -1.570D-04  1.233D+00
 -1.660D-04  1.229D+00
 -1.739D-04  1.235D+00
 -1.835D-04  1.229D+00
 -1.912D-04  1.239D+00
 -2.015D-04  1.230D+00
 -2.088D-04  1.244D+00
 -2.201D-04  1.232D+00
 -2.265D-04  1.252D+00
 -2.391D-04  1.235D+00
 -2.440D-04  1.263D+00
 -2.584D-04  1.238D+00
 -2.610D-04  1.277D+00
 -2.781D-04  1.242D+00
 -2.770D-04  1.298D+00
 -2.978D-04  1.247D+00
 -2.912D-04  1.326D+00
 -3.177D-04  1.253D+00
 -3.027D-04  1.367D+00
 -3.375D-04  1.260D+00
 -3.097D-04  1.425D+00
 -3.572D-04  1.268D+00
 -3.097D-04  1.514D+00
 -3.767D-04  1.276D+00
 -2.981D-04  1.659D+00
 -3.960D-04  1.286D+00
 -2.664D-04  1.928D+00
 -4.150D-04  1.296D+00
 -1.952D-04  2.573D+00
 -4.338D-04  1.306D+00
 -9.092D-05  3.858D+00
 -4.528D-04  1.315D+00
 -3.842D-04 -1.653D+00
 -4.731D-04  1.319D+00
