 -6.035D-03  7.535D-01
 -3.300D-03  7.466D-01
 -6.515D-03  7.437D-01
 -1.903D-03  7.433D-01
 -4.190D-03  7.352D-01
 -6.490D-03  7.325D-01
 -1.337D-03  7.399D-01
 -2.418D-03  7.332D-01
 -4.742D-03  7.217D-01
 -6.315D-03  7.202D-01
 -9.921D-04  7.385D-01
 -1.765D-03  7.293D-01
 -2.699D-03  7.219D-01
 -5.140D-03  7.064D-01
 -6.086D-03  7.068D-01
 -7.815D-04  7.374D-01
 -1.319D-03  7.286D-01
 -2.042D-03  7.171D-01
 -2.863D-03  7.095D-01
 -5.445D-03  6.896D-01
 -5.839D-03  6.926D-01
 -6.355D-04  7.373D-01
 -1.053D-03  7.275D-01
 -1.526D-03  7.176D-01
 -2.245D-03  7.035D-01
 -2.957D-03  6.964D-01
 -5.684D-03  6.713D-01
 -5.589D-03  6.778D-01
 -5.317D-04  7.376D-01
 -8.609D-04  7.280D-01
 -1.235D-03  7.165D-01
 -1.672D-03  7.060D-01
 -2.403D-03  6.887D-01
 -3.005D-03  6.828D-01
 -5.871D-03  6.518D-01
 -5.343D-03  6.627D-01
 -4.535D-04  7.384D-01
 -7.250D-04  7.287D-01
 -1.013D-03  7.180D-01
 -1.372D-03  7.046D-01
 -1.776D-03  6.939D-01
 -2.528D-03  6.729D-01
 -3.019D-03  6.689D-01
 -6.014D-03  6.312D-01
 -5.105D-03  6.473D-01
 -3.933D-04  7.395D-01
 -6.209D-04  7.301D-01
 -8.586D-04  7.190D-01
 -1.126D-03  7.075D-01
 -1.478D-03  6.921D-01
 -1.850D-03  6.815D-01
 -2.630D-03  6.564D-01
 -3.010D-03  6.550D-01
 -6.119D-03  6.098D-01
 -4.877D-03  6.321D-01
 -3.455D-04  7.409D-01
 -5.407D-04  7.317D-01
 -7.374D-04  7.213D-01
 -9.605D-04  7.088D-01
 -1.212D-03  6.968D-01
 -1.564D-03  6.790D-01
 -1.902D-03  6.691D-01
 -2.712D-03  6.393D-01
 -2.982D-03  6.412D-01
 -6.192D-03  5.878D-01
 -4.659D-03  6.170D-01
 -3.069D-04  7.424D-01
 -4.765D-04  7.337D-01
 -6.447D-04  7.234D-01
 -8.265D-04  7.122D-01
 -1.042D-03  6.983D-01
 -1.279D-03  6.861D-01
 -1.634D-03  6.655D-01
 -1.937D-03  6.570D-01
 -2.778D-03  6.218D-01
 -2.942D-03  6.277D-01
 -6.235D-03  5.652D-01
 -4.451D-03  6.024D-01
 -2.751D-04  7.440D-01
 -4.245D-04  7.357D-01
 -5.696D-04  7.262D-01
 -7.254D-04  7.149D-01
 -8.971D-04  7.032D-01
 -1.108D-03  6.877D-01
 -1.332D-03  6.756D-01
 -1.691D-03  6.519D-01
 -1.957D-03  6.452D-01
 -2.829D-03  6.041D-01
 -2.892D-03  6.147D-01
 -6.254D-03  5.424D-01
 -4.254D-03  5.884D-01
 -2.485D-04  7.457D-01
 -3.814D-04  7.380D-01
 -5.088D-04  7.289D-01
 -6.421D-04  7.186D-01
 -7.906D-04  7.064D-01
 -9.542D-04  6.942D-01
 -1.162D-03  6.770D-01
 -1.372D-03  6.654D-01
 -1.738D-03  6.382D-01
 -1.966D-03  6.339D-01
 -2.868D-03  5.862D-01
 -2.835D-03  6.024D-01
 -6.250D-03  5.193D-01
 -4.066D-03  5.751D-01
 -2.260D-04  7.475D-01
 -3.454D-04  7.402D-01
 -4.582D-04  7.318D-01
 -5.751D-04  7.220D-01
 -7.008D-04  7.112D-01
 -8.445D-04  6.979D-01
 -1.001D-03  6.856D-01
 -1.207D-03  6.664D-01
 -1.402D-03  6.558D-01
 -1.776D-03  6.247D-01
 -1.965D-03  6.233D-01
 -2.896D-03  5.684D-01
 -2.773D-03  5.909D-01
 -6.226D-03  4.962D-01
 -3.889D-03  5.628D-01
 -2.067D-04  7.492D-01
 -3.148D-04  7.426D-01
 -4.158D-04  7.347D-01
 -5.188D-04  7.257D-01
 -6.294D-04  7.151D-01
 -7.493D-04  7.040D-01
 -8.896D-04  6.896D-01
 -1.038D-03  6.775D-01
 -1.245D-03  6.561D-01
 -1.423D-03  6.468D-01
 -1.806D-03  6.113D-01
 -1.957D-03  6.135D-01
 -2.914D-03  5.508D-01
 -2.708D-03  5.803D-01
 -6.184D-03  4.732D-01
 -3.721D-03  5.514D-01
 -1.900D-04  7.509D-01
 -2.885D-04  7.448D-01
 -3.796D-04  7.376D-01
 -4.718D-04  7.292D-01
 -5.687D-04  7.198D-01
 -6.749D-04  7.085D-01
 -7.898D-04  6.972D-01
 -9.275D-04  6.816D-01
 -1.068D-03  6.699D-01
 -1.276D-03  6.460D-01
 -1.438D-03  6.385D-01
 -1.829D-03  5.982D-01
 -1.943D-03  6.045D-01
 -2.924D-03  5.336D-01
 -2.640D-03  5.707D-01
 -6.127D-03  4.504D-01
 -3.562D-03  5.412D-01
 -1.755D-04  7.525D-01
 -2.657D-04  7.470D-01
 -3.486D-04  7.404D-01
 -4.314D-04  7.328D-01
 -5.182D-04  7.239D-01
 -6.105D-04  7.142D-01
 -7.134D-04  7.022D-01
 -8.236D-04  6.910D-01
 -9.596D-04  6.739D-01
 -1.093D-03  6.630D-01
 -1.302D-03  6.364D-01
 -1.446D-03  6.310D-01
 -1.847D-03  5.856D-01
 -1.924D-03  5.966D-01
 -2.925D-03  5.167D-01
 -2.572D-03  5.622D-01
 -6.057D-03  4.280D-01
 -3.412D-03  5.322D-01
 -1.628D-04  7.541D-01
 -2.459D-04  7.491D-01
 -3.216D-04  7.432D-01
 -3.968D-04  7.362D-01
 -4.745D-04  7.283D-01
 -5.574D-04  7.189D-01
 -6.460D-04  7.091D-01
 -7.463D-04  6.963D-01
 -8.519D-04  6.852D-01
 -9.866D-04  6.667D-01
 -1.111D-03  6.568D-01
 -1.322D-03  6.272D-01
 -1.450D-03  6.244D-01
 -1.859D-03  5.734D-01
 -1.901D-03  5.896D-01
 -2.919D-03  5.003D-01
 -2.503D-03  5.548D-01
 -5.975D-03  4.059D-01
 -3.270D-03  5.244D-01
 -1.515D-04  7.556D-01
 -2.284D-04  7.511D-01
 -2.980D-04  7.458D-01
 -3.667D-04  7.395D-01
 -4.372D-04  7.322D-01
 -5.111D-04  7.241D-01
 -5.911D-04  7.142D-01
 -6.763D-04  7.044D-01
 -7.746D-04  6.908D-01
 -8.755D-04  6.802D-01
 -1.009D-03  6.599D-01
 -1.125D-03  6.514D-01
 -1.339D-03  6.185D-01
 -1.449D-03  6.188D-01
 -1.867D-03  5.617D-01
 -1.875D-03  5.836D-01
 -2.908D-03  4.844D-01
 -2.435D-03  5.486D-01
 -5.884D-03  3.844D-01
 -3.137D-03  5.179D-01
 -1.415D-04  7.571D-01
 -2.129D-04  7.530D-01
 -2.772D-04  7.482D-01
 -3.403D-04  7.426D-01
 -4.045D-04  7.361D-01
 -4.717D-04  7.285D-01
 -5.426D-04  7.203D-01
 -6.202D-04  7.100D-01
 -7.023D-04  7.002D-01
 -7.988D-04  6.858D-01
 -8.950D-04  6.757D-01
 -1.028D-03  6.537D-01
 -1.136D-03  6.468D-01
 -1.352D-03  6.103D-01
 -1.445D-03  6.140D-01
 -1.870D-03  5.506D-01
 -1.846D-03  5.787D-01
 -2.890D-03  4.692D-01
 -2.368D-03  5.435D-01
 -5.784D-03  3.635D-01
 -3.010D-03  5.127D-01
 -1.325D-04  7.584D-01
 -1.991D-04  7.548D-01
 -2.588D-04  7.505D-01
 -3.170D-04  7.455D-01
 -3.760D-04  7.396D-01
 -4.370D-04  7.330D-01
 -5.016D-04  7.251D-01
 -5.699D-04  7.169D-01
 -6.455D-04  7.061D-01
 -7.245D-04  6.967D-01
 -8.196D-04  6.812D-01
 -9.109D-04  6.720D-01
 -1.044D-03  6.479D-01
 -1.143D-03  6.430D-01
 -1.361D-03  6.026D-01
 -1.437D-03  6.101D-01
 -1.870D-03  5.401D-01
 -1.816D-03  5.748D-01
 -2.868D-03  4.547D-01
 -2.302D-03  5.395D-01
 -5.678D-03  3.432D-01
 -2.891D-03  5.087D-01
 -1.244D-04  7.596D-01
 -1.867D-04  7.564D-01
 -2.423D-04  7.526D-01
 -2.963D-04  7.482D-01
 -3.506D-04  7.430D-01
 -4.067D-04  7.370D-01
 -4.652D-04  7.303D-01
 -5.277D-04  7.222D-01
 -5.936D-04  7.140D-01
 -6.675D-04  7.027D-01
 -7.434D-04  6.936D-01
 -8.374D-04  6.771D-01
 -9.238D-04  6.689D-01
 -1.057D-03  6.426D-01
 -1.147D-03  6.399D-01
 -1.368D-03  5.955D-01
 -1.428D-03  6.071D-01
 -1.867D-03  5.302D-01
 -1.785D-03  5.720D-01
 -2.841D-03  4.409D-01
 -2.237D-03  5.367D-01
 -5.566D-03  3.237D-01
 -2.779D-03  5.059D-01
 -1.171D-04  7.607D-01
 -1.756D-04  7.579D-01
 -2.276D-04  7.546D-01
 -2.778D-04  7.507D-01
 -3.282D-04  7.461D-01
 -3.798D-04  7.408D-01
 -4.336D-04  7.346D-01
 -4.899D-04  7.280D-01
 -5.506D-04  7.196D-01
 -6.143D-04  7.116D-01
 -6.867D-04  6.997D-01
 -7.596D-04  6.912D-01
 -8.526D-04  6.734D-01
 -9.339D-04  6.665D-01
 -1.068D-03  6.379D-01
 -1.148D-03  6.376D-01
 -1.372D-03  5.890D-01
 -1.416D-03  6.050D-01
 -1.861D-03  5.210D-01
 -1.753D-03  5.701D-01
 -2.811D-03  4.279D-01
 -2.174D-03  5.350D-01
 -5.450D-03  3.049D-01
 -2.674D-03  5.044D-01
 -1.105D-04  7.617D-01
 -1.655D-04  7.592D-01
 -2.143D-04  7.563D-01
 -2.612D-04  7.529D-01
 -3.080D-04  7.489D-01
 -3.559D-04  7.442D-01
 -4.053D-04  7.390D-01
 -4.572D-04  7.326D-01
 -5.117D-04  7.260D-01
 -5.709D-04  7.173D-01
 -6.324D-04  7.096D-01
 -7.035D-04  6.971D-01
 -7.732D-04  6.893D-01
 -8.655D-04  6.702D-01
 -9.417D-04  6.648D-01
 -1.076D-03  6.336D-01
 -1.148D-03  6.361D-01
 -1.374D-03  5.830D-01
 -1.403D-03  6.038D-01
 -1.852D-03  5.125D-01
 -1.721D-03  5.691D-01
 -2.778D-03  4.156D-01
 -2.114D-03  5.343D-01
 -5.331D-03  2.870D-01
 -2.575D-03  5.039D-01
 -1.045D-04  7.625D-01
 -1.564D-04  7.604D-01
 -2.022D-04  7.579D-01
 -2.462D-04  7.549D-01
 -2.900D-04  7.514D-01
 -3.344D-04  7.474D-01
 -3.802D-04  7.426D-01
 -4.278D-04  7.374D-01
 -4.782D-04  7.309D-01
 -5.309D-04  7.245D-01
 -5.887D-04  7.155D-01
 -6.481D-04  7.081D-01
 -7.181D-04  6.950D-01
 -7.847D-04  6.879D-01
 -8.765D-04  6.674D-01
 -9.475D-04  6.636D-01
 -1.082D-03  6.297D-01
 -1.145D-03  6.352D-01
 -1.374D-03  5.775D-01
 -1.388D-03  6.032D-01
 -1.841D-03  5.046D-01
 -1.688D-03  5.689D-01
 -2.742D-03  4.041D-01
 -2.055D-03  5.345D-01
 -5.209D-03  2.698D-01
 -2.481D-03  5.045D-01
 -9.902D-05  7.633D-01
 -1.480D-04  7.615D-01
 -1.913D-04  7.593D-01
 -2.326D-04  7.568D-01
 -2.736D-04  7.537D-01
 -3.151D-04  7.502D-01
 -3.576D-04  7.462D-01
 -4.018D-04  7.413D-01
 -4.479D-04  7.362D-01
 -4.969D-04  7.296D-01
 -5.479D-04  7.233D-01
 -6.046D-04  7.140D-01
 -6.618D-04  7.071D-01
 -7.309D-04  6.931D-01
 -7.943D-04  6.871D-01
 -8.857D-04  6.650D-01
 -9.515D-04  6.630D-01
 -1.087D-03  6.263D-01
 -1.141D-03  6.349D-01
 -1.372D-03  5.725D-01
 -1.373D-03  6.034D-01
 -1.828D-03  4.973D-01
 -1.656D-03  5.696D-01
 -2.703D-03  3.934D-01
 -1.999D-03  5.356D-01
 -5.085D-03  2.535D-01
 -2.393D-03  5.061D-01
 -9.398D-05  7.639D-01
 -1.404D-04  7.624D-01
 -1.813D-04  7.605D-01
 -2.202D-04  7.584D-01
 -2.587D-04  7.558D-01
 -2.976D-04  7.527D-01
 -3.373D-04  7.492D-01
 -3.783D-04  7.452D-01
 -4.212D-04  7.403D-01
 -4.658D-04  7.353D-01
 -5.136D-04  7.285D-01
 -5.630D-04  7.225D-01
 -6.186D-04  7.127D-01
 -6.737D-04  7.064D-01
 -7.419D-04  6.916D-01
 -8.022D-04  6.866D-01
 -8.933D-04  6.629D-01
 -9.539D-04  6.629D-01
 -1.090D-03  6.233D-01
 -1.136D-03  6.352D-01
 -1.369D-03  5.681D-01
 -1.356D-03  6.042D-01
 -1.813D-03  4.907D-01
 -1.624D-03  5.709D-01
 -2.663D-03  3.835D-01
 -1.945D-03  5.375D-01
 -4.961D-03  2.381D-01
 -2.310D-03  5.085D-01
 -8.935D-05  7.644D-01
 -1.334D-04  7.631D-01
 -1.721D-04  7.616D-01
 -2.089D-04  7.597D-01
 -2.452D-04  7.575D-01
 -2.817D-04  7.549D-01
 -3.189D-04  7.519D-01
 -3.572D-04  7.484D-01
 -3.969D-04  7.445D-01
 -4.385D-04  7.395D-01
 -4.818D-04  7.346D-01
 -5.285D-04  7.277D-01
 -5.764D-04  7.220D-01
 -6.310D-04  7.118D-01
 -6.840D-04  7.061D-01
 -7.515D-04  6.903D-01
 -8.086D-04  6.866D-01
 -8.994D-04  6.611D-01
 -9.550D-04  6.632D-01
 -1.092D-03  6.206D-01
 -1.130D-03  6.360D-01
 -1.364D-03  5.641D-01
 -1.340D-03  6.056D-01
 -1.797D-03  4.846D-01
 -1.592D-03  5.729D-01
 -2.621D-03  3.743D-01
 -1.893D-03  5.401D-01
 -4.837D-03  2.236D-01
 -2.232D-03  5.117D-01
 -8.508D-05  7.648D-01
 -1.270D-04  7.637D-01
 -1.637D-04  7.625D-01
 -1.985D-04  7.609D-01
 -2.328D-04  7.591D-01
 -2.672D-04  7.569D-01
 -3.022D-04  7.543D-01
 -3.380D-04  7.514D-01
 -3.751D-04  7.478D-01
 -4.136D-04  7.439D-01
 -4.542D-04  7.389D-01
 -4.962D-04  7.342D-01
 -5.419D-04  7.270D-01
 -5.883D-04  7.218D-01
 -6.420D-04  7.110D-01
 -6.929D-04  7.061D-01
 -7.598D-04  6.893D-01
 -8.136D-04  6.869D-01
 -9.044D-04  6.596D-01
 -9.550D-04  6.639D-01
 -1.093D-03  6.183D-01
 -1.122D-03  6.373D-01
 -1.358D-03  5.605D-01
 -1.323D-03  6.074D-01
 -1.780D-03  4.792D-01
 -1.562D-03  5.754D-01
 -2.579D-03  3.659D-01
 -1.843D-03  5.433D-01
 -4.713D-03  2.099D-01
 -2.159D-03  5.155D-01
 -8.113D-05  7.651D-01
 -1.210D-04  7.642D-01
 -1.559D-04  7.632D-01
 -1.890D-04  7.619D-01
 -2.215D-04  7.604D-01
 -2.540D-04  7.585D-01
 -2.869D-04  7.564D-01
 -3.206D-04  7.538D-01
 -3.553D-04  7.509D-01
 -3.913D-04  7.473D-01
 -4.287D-04  7.436D-01
 -4.683D-04  7.385D-01
 -5.091D-04  7.341D-01
 -5.540D-04  7.266D-01
 -5.988D-04  7.218D-01
 -6.518D-04  7.105D-01
 -7.005D-04  7.064D-01
 -7.669D-04  6.885D-01
 -8.175D-04  6.875D-01
 -9.083D-04  6.583D-01
 -9.539D-04  6.650D-01
 -1.092D-03  6.163D-01
 -1.115D-03  6.389D-01
 -1.351D-03  5.573D-01
 -1.305D-03  6.097D-01
 -1.761D-03  4.742D-01
 -1.531D-03  5.784D-01
 -2.535D-03  3.582D-01
 -1.796D-03  5.470D-01
 -4.590D-03  1.971D-01
 -2.090D-03  5.199D-01
 -7.747D-05  7.652D-01
 -1.155D-04  7.646D-01
 -1.487D-04  7.637D-01
 -1.802D-04  7.627D-01
 -2.110D-04  7.614D-01
 -2.418D-04  7.599D-01
 -2.729D-04  7.581D-01
 -3.046D-04  7.560D-01
 -3.373D-04  7.535D-01
 -3.709D-04  7.507D-01
 -4.060D-04  7.470D-01
 -4.423D-04  7.435D-01
 -4.811D-04  7.383D-01
 -5.207D-04  7.341D-01
 -5.648D-04  7.263D-01
 -6.081D-04  7.220D-01
 -6.604D-04  7.101D-01
 -7.070D-04  7.068D-01
 -7.730D-04  6.879D-01
 -8.204D-04  6.883D-01
 -9.111D-04  6.572D-01
 -9.520D-04  6.663D-01
 -1.091D-03  6.145D-01
 -1.106D-03  6.408D-01
 -1.343D-03  5.545D-01
 -1.288D-03  6.123D-01
 -1.742D-03  4.698D-01
 -1.502D-03  5.818D-01
 -2.491D-03  3.512D-01
 -1.751D-03  5.511D-01
 -4.468D-03  1.852D-01
 -2.025D-03  5.247D-01
 -7.406D-05  7.653D-01
 -1.104D-04  7.648D-01
 -1.421D-04  7.641D-01
 -1.720D-04  7.633D-01
 -2.013D-04  7.623D-01
 -2.305D-04  7.610D-01
 -2.600D-04  7.596D-01
 -2.900D-04  7.578D-01
 -3.207D-04  7.558D-01
 -3.524D-04  7.532D-01
 -3.851D-04  7.505D-01
 -4.194D-04  7.469D-01
 -4.547D-04  7.435D-01
 -4.927D-04  7.381D-01
 -5.312D-04  7.342D-01
 -5.745D-04  7.261D-01
 -6.164D-04  7.223D-01
 -6.680D-04  7.098D-01
 -7.125D-04  7.075D-01
 -7.781D-04  6.873D-01
 -8.224D-04  6.894D-01
 -9.131D-04  6.563D-01
 -9.494D-04  6.678D-01
 -1.088D-03  6.129D-01
 -1.097D-03  6.430D-01
 -1.335D-03  5.519D-01
 -1.271D-03  6.152D-01
 -1.722D-03  4.659D-01
 -1.473D-03  5.854D-01
 -2.446D-03  3.448D-01
 -1.707D-03  5.556D-01
 -4.348D-03  1.741D-01
 -1.964D-03  5.299D-01
 -7.090D-05  7.652D-01
 -1.056D-04  7.648D-01
 -1.359D-04  7.643D-01
 -1.645D-04  7.637D-01
 -1.924D-04  7.629D-01
 -2.201D-04  7.620D-01
 -2.481D-04  7.608D-01
 -2.765D-04  7.594D-01
 -3.055D-04  7.576D-01
 -3.353D-04  7.556D-01
 -3.662D-04  7.531D-01
 -3.981D-04  7.505D-01
 -4.316D-04  7.468D-01
 -4.660D-04  7.436D-01
 -5.032D-04  7.380D-01
 -5.406D-04  7.345D-01
 -5.832D-04  7.260D-01
 -6.236D-04  7.228D-01
 -6.747D-04  7.095D-01
 -7.171D-04  7.083D-01
 -7.823D-04  6.869D-01
 -8.236D-04  6.905D-01
 -9.143D-04  6.554D-01
 -9.461D-04  6.695D-01
 -1.085D-03  6.115D-01
 -1.088D-03  6.453D-01
 -1.325D-03  5.497D-01
 -1.254D-03  6.182D-01
 -1.701D-03  4.624D-01
 -1.446D-03  5.893D-01
 -2.401D-03  3.391D-01
 -1.666D-03  5.603D-01
 -4.230D-03  1.638D-01
 -1.906D-03  5.354D-01
 -6.794D-05  7.651D-01
 -1.012D-04  7.648D-01
 -1.301D-04  7.644D-01
 -1.574D-04  7.640D-01
 -1.840D-04  7.634D-01
 -2.105D-04  7.626D-01
 -2.371D-04  7.617D-01
 -2.640D-04  7.605D-01
 -2.915D-04  7.592D-01
 -3.197D-04  7.574D-01
 -3.487D-04  7.556D-01
 -3.789D-04  7.530D-01
 -4.099D-04  7.505D-01
 -4.427D-04  7.467D-01
 -4.762D-04  7.437D-01
 -5.128D-04  7.380D-01
 -5.491D-04  7.348D-01
 -5.911D-04  7.259D-01
 -6.300D-04  7.233D-01
 -6.805D-04  7.093D-01
 -7.209D-04  7.091D-01
 -7.858D-04  6.864D-01
 -8.240D-04  6.918D-01
 -9.147D-04  6.547D-01
 -9.423D-04  6.713D-01
 -1.082D-03  6.103D-01
 -1.079D-03  6.477D-01
 -1.315D-03  5.477D-01
 -1.237D-03  6.214D-01
 -1.680D-03  4.593D-01
 -1.419D-03  5.933D-01
 -2.356D-03  3.340D-01
 -1.627D-03  5.651D-01
 -4.114D-03  1.543D-01
 -1.852D-03  5.410D-01
 -6.518D-05  7.648D-01
 -9.704D-05  7.647D-01
 -1.248D-04  7.644D-01
 -1.509D-04  7.641D-01
 -1.763D-04  7.636D-01
 -2.015D-04  7.631D-01
 -2.269D-04  7.624D-01
 -2.525D-04  7.615D-01
 -2.786D-04  7.604D-01
 -3.053D-04  7.591D-01
 -3.328D-04  7.573D-01
 -3.610D-04  7.555D-01
 -3.905D-04  7.529D-01
 -4.208D-04  7.506D-01
 -4.529D-04  7.466D-01
 -4.856D-04  7.439D-01
 -5.215D-04  7.379D-01
 -5.567D-04  7.351D-01
 -5.981D-04  7.258D-01
 -6.355D-04  7.239D-01
 -6.856D-04  7.091D-01
 -7.239D-04  7.100D-01
 -7.886D-04  6.860D-01
 -8.239D-04  6.931D-01
 -9.146D-04  6.539D-01
 -9.380D-04  6.731D-01
 -1.077D-03  6.091D-01
 -1.069D-03  6.501D-01
 -1.305D-03  5.459D-01
 -1.220D-03  6.246D-01
 -1.659D-03  4.565D-01
 -1.393D-03  5.973D-01
 -2.312D-03  3.294D-01
 -1.589D-03  5.700D-01
 -4.000D-03  1.456D-01
 -1.800D-03  5.468D-01
 -6.260D-05  7.645D-01
 -9.317D-05  7.644D-01
 -1.197D-04  7.642D-01
 -1.448D-04  7.640D-01
 -1.691D-04  7.637D-01
 -1.932D-04  7.634D-01
 -2.173D-04  7.628D-01
 -2.418D-04  7.622D-01
 -2.666D-04  7.613D-01
 -2.920D-04  7.602D-01
 -3.179D-04  7.590D-01
 -3.448D-04  7.572D-01
 -3.723D-04  7.555D-01
 -4.012D-04  7.528D-01
 -4.307D-04  7.506D-01
 -4.623D-04  7.466D-01
 -4.941D-04  7.441D-01
 -5.294D-04  7.378D-01
 -5.635D-04  7.354D-01
 -6.044D-04  7.256D-01
 -6.404D-04  7.245D-01
 -6.900D-04  7.088D-01
 -7.263D-04  7.108D-01
 -7.907D-04  6.855D-01
 -8.232D-04  6.943D-01
 -9.138D-04  6.532D-01
 -9.333D-04  6.749D-01
 -1.073D-03  6.080D-01
 -1.059D-03  6.526D-01
 -1.294D-03  5.443D-01
 -1.203D-03  6.278D-01
 -1.637D-03  4.541D-01
 -1.368D-03  6.014D-01
 -2.267D-03  3.254D-01
 -1.553D-03  5.750D-01
 -3.889D-03  1.376D-01
 -1.752D-03  5.525D-01
 -6.017D-05  7.640D-01
 -8.953D-05  7.640D-01
 -1.150D-04  7.640D-01
 -1.390D-04  7.639D-01
 -1.623D-04  7.637D-01
 -1.854D-04  7.634D-01
 -2.085D-04  7.631D-01
 -2.318D-04  7.626D-01
 -2.554D-04  7.619D-01
 -2.795D-04  7.611D-01
 -3.043D-04  7.600D-01
 -3.296D-04  7.588D-01
 -3.558D-04  7.571D-01
 -3.828D-04  7.554D-01
 -4.110D-04  7.527D-01
 -4.398D-04  7.506D-01
 -4.708D-04  7.464D-01
 -5.018D-04  7.442D-01
 -5.365D-04  7.376D-01
 -5.696D-04  7.357D-01
 -6.100D-04  7.254D-01
 -6.446D-04  7.250D-01
 -6.938D-04  7.084D-01
 -7.281D-04  7.116D-01
 -7.923D-04  6.850D-01
 -8.221D-04  6.956D-01
 -9.125D-04  6.525D-01
 -9.284D-04  6.766D-01
 -1.067D-03  6.070D-01
 -1.049D-03  6.550D-01
 -1.283D-03  5.429D-01
 -1.187D-03  6.309D-01
 -1.615D-03  4.519D-01
 -1.344D-03  6.053D-01
 -2.223D-03  3.218D-01
 -1.519D-03  5.798D-01
 -3.781D-03  1.303D-01
 -1.706D-03  5.581D-01
 -5.789D-05  7.635D-01
 -8.612D-05  7.635D-01
 -1.106D-04  7.635D-01
 -1.336D-04  7.635D-01
 -1.560D-04  7.635D-01
 -1.781D-04  7.633D-01
 -2.002D-04  7.631D-01
 -2.225D-04  7.628D-01
 -2.450D-04  7.623D-01
 -2.680D-04  7.617D-01
 -2.915D-04  7.609D-01
 -3.156D-04  7.598D-01
 -3.404D-04  7.587D-01
 -3.661D-04  7.569D-01
 -3.924D-04  7.553D-01
 -4.201D-04  7.525D-01
 -4.482D-04  7.506D-01
 -4.787D-04  7.462D-01
 -5.088D-04  7.442D-01
 -5.431D-04  7.373D-01
 -5.751D-04  7.359D-01
 -6.150D-04  7.250D-01
 -6.481D-04  7.254D-01
 -6.971D-04  7.080D-01
 -7.294D-04  7.124D-01
 -7.933D-04  6.844D-01
 -8.205D-04  6.967D-01
 -9.108D-04  6.517D-01
 -9.231D-04  6.783D-01
 -1.062D-03  6.059D-01
 -1.039D-03  6.573D-01
 -1.271D-03  5.415D-01
 -1.171D-03  6.340D-01
 -1.594D-03  4.500D-01
 -1.320D-03  6.092D-01
 -2.180D-03  3.186D-01
 -1.486D-03  5.845D-01
 -3.675D-03  1.237D-01
 -1.663D-03  5.636D-01
 -5.574D-05  7.628D-01
 -8.291D-05  7.629D-01
 -1.065D-04  7.630D-01
 -1.286D-04  7.631D-01
 -1.501D-04  7.631D-01
 -1.713D-04  7.631D-01
 -1.924D-04  7.630D-01
 -2.137D-04  7.628D-01
 -2.353D-04  7.625D-01
 -2.573D-04  7.621D-01
 -2.797D-04  7.614D-01
 -3.026D-04  7.607D-01
 -3.262D-04  7.596D-01
 -3.504D-04  7.585D-01
 -3.755D-04  7.566D-01
 -4.012D-04  7.551D-01
 -4.284D-04  7.522D-01
 -4.559D-04  7.505D-01
 -4.859D-04  7.459D-01
 -5.152D-04  7.442D-01
 -5.490D-04  7.370D-01
 -5.799D-04  7.360D-01
 -6.194D-04  7.245D-01
 -6.512D-04  7.257D-01
 -6.998D-04  7.074D-01
 -7.302D-04  7.130D-01
 -7.939D-04  6.837D-01
 -8.185D-04  6.977D-01
 -9.086D-04  6.508D-01
 -9.177D-04  6.798D-01
 -1.056D-03  6.049D-01
 -1.030D-03  6.594D-01
 -1.259D-03  5.402D-01
 -1.156D-03  6.368D-01
 -1.572D-03  4.483D-01
 -1.298D-03  6.129D-01
 -2.137D-03  3.159D-01
 -1.455D-03  5.890D-01
 -3.573D-03  1.177D-01
 -1.622D-03  5.689D-01
 -5.372D-05  7.621D-01
 -7.989D-05  7.623D-01
 -1.026D-04  7.624D-01
 -1.239D-04  7.625D-01
 -1.445D-04  7.626D-01
 -1.648D-04  7.627D-01
 -1.851D-04  7.627D-01
 -2.056D-04  7.626D-01
 -2.262D-04  7.624D-01
 -2.472D-04  7.621D-01
 -2.686D-04  7.617D-01
 -2.905D-04  7.611D-01
 -3.129D-04  7.604D-01
 -3.360D-04  7.592D-01
 -3.596D-04  7.582D-01
 -3.843D-04  7.562D-01
 -4.094D-04  7.549D-01
 -4.362D-04  7.518D-01
 -4.630D-04  7.502D-01
 -4.925D-04  7.454D-01
 -5.210D-04  7.440D-01
 -5.543D-04  7.364D-01
 -5.842D-04  7.360D-01
 -6.233D-04  7.239D-01
 -6.537D-04  7.258D-01
 -7.020D-04  7.066D-01
 -7.306D-04  7.134D-01
 -7.941D-04  6.828D-01
 -8.162D-04  6.985D-01
 -9.061D-04  6.498D-01
 -9.121D-04  6.811D-01
 -1.050D-03  6.037D-01
 -1.020D-03  6.613D-01
 -1.247D-03  5.389D-01
 -1.141D-03  6.395D-01
 -1.550D-03  4.468D-01
 -1.276D-03  6.164D-01
 -2.095D-03  3.135D-01
 -1.426D-03  5.933D-01
 -3.473D-03  1.124D-01
 -1.583D-03  5.739D-01
 -5.181D-05  7.613D-01
 -7.703D-05  7.615D-01
 -9.889D-05  7.617D-01
 -1.194D-04  7.618D-01
 -1.392D-04  7.620D-01
 -1.588D-04  7.621D-01
 -1.783D-04  7.622D-01
 -1.979D-04  7.622D-01
 -2.177D-04  7.621D-01
 -2.378D-04  7.620D-01
 -2.582D-04  7.617D-01
 -2.791D-04  7.613D-01
 -3.005D-04  7.606D-01
 -3.224D-04  7.599D-01
 -3.450D-04  7.587D-01
 -3.682D-04  7.577D-01
 -3.924D-04  7.557D-01
 -4.170D-04  7.545D-01
 -4.433D-04  7.512D-01
 -4.695D-04  7.499D-01
 -4.985D-04  7.448D-01
 -5.262D-04  7.437D-01
 -5.591D-04  7.357D-01
 -5.880D-04  7.358D-01
 -6.268D-04  7.231D-01
 -6.558D-04  7.258D-01
 -7.038D-04  7.057D-01
 -7.306D-04  7.137D-01
 -7.938D-04  6.818D-01
 -8.137D-04  6.991D-01
 -9.032D-04  6.487D-01
 -9.063D-04  6.822D-01
 -1.043D-03  6.026D-01
 -1.010D-03  6.631D-01
 -1.235D-03  5.377D-01
 -1.126D-03  6.419D-01
 -1.528D-03  4.454D-01
 -1.255D-03  6.196D-01
 -2.053D-03  3.114D-01
 -1.397D-03  5.974D-01
 -3.376D-03  1.075D-01
 -1.547D-03  5.787D-01
 -5.000D-05  7.604D-01
 -7.434D-05  7.606D-01
 -9.541D-05  7.608D-01
 -1.152D-04  7.610D-01
 -1.343D-04  7.612D-01
 -1.531D-04  7.614D-01
 -1.719D-04  7.616D-01
 -1.907D-04  7.617D-01
 -2.097D-04  7.617D-01
 -2.289D-04  7.616D-01
 -2.485D-04  7.615D-01
 -2.685D-04  7.611D-01
 -2.889D-04  7.608D-01
 -3.098D-04  7.601D-01
 -3.313D-04  7.594D-01
 -3.535D-04  7.581D-01
 -3.762D-04  7.572D-01
 -4.000D-04  7.551D-01
 -4.240D-04  7.539D-01
 -4.499D-04  7.505D-01
 -4.754D-04  7.493D-01
 -5.040D-04  7.439D-01
 -5.310D-04  7.432D-01
 -5.635D-04  7.348D-01
 -5.914D-04  7.354D-01
 -6.298D-04  7.221D-01
 -6.575D-04  7.256D-01
 -7.052D-04  7.046D-01
 -7.303D-04  7.137D-01
 -7.932D-04  6.806D-01
 -8.108D-04  6.996D-01
 -9.000D-04  6.474D-01
 -9.003D-04  6.831D-01
 -1.036D-03  6.013D-01
 -1.000D-03  6.645D-01
 -1.223D-03  5.365D-01
 -1.111D-03  6.441D-01
 -1.506D-03  4.441D-01
 -1.235D-03  6.225D-01
 -2.013D-03  3.096D-01
 -1.370D-03  6.010D-01
 -3.282D-03  1.033D-01
 -1.512D-03  5.830D-01
 -4.829D-05  7.595D-01
 -7.179D-05  7.597D-01
 -9.212D-05  7.599D-01
 -1.112D-04  7.601D-01
 -1.296D-04  7.604D-01
 -1.477D-04  7.606D-01
 -1.658D-04  7.608D-01
 -1.839D-04  7.609D-01
 -2.021D-04  7.610D-01
 -2.206D-04  7.611D-01
 -2.394D-04  7.610D-01
 -2.585D-04  7.609D-01
 -2.781D-04  7.605D-01
 -2.980D-04  7.601D-01
 -3.186D-04  7.594D-01
 -3.396D-04  7.587D-01
 -3.614D-04  7.574D-01
 -3.836D-04  7.565D-01
 -4.070D-04  7.542D-01
 -4.305D-04  7.532D-01
 -4.560D-04  7.496D-01
 -4.809D-04  7.486D-01
 -5.091D-04  7.429D-01
 -5.352D-04  7.426D-01
 -5.674D-04  7.336D-01
 -5.943D-04  7.348D-01
 -6.324D-04  7.208D-01
 -6.588D-04  7.252D-01
 -7.061D-04  7.033D-01
 -7.296D-04  7.136D-01
 -7.922D-04  6.792D-01
 -8.078D-04  6.998D-01
 -8.965D-04  6.460D-01
 -8.943D-04  6.838D-01
 -1.029D-03  5.999D-01
 -9.905D-04  6.657D-01
 -1.210D-03  5.352D-01
 -1.097D-03  6.460D-01
 -1.484D-03  4.429D-01
 -1.215D-03  6.251D-01
 -1.973D-03  3.080D-01
 -1.344D-03  6.044D-01
 -3.191D-03  9.946D-02
 -1.479D-03  5.871D-01
 -4.667D-05  7.584D-01
 -6.937D-05  7.587D-01
 -8.901D-05  7.589D-01
 -1.074D-04  7.592D-01
 -1.252D-04  7.594D-01
 -1.426D-04  7.597D-01
 -1.600D-04  7.599D-01
 -1.775D-04  7.601D-01
 -1.950D-04  7.602D-01
 -2.128D-04  7.603D-01
 -2.308D-04  7.604D-01
 -2.491D-04  7.603D-01
 -2.678D-04  7.601D-01
 -2.870D-04  7.597D-01
 -3.065D-04  7.593D-01
 -3.267D-04  7.585D-01
 -3.473D-04  7.579D-01
 -3.687D-04  7.565D-01
 -3.905D-04  7.556D-01
 -4.135D-04  7.532D-01
 -4.365D-04  7.523D-01
 -4.616D-04  7.485D-01
 -4.859D-04  7.477D-01
 -5.137D-04  7.417D-01
 -5.391D-04  7.417D-01
 -5.709D-04  7.323D-01
 -5.968D-04  7.340D-01
 -6.345D-04  7.194D-01
 -6.597D-04  7.246D-01
 -7.068D-04  7.018D-01
 -7.287D-04  7.132D-01
 -7.910D-04  6.776D-01
 -8.045D-04  6.997D-01
 -8.927D-04  6.444D-01
 -8.882D-04  6.842D-01
 -1.022D-03  5.984D-01
 -9.809D-04  6.667D-01
 -1.198D-03  5.338D-01
 -1.083D-03  6.475D-01
 -1.463D-03  4.417D-01
 -1.196D-03  6.273D-01
 -1.933D-03  3.066D-01
 -1.319D-03  6.074D-01
 -3.102D-03  9.611D-02
 -1.447D-03  5.907D-01
 -4.514D-05  7.573D-01
 -6.708D-05  7.575D-01
 -8.606D-05  7.578D-01
 -1.038D-04  7.581D-01
 -1.210D-04  7.583D-01
 -1.378D-04  7.586D-01
 -1.546D-04  7.589D-01
 -1.714D-04  7.591D-01
 -1.883D-04  7.593D-01
 -2.054D-04  7.594D-01
 -2.227D-04  7.595D-01
 -2.403D-04  7.595D-01
 -2.583D-04  7.594D-01
 -2.766D-04  7.592D-01
 -2.953D-04  7.588D-01
 -3.145D-04  7.584D-01
 -3.343D-04  7.575D-01
 -3.545D-04  7.569D-01
 -3.755D-04  7.553D-01
 -3.969D-04  7.545D-01
 -4.195D-04  7.520D-01
 -4.420D-04  7.512D-01
 -4.667D-04  7.471D-01
 -4.904D-04  7.466D-01
 -5.179D-04  7.402D-01
 -5.425D-04  7.406D-01
 -5.740D-04  7.307D-01
 -5.990D-04  7.330D-01
 -6.364D-04  7.177D-01
 -6.603D-04  7.237D-01
 -7.071D-04  7.000D-01
 -7.274D-04  7.125D-01
 -7.894D-04  6.758D-01
 -8.010D-04  6.993D-01
 -8.887D-04  6.427D-01
 -8.821D-04  6.842D-01
 -1.014D-03  5.967D-01
 -9.714D-04  6.672D-01
 -1.185D-03  5.324D-01
 -1.070D-03  6.487D-01
 -1.442D-03  4.405D-01
 -1.178D-03  6.292D-01
 -1.895D-03  3.054D-01
 -1.295D-03  6.099D-01
 -3.017D-03  9.318D-02
 -1.417D-03  5.938D-01
 -4.368D-05  7.561D-01
 -6.490D-05  7.564D-01
 -8.325D-05  7.566D-01
 -1.004D-04  7.569D-01
 -1.170D-04  7.572D-01
 -1.333D-04  7.575D-01
 -1.495D-04  7.577D-01
 -1.656D-04  7.580D-01
 -1.819D-04  7.582D-01
 -1.984D-04  7.584D-01
 -2.150D-04  7.585D-01
 -2.320D-04  7.586D-01
 -2.492D-04  7.586D-01
 -2.668D-04  7.584D-01
 -2.847D-04  7.582D-01
 -3.032D-04  7.577D-01
 -3.220D-04  7.573D-01
 -3.414D-04  7.563D-01
 -3.612D-04  7.557D-01
 -3.819D-04  7.540D-01
 -4.028D-04  7.533D-01
 -4.251D-04  7.506D-01
 -4.471D-04  7.498D-01
 -4.715D-04  7.456D-01
 -4.946D-04  7.452D-01
 -5.217D-04  7.385D-01
 -5.456D-04  7.392D-01
 -5.767D-04  7.289D-01
 -6.008D-04  7.317D-01
 -6.379D-04  7.158D-01
 -6.606D-04  7.225D-01
 -7.071D-04  6.980D-01
 -7.259D-04  7.116D-01
 -7.876D-04  6.738D-01
 -7.974D-04  6.987D-01
 -8.844D-04  6.407D-01
 -8.758D-04  6.840D-01
 -1.007D-03  5.949D-01
 -9.621D-04  6.675D-01
 -1.173D-03  5.309D-01
 -1.057D-03  6.495D-01
 -1.421D-03  4.394D-01
 -1.161D-03  6.307D-01
 -1.858D-03  3.044D-01
 -1.272D-03  6.121D-01
 -2.934D-03  9.061D-02
 -1.388D-03  5.965D-01
 -4.229D-05  7.549D-01
 -6.284D-05  7.551D-01
 -8.059D-05  7.553D-01
 -9.718D-05  7.556D-01
 -1.132D-04  7.559D-01
 -1.289D-04  7.562D-01
 -1.446D-04  7.565D-01
 -1.602D-04  7.568D-01
 -1.759D-04  7.570D-01
 -1.918D-04  7.572D-01
 -2.078D-04  7.574D-01
 -2.241D-04  7.575D-01
 -2.407D-04  7.575D-01
 -2.575D-04  7.574D-01
 -2.748D-04  7.572D-01
 -2.924D-04  7.570D-01
 -3.105D-04  7.564D-01
 -3.290D-04  7.560D-01
 -3.481D-04  7.549D-01
 -3.675D-04  7.543D-01
 -3.879D-04  7.525D-01
 -4.083D-04  7.518D-01
 -4.303D-04  7.489D-01
 -4.518D-04  7.483D-01
 -4.758D-04  7.437D-01
 -4.983D-04  7.436D-01
 -5.251D-04  7.366D-01
 -5.483D-04  7.376D-01
 -5.791D-04  7.268D-01
 -6.022D-04  7.302D-01
 -6.390D-04  7.136D-01
 -6.607D-04  7.211D-01
 -7.068D-04  6.958D-01
 -7.242D-04  7.104D-01
 -7.855D-04  6.715D-01
 -7.936D-04  6.978D-01
 -8.800D-04  6.385D-01
 -8.696D-04  6.835D-01
 -9.992D-04  5.930D-01
 -9.528D-04  6.674D-01
 -1.160D-03  5.292D-01
 -1.044D-03  6.500D-01
 -1.400D-03  4.381D-01
 -1.143D-03  6.318D-01
 -1.821D-03  3.034D-01
 -1.250D-03  6.138D-01
 -2.854D-03  8.838D-02
 -1.361D-03  5.988D-01
 -4.097D-05  7.535D-01
 -6.087D-05  7.538D-01
 -7.806D-05  7.540D-01
 -9.412D-05  7.543D-01
 -1.096D-04  7.546D-01
 -1.248D-04  7.548D-01
 -1.399D-04  7.551D-01
 -1.550D-04  7.554D-01
 -1.702D-04  7.557D-01
 -1.855D-04  7.559D-01
 -2.010D-04  7.561D-01
 -2.166D-04  7.562D-01
 -2.326D-04  7.563D-01
 -2.488D-04  7.562D-01
 -2.654D-04  7.562D-01
 -2.823D-04  7.559D-01
 -2.996D-04  7.556D-01
 -3.174D-04  7.549D-01
 -3.355D-04  7.545D-01
 -3.543D-04  7.533D-01
 -3.733D-04  7.527D-01
 -3.934D-04  7.507D-01
 -4.135D-04  7.501D-01
 -4.351D-04  7.470D-01
 -4.561D-04  7.465D-01
 -4.798D-04  7.417D-01
 -5.017D-04  7.418D-01
 -5.282D-04  7.344D-01
 -5.507D-04  7.358D-01
 -5.812D-04  7.245D-01
 -6.034D-04  7.284D-01
 -6.399D-04  7.112D-01
 -6.604D-04  7.195D-01
 -7.063D-04  6.933D-01
 -7.223D-04  7.089D-01
 -7.831D-04  6.691D-01
 -7.897D-04  6.966D-01
 -8.754D-04  6.361D-01
 -8.633D-04  6.826D-01
 -9.914D-04  5.908D-01
 -9.437D-04  6.670D-01
 -1.148D-03  5.275D-01
 -1.031D-03  6.501D-01
 -1.380D-03  4.369D-01
 -1.127D-03  6.324D-01
 -1.785D-03  3.025D-01
 -1.229D-03  6.151D-01
 -2.777D-03  8.646D-02
 -1.335D-03  6.006D-01
 -3.972D-05  7.521D-01
 -5.900D-05  7.524D-01
 -7.565D-05  7.526D-01
 -9.120D-05  7.529D-01
 -1.062D-04  7.531D-01
 -1.209D-04  7.534D-01
 -1.355D-04  7.537D-01
 -1.501D-04  7.540D-01
 -1.648D-04  7.542D-01
 -1.795D-04  7.545D-01
 -1.945D-04  7.546D-01
 -2.096D-04  7.548D-01
 -2.249D-04  7.549D-01
 -2.406D-04  7.549D-01
 -2.565D-04  7.548D-01
 -2.727D-04  7.547D-01
 -2.894D-04  7.543D-01
 -3.063D-04  7.540D-01
 -3.238D-04  7.533D-01
 -3.416D-04  7.528D-01
 -3.601D-04  7.515D-01
 -3.788D-04  7.509D-01
 -3.986D-04  7.488D-01
 -4.182D-04  7.482D-01
 -4.395D-04  7.449D-01
 -4.601D-04  7.445D-01
 -4.835D-04  7.394D-01
 -5.048D-04  7.397D-01
 -5.310D-04  7.320D-01
 -5.527D-04  7.337D-01
 -5.829D-04  7.219D-01
 -6.043D-04  7.263D-01
 -6.405D-04  7.085D-01
 -6.599D-04  7.175D-01
 -7.054D-04  6.905D-01
 -7.202D-04  7.071D-01
 -7.806D-04  6.663D-01
 -7.857D-04  6.950D-01
 -8.706D-04  6.335D-01
 -8.570D-04  6.814D-01
 -9.835D-04  5.884D-01
 -9.346D-04  6.662D-01
 -1.135D-03  5.255D-01
 -1.019D-03  6.498D-01
 -1.360D-03  4.355D-01
 -1.111D-03  6.327D-01
 -1.750D-03  3.017D-01
 -1.209D-03  6.159D-01
 -2.702D-03  8.480D-02
 -1.310D-03  6.019D-01
 -3.852D-05  7.507D-01
 -5.721D-05  7.509D-01
 -7.335D-05  7.511D-01
 -8.842D-05  7.514D-01
 -1.029D-04  7.516D-01
 -1.172D-04  7.519D-01
 -1.313D-04  7.522D-01
 -1.454D-04  7.524D-01
 -1.596D-04  7.527D-01
 -1.739D-04  7.529D-01
 -1.883D-04  7.531D-01
 -2.029D-04  7.532D-01
 -2.177D-04  7.534D-01
 -2.327D-04  7.534D-01
 -2.481D-04  7.534D-01
 -2.637D-04  7.532D-01
 -2.797D-04  7.530D-01
 -2.960D-04  7.526D-01
 -3.127D-04  7.522D-01
 -3.299D-04  7.514D-01
 -3.473D-04  7.509D-01
 -3.656D-04  7.494D-01
 -3.839D-04  7.488D-01
 -4.034D-04  7.465D-01
 -4.226D-04  7.460D-01
 -4.436D-04  7.425D-01
 -4.637D-04  7.422D-01
 -4.868D-04  7.368D-01
 -5.076D-04  7.374D-01
 -5.335D-04  7.293D-01
 -5.545D-04  7.314D-01
 -5.844D-04  7.191D-01
 -6.049D-04  7.240D-01
 -6.408D-04  7.056D-01
 -6.592D-04  7.153D-01
 -7.044D-04  6.875D-01
 -7.179D-04  7.050D-01
 -7.778D-04  6.634D-01
 -7.815D-04  6.932D-01
 -8.656D-04  6.307D-01
 -8.506D-04  6.798D-01
 -9.755D-04  5.859D-01
 -9.257D-04  6.651D-01
 -1.123D-03  5.235D-01
 -1.007D-03  6.491D-01
 -1.340D-03  4.341D-01
 -1.095D-03  6.325D-01
 -1.716D-03  3.008D-01
 -1.189D-03  6.162D-01
 -2.630D-03  8.338D-02
 -1.286D-03  6.027D-01
 -3.737D-05  7.491D-01
 -5.551D-05  7.493D-01
 -7.116D-05  7.496D-01
 -8.576D-05  7.498D-01
 -9.984D-05  7.500D-01
 -1.137D-04  7.503D-01
 -1.273D-04  7.505D-01
 -1.410D-04  7.508D-01
 -1.547D-04  7.510D-01
 -1.685D-04  7.513D-01
 -1.824D-04  7.514D-01
 -1.965D-04  7.516D-01
 -2.108D-04  7.517D-01
 -2.253D-04  7.518D-01
 -2.401D-04  7.517D-01
 -2.551D-04  7.516D-01
 -2.705D-04  7.514D-01
 -2.862D-04  7.512D-01
 -3.022D-04  7.506D-01
 -3.186D-04  7.502D-01
 -3.356D-04  7.492D-01
 -3.527D-04  7.487D-01
 -3.706D-04  7.471D-01
 -3.886D-04  7.466D-01
 -4.078D-04  7.441D-01
 -4.267D-04  7.436D-01
 -4.474D-04  7.398D-01
 -4.670D-04  7.397D-01
 -4.898D-04  7.340D-01
 -5.100D-04  7.348D-01
 -5.356D-04  7.263D-01
 -5.560D-04  7.287D-01
 -5.856D-04  7.160D-01
 -6.053D-04  7.214D-01
 -6.409D-04  7.024D-01
 -6.583D-04  7.127D-01
 -7.031D-04  6.843D-01
 -7.155D-04  7.026D-01
 -7.749D-04  6.602D-01
 -7.773D-04  6.910D-01
 -8.605D-04  6.276D-01
 -8.442D-04  6.780D-01
 -9.674D-04  5.831D-01
 -9.168D-04  6.636D-01
 -1.110D-03  5.212D-01
 -9.954D-04  6.481D-01
 -1.320D-03  4.326D-01
 -1.080D-03  6.320D-01
 -1.683D-03  3.000D-01
 -1.170D-03  6.162D-01
 -2.560D-03  8.216D-02
 -1.263D-03  6.030D-01
 -3.628D-05  7.476D-01
 -5.388D-05  7.477D-01
 -6.906D-05  7.479D-01
 -8.323D-05  7.481D-01
 -9.688D-05  7.484D-01
 -1.103D-04  7.486D-01
 -1.235D-04  7.488D-01
 -1.368D-04  7.491D-01
 -1.500D-04  7.493D-01
 -1.634D-04  7.495D-01
 -1.768D-04  7.497D-01
 -1.904D-04  7.498D-01
 -2.042D-04  7.499D-01
 -2.182D-04  7.500D-01
 -2.325D-04  7.500D-01
 -2.470D-04  7.498D-01
 -2.618D-04  7.497D-01
 -2.769D-04  7.494D-01
 -2.923D-04  7.491D-01
 -3.081D-04  7.484D-01
 -3.242D-04  7.480D-01
 -3.409D-04  7.469D-01
 -3.577D-04  7.464D-01
 -3.754D-04  7.446D-01
 -3.930D-04  7.440D-01
 -4.120D-04  7.414D-01
 -4.304D-04  7.409D-01
 -4.509D-04  7.369D-01
 -4.700D-04  7.369D-01
 -4.925D-04  7.310D-01
 -5.122D-04  7.320D-01
 -5.375D-04  7.231D-01
 -5.572D-04  7.258D-01
 -5.865D-04  7.126D-01
 -6.054D-04  7.185D-01
 -6.407D-04  6.989D-01
 -6.571D-04  7.099D-01
 -7.016D-04  6.808D-01
 -7.128D-04  6.999D-01
 -7.717D-04  6.567D-01
 -7.729D-04  6.885D-01
 -8.552D-04  6.243D-01
 -8.379D-04  6.757D-01
 -9.593D-04  5.802D-01
 -9.081D-04  6.617D-01
 -1.098D-03  5.188D-01
 -9.839D-04  6.466D-01
 -1.301D-03  4.309D-01
 -1.065D-03  6.310D-01
 -1.650D-03  2.991D-01
 -1.152D-03  6.156D-01
 -2.492D-03  8.111D-02
 -1.241D-03  6.028D-01
 -3.523D-05  7.459D-01
 -5.232D-05  7.461D-01
 -6.706D-05  7.462D-01
 -8.081D-05  7.464D-01
 -9.406D-05  7.466D-01
 -1.070D-04  7.469D-01
 -1.199D-04  7.471D-01
 -1.327D-04  7.473D-01
 -1.456D-04  7.475D-01
 -1.585D-04  7.477D-01
 -1.715D-04  7.478D-01
 -1.847D-04  7.480D-01
 -1.980D-04  7.480D-01
 -2.115D-04  7.481D-01
 -2.253D-04  7.480D-01
 -2.393D-04  7.480D-01
 -2.535D-04  7.478D-01
 -2.681D-04  7.476D-01
 -2.829D-04  7.471D-01
 -2.981D-04  7.468D-01
 -3.136D-04  7.460D-01
 -3.294D-04  7.456D-01
 -3.459D-04  7.443D-01
 -3.624D-04  7.437D-01
 -3.798D-04  7.418D-01
 -3.971D-04  7.413D-01
 -4.158D-04  7.384D-01
 -4.338D-04  7.380D-01
 -4.540D-04  7.338D-01
 -4.727D-04  7.339D-01
 -4.950D-04  7.276D-01
 -5.141D-04  7.288D-01
 -5.391D-04  7.196D-01
 -5.582D-04  7.227D-01
 -5.872D-04  7.090D-01
 -6.053D-04  7.154D-01
 -6.403D-04  6.952D-01
 -6.558D-04  7.068D-01
 -6.999D-04  6.770D-01
 -7.101D-04  6.969D-01
 -7.684D-04  6.530D-01
 -7.685D-04  6.857D-01
 -8.498D-04  6.208D-01
 -8.315D-04  6.732D-01
 -9.511D-04  5.770D-01
 -8.994D-04  6.595D-01
 -1.085D-03  5.162D-01
 -9.726D-04  6.448D-01
 -1.282D-03  4.291D-01
 -1.051D-03  6.296D-01
 -1.618D-03  2.982D-01
 -1.134D-03  6.147D-01
 -2.427D-03  8.020D-02
 -1.219D-03  6.022D-01
 -3.424D-05  7.442D-01
 -5.083D-05  7.443D-01
 -6.515D-05  7.445D-01
 -7.850D-05  7.447D-01
 -9.135D-05  7.449D-01
 -1.040D-04  7.450D-01
 -1.164D-04  7.452D-01
 -1.288D-04  7.454D-01
 -1.413D-04  7.456D-01
 -1.538D-04  7.457D-01
 -1.664D-04  7.459D-01
 -1.792D-04  7.460D-01
 -1.921D-04  7.461D-01
 -2.051D-04  7.461D-01
 -2.184D-04  7.461D-01
 -2.319D-04  7.459D-01
 -2.457D-04  7.458D-01
 -2.597D-04  7.455D-01
 -2.740D-04  7.452D-01
 -2.886D-04  7.447D-01
 -3.035D-04  7.443D-01
 -3.188D-04  7.434D-01
 -3.344D-04  7.429D-01
 -3.505D-04  7.415D-01
 -3.668D-04  7.409D-01
 -3.840D-04  7.388D-01
 -4.009D-04  7.383D-01
 -4.193D-04  7.352D-01
 -4.370D-04  7.349D-01
 -4.569D-04  7.303D-01
 -4.752D-04  7.306D-01
 -4.971D-04  7.240D-01
 -5.157D-04  7.255D-01
 -5.405D-04  7.158D-01
 -5.589D-04  7.192D-01
 -5.876D-04  7.051D-01
 -6.049D-04  7.119D-01
 -6.396D-04  6.912D-01
 -6.543D-04  7.034D-01
 -6.980D-04  6.730D-01
 -7.071D-04  6.936D-01
 -7.649D-04  6.490D-01
 -7.640D-04  6.826D-01
 -8.443D-04  6.170D-01
 -8.251D-04  6.703D-01
 -9.429D-04  5.736D-01
 -8.909D-04  6.569D-01
 -1.073D-03  5.134D-01
 -9.615D-04  6.426D-01
 -1.263D-03  4.272D-01
 -1.037D-03  6.277D-01
 -1.588D-03  2.972D-01
 -1.117D-03  6.132D-01
 -2.364D-03  7.941D-02
 -1.199D-03  6.011D-01
 -3.328D-05  7.424D-01
 -4.941D-05  7.426D-01
 -6.332D-05  7.427D-01
 -7.629D-05  7.428D-01
 -8.877D-05  7.430D-01
 -1.010D-04  7.432D-01
 -1.131D-04  7.433D-01
 -1.252D-04  7.435D-01
 -1.372D-04  7.436D-01
 -1.493D-04  7.437D-01
 -1.616D-04  7.438D-01
 -1.739D-04  7.439D-01
 -1.864D-04  7.440D-01
 -1.990D-04  7.440D-01
 -2.119D-04  7.439D-01
 -2.249D-04  7.438D-01
 -2.382D-04  7.436D-01
 -2.517D-04  7.434D-01
 -2.655D-04  7.430D-01
 -2.795D-04  7.427D-01
 -2.940D-04  7.420D-01
 -3.086D-04  7.416D-01
 -3.237D-04  7.405D-01
 -3.390D-04  7.400D-01
 -3.549D-04  7.384D-01
 -3.709D-04  7.378D-01
 -3.878D-04  7.355D-01
 -4.044D-04  7.350D-01
 -4.226D-04  7.317D-01
 -4.399D-04  7.315D-01
 -4.595D-04  7.267D-01
 -4.773D-04  7.271D-01
 -4.990D-04  7.202D-01
 -5.171D-04  7.218D-01
 -5.416D-04  7.118D-01
 -5.594D-04  7.155D-01
 -5.879D-04  7.010D-01
 -6.044D-04  7.082D-01
 -6.388D-04  6.870D-01
 -6.526D-04  6.997D-01
 -6.959D-04  6.688D-01
 -7.041D-04  6.900D-01
 -7.613D-04  6.448D-01
 -7.593D-04  6.791D-01
 -8.387D-04  6.130D-01
 -8.187D-04  6.671D-01
 -9.346D-04  5.700D-01
 -8.824D-04  6.539D-01
 -1.061D-03  5.104D-01
 -9.506D-04  6.399D-01
 -1.245D-03  4.250D-01
 -1.024D-03  6.255D-01
 -1.557D-03  2.961D-01
 -1.100D-03  6.114D-01
 -2.304D-03  7.871D-02
 -1.179D-03  5.995D-01
 -3.236D-05  7.406D-01
 -4.804D-05  7.407D-01
 -6.156D-05  7.408D-01
 -7.416D-05  7.409D-01
 -8.629D-05  7.411D-01
 -9.817D-05  7.412D-01
 -1.099D-04  7.413D-01
 -1.216D-04  7.415D-01
 -1.333D-04  7.416D-01
 -1.451D-04  7.417D-01
 -1.569D-04  7.417D-01
 -1.689D-04  7.418D-01
 -1.810D-04  7.418D-01
 -1.932D-04  7.418D-01
 -2.056D-04  7.417D-01
 -2.182D-04  7.416D-01
 -2.311D-04  7.414D-01
 -2.441D-04  7.411D-01
 -2.574D-04  7.408D-01
 -2.710D-04  7.403D-01
 -2.848D-04  7.399D-01
 -2.990D-04  7.391D-01
 -3.134D-04  7.386D-01
 -3.283D-04  7.374D-01
 -3.433D-04  7.368D-01
 -3.590D-04  7.351D-01
 -3.747D-04  7.345D-01
 -3.913D-04  7.320D-01
 -4.077D-04  7.315D-01
 -4.255D-04  7.280D-01
 -4.425D-04  7.278D-01
 -4.619D-04  7.228D-01
 -4.793D-04  7.233D-01
 -5.007D-04  7.161D-01
 -5.182D-04  7.179D-01
 -5.425D-04  7.075D-01
 -5.596D-04  7.116D-01
 -5.878D-04  6.965D-01
 -6.037D-04  7.042D-01
 -6.377D-04  6.825D-01
 -6.507D-04  6.957D-01
 -6.936D-04  6.642D-01
 -7.009D-04  6.861D-01
 -7.575D-04  6.404D-01
 -7.547D-04  6.754D-01
 -8.330D-04  6.088D-01
 -8.122D-04  6.635D-01
 -9.263D-04  5.662D-01
 -8.739D-04  6.507D-01
 -1.049D-03  5.072D-01
 -9.399D-04  6.370D-01
 -1.227D-03  4.228D-01
 -1.010D-03  6.229D-01
 -1.528D-03  2.950D-01
 -1.084D-03  6.091D-01
 -2.245D-03  7.806D-02
 -1.160D-03  5.975D-01
 -3.148D-05  7.387D-01
 -4.673D-05  7.388D-01
 -5.988D-05  7.389D-01
 -7.213D-05  7.390D-01
 -8.392D-05  7.391D-01
 -9.546D-05  7.392D-01
 -1.069D-04  7.393D-01
 -1.182D-04  7.394D-01
 -1.296D-04  7.395D-01
 -1.410D-04  7.395D-01
 -1.525D-04  7.396D-01
 -1.641D-04  7.396D-01
 -1.758D-04  7.396D-01
 -1.876D-04  7.395D-01
 -1.997D-04  7.394D-01
 -2.119D-04  7.393D-01
 -2.243D-04  7.390D-01
 -2.369D-04  7.388D-01
 -2.497D-04  7.384D-01
 -2.628D-04  7.380D-01
 -2.762D-04  7.374D-01
 -2.898D-04  7.369D-01
 -3.037D-04  7.360D-01
 -3.179D-04  7.354D-01
 -3.326D-04  7.341D-01
 -3.473D-04  7.334D-01
 -3.628D-04  7.316D-01
 -3.782D-04  7.309D-01
 -3.946D-04  7.283D-01
 -4.106D-04  7.277D-01
 -4.283D-04  7.240D-01
 -4.448D-04  7.239D-01
 -4.640D-04  7.186D-01
 -4.809D-04  7.192D-01
 -5.021D-04  7.117D-01
 -5.191D-04  7.138D-01
 -5.431D-04  7.030D-01
 -5.597D-04  7.073D-01
 -5.876D-04  6.919D-01
 -6.028D-04  6.999D-01
 -6.365D-04  6.777D-01
 -6.486D-04  6.915D-01
 -6.911D-04  6.595D-01
 -6.976D-04  6.819D-01
 -7.536D-04  6.357D-01
 -7.499D-04  6.713D-01
 -8.272D-04  6.044D-01
 -8.058D-04  6.596D-01
 -9.179D-04  5.621D-01
 -8.656D-04  6.470D-01
 -1.037D-03  5.038D-01
 -9.294D-04  6.336D-01
 -1.209D-03  4.203D-01
 -9.972D-04  6.198D-01
 -1.499D-03  2.937D-01
 -1.069D-03  6.064D-01
 -2.188D-03  7.746D-02
 -1.141D-03  5.951D-01
 -3.064D-05  7.368D-01
 -4.548D-05  7.369D-01
 -5.827D-05  7.369D-01
 -7.018D-05  7.370D-01
 -8.165D-05  7.371D-01
 -9.286D-05  7.371D-01
 -1.040D-04  7.372D-01
 -1.150D-04  7.372D-01
 -1.260D-04  7.373D-01
 -1.371D-04  7.373D-01
 -1.482D-04  7.373D-01
 -1.595D-04  7.373D-01
 -1.708D-04  7.372D-01
 -1.823D-04  7.371D-01
 -1.940D-04  7.370D-01
 -2.058D-04  7.368D-01
 -2.178D-04  7.366D-01
 -2.300D-04  7.363D-01
 -2.424D-04  7.359D-01
 -2.550D-04  7.354D-01
 -2.679D-04  7.350D-01
 -2.811D-04  7.343D-01
 -2.944D-04  7.337D-01
 -3.082D-04  7.327D-01
 -3.221D-04  7.320D-01
 -3.366D-04  7.305D-01
 -3.511D-04  7.298D-01
 -3.663D-04  7.278D-01
 -3.815D-04  7.271D-01
 -3.977D-04  7.242D-01
 -4.133D-04  7.237D-01
 -4.307D-04  7.198D-01
 -4.469D-04  7.197D-01
 -4.659D-04  7.141D-01
 -4.824D-04  7.149D-01
 -5.033D-04  7.071D-01
 -5.198D-04  7.093D-01
 -5.435D-04  6.982D-01
 -5.595D-04  7.028D-01
 -5.872D-04  6.870D-01
 -6.017D-04  6.954D-01
 -6.351D-04  6.727D-01
 -6.465D-04  6.869D-01
 -6.885D-04  6.545D-01
 -6.942D-04  6.775D-01
 -7.495D-04  6.308D-01
 -7.451D-04  6.670D-01
 -8.213D-04  5.997D-01
 -7.994D-04  6.555D-01
 -9.096D-04  5.578D-01
 -8.573D-04  6.430D-01
 -1.025D-03  5.002D-01
 -9.191D-04  6.299D-01
 -1.191D-03  4.176D-01
 -9.845D-04  6.164D-01
 -1.471D-03  2.922D-01
 -1.053D-03  6.033D-01
 -2.134D-03  7.686D-02
 -1.123D-03  5.922D-01
 -2.983D-05  7.348D-01
 -4.427D-05  7.348D-01
 -5.672D-05  7.349D-01
 -6.831D-05  7.349D-01
 -7.946D-05  7.350D-01
 -9.037D-05  7.350D-01
 -1.012D-04  7.350D-01
 -1.119D-04  7.351D-01
 -1.226D-04  7.351D-01
 -1.334D-04  7.350D-01
 -1.442D-04  7.350D-01
 -1.551D-04  7.349D-01
 -1.661D-04  7.348D-01
 -1.772D-04  7.347D-01
 -1.885D-04  7.345D-01
 -2.000D-04  7.343D-01
 -2.116D-04  7.340D-01
 -2.234D-04  7.337D-01
 -2.354D-04  7.333D-01
 -2.476D-04  7.329D-01
 -2.600D-04  7.323D-01
 -2.727D-04  7.317D-01
 -2.857D-04  7.309D-01
 -2.988D-04  7.302D-01
 -3.124D-04  7.291D-01
 -3.261D-04  7.283D-01
 -3.403D-04  7.267D-01
 -3.546D-04  7.259D-01
 -3.696D-04  7.237D-01
 -3.845D-04  7.230D-01
 -4.005D-04  7.200D-01
 -4.158D-04  7.195D-01
 -4.330D-04  7.153D-01
 -4.488D-04  7.153D-01
 -4.675D-04  7.095D-01
 -4.836D-04  7.104D-01
 -5.043D-04  7.022D-01
 -5.203D-04  7.047D-01
 -5.438D-04  6.932D-01
 -5.592D-04  6.981D-01
 -5.866D-04  6.818D-01
 -6.004D-04  6.906D-01
 -6.335D-04  6.675D-01
 -6.441D-04  6.821D-01
 -6.857D-04  6.492D-01
 -6.907D-04  6.727D-01
 -7.453D-04  6.257D-01
 -7.402D-04  6.623D-01
 -8.153D-04  5.947D-01
 -7.929D-04  6.509D-01
 -9.012D-04  5.533D-01
 -8.491D-04  6.387D-01
 -1.013D-03  4.963D-01
 -9.088D-04  6.258D-01
 -1.174D-03  4.148D-01
 -9.721D-04  6.126D-01
 -1.444D-03  2.907D-01
 -1.038D-03  5.997D-01
 -2.081D-03  7.627D-02
 -1.106D-03  5.888D-01
 -2.905D-05  7.328D-01
 -4.311D-05  7.328D-01
 -5.523D-05  7.328D-01
 -6.652D-05  7.328D-01
 -7.737D-05  7.328D-01
 -8.798D-05  7.328D-01
 -9.846D-05  7.328D-01
 -1.089D-04  7.328D-01
 -1.193D-04  7.328D-01
 -1.298D-04  7.327D-01
 -1.403D-04  7.326D-01
 -1.509D-04  7.325D-01
 -1.615D-04  7.324D-01
 -1.724D-04  7.322D-01
 -1.833D-04  7.320D-01
 -1.944D-04  7.317D-01
 -2.056D-04  7.314D-01
 -2.171D-04  7.311D-01
 -2.287D-04  7.307D-01
 -2.405D-04  7.301D-01
 -2.525D-04  7.296D-01
 -2.648D-04  7.289D-01
 -2.772D-04  7.283D-01
 -2.900D-04  7.273D-01
 -3.030D-04  7.266D-01
 -3.163D-04  7.252D-01
 -3.298D-04  7.244D-01
 -3.438D-04  7.227D-01
 -3.579D-04  7.218D-01
 -3.727D-04  7.195D-01
 -3.872D-04  7.187D-01
 -4.030D-04  7.155D-01
 -4.181D-04  7.150D-01
 -4.350D-04  7.106D-01
 -4.505D-04  7.106D-01
 -4.689D-04  7.045D-01
 -4.846D-04  7.056D-01
 -5.050D-04  6.971D-01
 -5.206D-04  6.997D-01
 -5.438D-04  6.879D-01
 -5.587D-04  6.931D-01
 -5.857D-04  6.764D-01
 -5.990D-04  6.855D-01
 -6.317D-04  6.620D-01
 -6.417D-04  6.771D-01
 -6.828D-04  6.438D-01
 -6.870D-04  6.677D-01
 -7.410D-04  6.203D-01
 -7.352D-04  6.574D-01
 -8.092D-04  5.896D-01
 -7.865D-04  6.461D-01
 -8.928D-04  5.486D-01
 -8.410D-04  6.341D-01
 -1.002D-03  4.923D-01
 -8.988D-04  6.214D-01
 -1.157D-03  4.117D-01
 -9.599D-04  6.084D-01
 -1.418D-03  2.889D-01
 -1.024D-03  5.958D-01
 -2.030D-03  7.565D-02
 -1.089D-03  5.851D-01
 -2.830D-05  7.307D-01
 -4.200D-05  7.307D-01
 -5.380D-05  7.307D-01
 -6.479D-05  7.306D-01
 -7.535D-05  7.306D-01
 -8.568D-05  7.306D-01
 -9.588D-05  7.306D-01
 -1.060D-04  7.305D-01
 -1.162D-04  7.304D-01
 -1.263D-04  7.303D-01
 -1.365D-04  7.302D-01
 -1.468D-04  7.301D-01
 -1.572D-04  7.299D-01
 -1.677D-04  7.297D-01
 -1.783D-04  7.294D-01
 -1.890D-04  7.291D-01
 -1.999D-04  7.287D-01
 -2.110D-04  7.284D-01
 -2.223D-04  7.279D-01
 -2.337D-04  7.274D-01
 -2.453D-04  7.267D-01
 -2.571D-04  7.261D-01
 -2.692D-04  7.253D-01
 -2.815D-04  7.246D-01
 -2.941D-04  7.235D-01
 -3.069D-04  7.226D-01
 -3.200D-04  7.212D-01
 -3.333D-04  7.203D-01
 -3.471D-04  7.184D-01
 -3.609D-04  7.175D-01
 -3.755D-04  7.149D-01
 -3.898D-04  7.142D-01
 -4.053D-04  7.107D-01
 -4.201D-04  7.103D-01
 -4.368D-04  7.056D-01
 -4.519D-04  7.057D-01
 -4.701D-04  6.994D-01
 -4.854D-04  7.005D-01
 -5.056D-04  6.918D-01
 -5.207D-04  6.946D-01
 -5.436D-04  6.824D-01
 -5.580D-04  6.878D-01
 -5.847D-04  6.708D-01
 -5.974D-04  6.802D-01
 -6.297D-04  6.563D-01
 -6.391D-04  6.717D-01
 -6.797D-04  6.381D-01
 -6.833D-04  6.624D-01
 -7.366D-04  6.147D-01
 -7.302D-04  6.521D-01
 -8.031D-04  5.842D-01
 -7.800D-04  6.410D-01
 -8.843D-04  5.436D-01
 -8.329D-04  6.291D-01
 -9.899D-04  4.880D-01
 -8.889D-04  6.167D-01
 -1.140D-03  4.085D-01
 -9.479D-04  6.039D-01
 -1.392D-03  2.870D-01
 -1.010D-03  5.915D-01
 -1.980D-03  7.498D-02
 -1.072D-03  5.809D-01
 -2.758D-05  7.285D-01
 -4.093D-05  7.285D-01
 -5.243D-05  7.285D-01
 -6.313D-05  7.284D-01
 -7.341D-05  7.284D-01
 -8.347D-05  7.283D-01
 -9.340D-05  7.282D-01
 -1.033D-04  7.281D-01
 -1.131D-04  7.280D-01
 -1.230D-04  7.279D-01
 -1.329D-04  7.277D-01
 -1.429D-04  7.275D-01
 -1.530D-04  7.273D-01
 -1.632D-04  7.270D-01
 -1.735D-04  7.267D-01
 -1.839D-04  7.264D-01
 -1.945D-04  7.260D-01
 -2.052D-04  7.256D-01
 -2.161D-04  7.251D-01
 -2.272D-04  7.245D-01
 -2.384D-04  7.239D-01
 -2.499D-04  7.231D-01
 -2.615D-04  7.224D-01
 -2.735D-04  7.215D-01
 -2.855D-04  7.207D-01
 -2.980D-04  7.194D-01
 -3.105D-04  7.185D-01
 -3.235D-04  7.169D-01
 -3.365D-04  7.160D-01
 -3.502D-04  7.139D-01
 -3.637D-04  7.129D-01
 -3.781D-04  7.102D-01
 -3.921D-04  7.094D-01
 -4.074D-04  7.058D-01
 -4.219D-04  7.053D-01
 -4.384D-04  7.004D-01
 -4.531D-04  7.006D-01
 -4.711D-04  6.940D-01
 -4.860D-04  6.952D-01
 -5.060D-04  6.862D-01
 -5.206D-04  6.891D-01
 -5.433D-04  6.766D-01
 -5.571D-04  6.823D-01
 -5.836D-04  6.649D-01
 -5.956D-04  6.746D-01
 -6.276D-04  6.504D-01
 -6.363D-04  6.661D-01
 -6.765D-04  6.321D-01
 -6.794D-04  6.568D-01
 -7.320D-04  6.088D-01
 -7.251D-04  6.466D-01
 -7.969D-04  5.786D-01
 -7.735D-04  6.356D-01
 -8.759D-04  5.385D-01
 -8.248D-04  6.239D-01
 -9.783D-04  4.835D-01
 -8.791D-04  6.116D-01
 -1.124D-03  4.050D-01
 -9.362D-04  5.991D-01
 -1.366D-03  2.849D-01
 -9.957D-04  5.869D-01
 -1.932D-03  7.425D-02
 -1.056D-03  5.764D-01
 -2.688D-05  7.263D-01
 -3.990D-05  7.263D-01
 -5.110D-05  7.262D-01
 -6.153D-05  7.262D-01
 -7.155D-05  7.261D-01
 -8.134D-05  7.260D-01
 -9.101D-05  7.259D-01
 -1.006D-04  7.257D-01
 -1.102D-04  7.256D-01
 -1.198D-04  7.254D-01
 -1.295D-04  7.252D-01
 -1.392D-04  7.249D-01
 -1.490D-04  7.247D-01
 -1.589D-04  7.244D-01
 -1.689D-04  7.240D-01
 -1.790D-04  7.236D-01
 -1.893D-04  7.232D-01
 -1.997D-04  7.227D-01
 -2.102D-04  7.222D-01
 -2.209D-04  7.216D-01
 -2.319D-04  7.209D-01
 -2.429D-04  7.202D-01
 -2.542D-04  7.193D-01
 -2.657D-04  7.185D-01
 -2.774D-04  7.174D-01
 -2.893D-04  7.165D-01
 -3.016D-04  7.151D-01
 -3.139D-04  7.141D-01
 -3.267D-04  7.124D-01
 -3.395D-04  7.114D-01
 -3.530D-04  7.091D-01
 -3.663D-04  7.081D-01
 -3.805D-04  7.052D-01
 -3.942D-04  7.044D-01
 -4.093D-04  7.006D-01
 -4.235D-04  7.001D-01
 -4.398D-04  6.950D-01
 -4.542D-04  6.952D-01
 -4.719D-04  6.883D-01
 -4.864D-04  6.897D-01
 -5.061D-04  6.803D-01
 -5.203D-04  6.835D-01
 -5.427D-04  6.707D-01
 -5.560D-04  6.765D-01
 -5.822D-04  6.588D-01
 -5.937D-04  6.688D-01
 -6.254D-04  6.442D-01
 -6.335D-04  6.603D-01
 -6.732D-04  6.260D-01
 -6.755D-04  6.510D-01
 -7.274D-04  6.028D-01
 -7.200D-04  6.408D-01
 -7.906D-04  5.728D-01
 -7.670D-04  6.299D-01
 -8.675D-04  5.331D-01
 -8.168D-04  6.183D-01
 -9.669D-04  4.788D-01
 -8.694D-04  6.062D-01
 -1.108D-03  4.013D-01
 -9.246D-04  5.939D-01
 -1.342D-03  2.827D-01
 -9.821D-04  5.818D-01
 -1.886D-03  7.344D-02
 -1.041D-03  5.715D-01
 -2.622D-05  7.241D-01
 -3.890D-05  7.240D-01
 -4.983D-05  7.239D-01
 -5.999D-05  7.238D-01
 -6.975D-05  7.237D-01
 -7.929D-05  7.236D-01
 -8.871D-05  7.234D-01
 -9.807D-05  7.233D-01
 -1.074D-04  7.231D-01
 -1.168D-04  7.228D-01
 -1.262D-04  7.226D-01
 -1.356D-04  7.223D-01
 -1.451D-04  7.220D-01
 -1.547D-04  7.216D-01
 -1.645D-04  7.212D-01
 -1.743D-04  7.208D-01
 -1.842D-04  7.203D-01
 -1.943D-04  7.198D-01
 -2.046D-04  7.192D-01
 -2.150D-04  7.185D-01
 -2.255D-04  7.179D-01
 -2.363D-04  7.171D-01
 -2.472D-04  7.163D-01
 -2.583D-04  7.153D-01
 -2.696D-04  7.144D-01
 -2.812D-04  7.131D-01
 -2.929D-04  7.121D-01
 -3.050D-04  7.106D-01
 -3.171D-04  7.096D-01
 -3.297D-04  7.076D-01
 -3.423D-04  7.066D-01
 -3.556D-04  7.041D-01
 -3.686D-04  7.031D-01
 -3.826D-04  7.000D-01
 -3.961D-04  6.992D-01
 -4.110D-04  6.951D-01
 -4.249D-04  6.947D-01
 -4.409D-04  6.893D-01
 -4.550D-04  6.896D-01
 -4.726D-04  6.825D-01
 -4.866D-04  6.839D-01
 -5.061D-04  6.743D-01
 -5.199D-04  6.776D-01
 -5.420D-04  6.645D-01
 -5.548D-04  6.705D-01
 -5.807D-04  6.525D-01
 -5.917D-04  6.627D-01
 -6.230D-04  6.378D-01
 -6.305D-04  6.542D-01
 -6.697D-04  6.196D-01
 -6.715D-04  6.449D-01
 -7.226D-04  5.965D-01
 -7.148D-04  6.348D-01
 -7.842D-04  5.668D-01
 -7.606D-04  6.239D-01
 -8.590D-04  5.275D-01
 -8.089D-04  6.125D-01
 -9.555D-04  4.739D-01
 -8.598D-04  6.005D-01
 -1.092D-03  3.975D-01
 -9.133D-04  5.883D-01
 -1.317D-03  2.802D-01
 -9.689D-04  5.765D-01
 -1.841D-03  7.255D-02
 -1.025D-03  5.662D-01
