 -3.541D-03  7.865D-01
 -3.282D-03  7.806D-01
 -3.621D-03  7.860D-01
 -1.355D-03  7.890D-01
 -4.532D-03  7.732D-01
 -3.468D-03  7.848D-01
 -1.219D-03  7.815D-01
 -1.663D-03  7.875D-01
 -5.439D-03  7.636D-01
 -3.278D-03  7.830D-01
 -7.576D-04  7.908D-01
 -1.739D-03  7.724D-01
 -1.802D-03  7.855D-01
 -6.139D-03  7.518D-01
 -3.091D-03  7.809D-01
 -6.820D-04  7.827D-01
 -9.934D-04  7.889D-01
 -2.149D-03  7.610D-01
 -1.862D-03  7.831D-01
 -6.690D-03  7.381D-01
 -2.919D-03  7.785D-01
 -4.982D-04  7.921D-01
 -9.797D-04  7.729D-01
 -1.134D-03  7.866D-01
 -2.492D-03  7.477D-01
 -1.881D-03  7.805D-01
 -7.124D-03  7.226D-01
 -2.763D-03  7.762D-01
 -4.512D-04  7.840D-01
 -6.764D-04  7.902D-01
 -1.219D-03  7.608D-01
 -1.224D-03  7.840D-01
 -2.784D-03  7.327D-01
 -1.874D-03  7.778D-01
 -7.463D-03  7.054D-01
 -2.622D-03  7.739D-01
 -3.584D-04  7.932D-01
 -6.511D-04  7.743D-01
 -7.947D-04  7.879D-01
 -1.424D-03  7.470D-01
 -1.281D-03  7.813D-01
 -3.031D-03  7.163D-01
 -1.853D-03  7.753D-01
 -7.723D-03  6.868D-01
 -2.495D-03  7.720D-01
 -3.269D-04  7.854D-01
 -4.975D-04  7.914D-01
 -8.124D-04  7.624D-01
 -8.790D-04  7.854D-01
 -1.603D-03  7.318D-01
 -1.316D-03  7.788D-01
 -3.240D-03  6.987D-01
 -1.823D-03  7.732D-01
 -7.916D-03  6.668D-01
 -2.380D-03  7.705D-01
 -2.730D-04  7.940D-01
 -4.737D-04  7.762D-01
 -5.956D-04  7.893D-01
 -9.515D-04  7.490D-01
 -9.403D-04  7.830D-01
 -1.759D-03  7.155D-01
 -1.336D-03  7.766D-01
 -3.414D-03  6.801D-01
 -1.788D-03  7.714D-01
 -8.051D-03  6.457D-01
 -2.276D-03  7.696D-01
 -2.507D-04  7.867D-01
 -3.850D-04  7.924D-01
 -5.924D-04  7.650D-01
 -6.697D-04  7.871D-01
 -1.074D-03  7.343D-01
 -9.849D-04  7.808D-01
 -1.896D-03  6.982D-01
 -1.344D-03  7.747D-01
 -3.556D-03  6.606D-01
 -1.750D-03  7.702D-01
 -8.137D-03  6.236D-01
 -2.181D-03  7.693D-01
 -2.165D-04  7.946D-01
 -3.649D-04  7.782D-01
 -4.672D-04  7.906D-01
 -6.950D-04  7.525D-01
 -7.269D-04  7.850D-01
 -1.183D-03  7.188D-01
 -1.017D-03  7.790D-01
 -2.013D-03  6.804D-01
 -1.345D-03  7.735D-01
 -3.671D-03  6.405D-01
 -1.711D-03  7.697D-01
 -8.180D-03  6.008D-01
 -2.095D-03  7.698D-01
 -2.000D-04  7.878D-01
 -3.089D-04  7.932D-01
 -4.574D-04  7.681D-01
 -5.315D-04  7.888D-01
 -7.857D-04  7.390D-01
 -7.716D-04  7.833D-01
 -1.279D-03  7.027D-01
 -1.040D-03  7.776D-01
 -2.114D-03  6.621D-01
 -1.340D-03  7.728D-01
 -3.761D-03  6.199D-01
 -1.672D-03  7.699D-01
 -8.186D-03  5.773D-01
 -2.016D-03  7.711D-01
 -1.768D-04  7.949D-01
 -2.923D-04  7.802D-01
 -3.787D-04  7.917D-01
 -5.375D-04  7.568D-01
 -5.832D-04  7.871D-01
 -8.666D-04  7.248D-01
 -8.064D-04  7.820D-01
 -1.363D-03  6.862D-01
 -1.055D-03  7.769D-01
 -2.199D-03  6.435D-01
 -1.331D-03  7.728D-01
 -3.829D-03  5.990D-01
 -1.633D-03  7.709D-01
 -8.161D-03  5.533D-01
 -1.944D-03  7.732D-01
 -1.642D-04  7.887D-01
 -2.546D-04  7.938D-01
 -3.673D-04  7.712D-01
 -4.348D-04  7.903D-01
 -6.084D-04  7.446D-01
 -6.251D-04  7.859D-01
 -9.387D-04  7.102D-01
 -8.335D-04  7.811D-01
 -1.437D-03  6.696D-01
 -1.064D-03  7.768D-01
 -2.270D-03  6.249D-01
 -1.319D-03  7.736D-01
 -3.877D-03  5.780D-01
 -1.595D-03  7.726D-01
 -8.107D-03  5.291D-01
 -1.877D-03  7.761D-01
 -1.476D-04  7.950D-01
 -2.409D-04  7.820D-01
 -3.146D-04  7.926D-01
 -4.324D-04  7.613D-01
 -4.810D-04  7.891D-01
 -6.719D-04  7.321D-01
 -6.592D-04  7.850D-01
 -1.003D-03  6.955D-01
 -8.545D-04  7.809D-01
 -1.501D-03  6.530D-01
 -1.070D-03  7.773D-01
 -2.327D-03  6.064D-01
 -1.305D-03  7.751D-01
 -3.907D-03  5.569D-01
 -1.559D-03  7.752D-01
 -8.029D-03  5.047D-01
 -1.816D-03  7.799D-01
 -1.378D-04  7.894D-01
 -2.142D-04  7.941D-01
 -3.035D-04  7.742D-01
 -3.639D-04  7.915D-01
 -4.901D-04  7.507D-01
 -5.195D-04  7.883D-01
 -7.288D-04  7.193D-01
 -6.871D-04  7.847D-01
 -1.060D-03  6.809D-01
 -8.704D-04  7.813D-01
 -1.556D-03  6.367D-01
 -1.071D-03  7.786D-01
 -2.372D-03  5.880D-01
 -1.290D-03  7.773D-01
 -3.921D-03  5.361D-01
 -1.524D-03  7.785D-01
 -7.931D-03  4.803D-01
 -1.760D-03  7.843D-01
 -1.256D-04  7.949D-01
 -2.029D-04  7.836D-01
 -2.666D-04  7.932D-01
 -3.580D-04  7.656D-01
 -4.053D-04  7.907D-01
 -5.419D-04  7.397D-01
 -5.518D-04  7.878D-01
 -7.798D-04  7.065D-01
 -7.099D-04  7.849D-01
 -1.110D-03  6.665D-01
 -8.823D-04  7.823D-01
 -1.603D-03  6.206D-01
 -1.070D-03  7.805D-01
 -2.407D-03  5.700D-01
 -1.274D-03  7.803D-01
 -3.921D-03  5.154D-01
 -1.490D-03  7.826D-01
 -7.816D-03  4.559D-01
 -1.708D-03  7.895D-01
 -1.177D-04  7.898D-01
 -1.833D-04  7.941D-01
 -2.563D-04  7.768D-01
 -3.102D-04  7.924D-01
 -4.064D-04  7.565D-01
 -4.404D-04  7.903D-01
 -5.885D-04  7.288D-01
 -5.789D-04  7.879D-01
 -8.254D-04  6.939D-01
 -7.285D-04  7.857D-01
 -1.154D-03  6.525D-01
 -8.910D-04  7.839D-01
 -1.641D-03  6.051D-01
 -1.067D-03  7.831D-01
 -2.432D-03  5.525D-01
 -1.258D-03  7.839D-01
 -3.909D-03  4.952D-01
 -1.458D-03  7.873D-01
 -7.686D-03  4.319D-01
 -1.660D-03  7.953D-01
 -1.083D-04  7.945D-01
 -1.739D-04  7.848D-01
 -2.294D-04  7.934D-01
 -3.029D-04  7.694D-01
 -3.473D-04  7.920D-01
 -4.499D-04  7.472D-01
 -4.705D-04  7.902D-01
 -6.305D-04  7.179D-01
 -6.018D-04  7.885D-01
 -8.661D-04  6.817D-01
 -7.435D-04  7.870D-01
 -1.192D-03  6.389D-01
 -8.970D-04  7.862D-01
 -1.673D-03  5.900D-01
 -1.063D-03  7.864D-01
 -2.447D-03  5.355D-01
 -1.241D-03  7.882D-01
 -3.886D-03  4.755D-01
 -1.428D-03  7.925D-01
 -7.544D-03  4.081D-01
 -1.616D-03  8.016D-01
 -1.020D-04  7.899D-01
 -1.590D-04  7.939D-01
 -2.202D-04  7.790D-01
 -2.683D-04  7.930D-01
 -3.444D-04  7.617D-01
 -3.794D-04  7.918D-01
 -4.892D-04  7.379D-01
 -4.963D-04  7.906D-01
 -6.683D-04  7.073D-01
 -6.212D-04  7.896D-01
 -9.021D-04  6.699D-01
 -7.557D-04  7.889D-01
 -1.224D-03  6.260D-01
 -9.009D-04  7.890D-01
 -1.698D-03  5.756D-01
 -1.057D-03  7.901D-01
 -2.455D-03  5.192D-01
 -1.224D-03  7.929D-01
 -3.854D-03  4.564D-01
 -1.400D-03  7.983D-01
 -7.392D-03  3.848D-01
 -1.575D-03  8.083D-01
 -9.463D-05  7.938D-01
 -1.511D-04  7.856D-01
 -1.999D-04  7.934D-01
 -2.607D-04  7.728D-01
 -3.018D-04  7.928D-01
 -3.818D-04  7.539D-01
 -4.072D-04  7.921D-01
 -5.248D-04  7.287D-01
 -5.186D-04  7.915D-01
 -7.023D-04  6.971D-01
 -6.376D-04  7.912D-01
 -9.339D-04  6.587D-01
 -7.654D-04  7.913D-01
 -1.252D-03  6.137D-01
 -9.031D-04  7.923D-01
 -1.717D-03  5.619D-01
 -1.051D-03  7.944D-01
 -2.456D-03  5.035D-01
 -1.208D-03  7.981D-01
 -3.814D-03  4.379D-01
 -1.373D-03  8.044D-01
 -7.232D-03  3.621D-01
 -1.537D-03  8.153D-01
 -8.939D-05  7.897D-01
 -1.395D-04  7.934D-01
 -1.918D-04  7.807D-01
 -2.349D-04  7.931D-01
 -2.970D-04  7.663D-01
 -3.311D-04  7.929D-01
 -4.157D-04  7.461D-01
 -4.315D-04  7.927D-01
 -5.570D-04  7.199D-01
 -5.378D-04  7.928D-01
 -7.328D-04  6.873D-01
 -6.514D-04  7.932D-01
 -9.616D-04  6.481D-01
 -7.732D-04  7.942D-01
 -1.275D-03  6.020D-01
 -9.039D-04  7.960D-01
 -1.730D-03  5.490D-01
 -1.044D-03  7.990D-01
 -2.451D-03  4.886D-01
 -1.192D-03  8.037D-01
 -3.768D-03  4.201D-01
 -1.347D-03  8.108D-01
 -7.065D-03  3.400D-01
 -1.502D-03  8.224D-01
 -8.350D-05  7.930D-01
 -1.328D-04  7.860D-01
 -1.762D-04  7.930D-01
 -2.276D-04  7.754D-01
 -2.653D-04  7.931D-01
 -3.297D-04  7.597D-01
 -3.568D-04  7.933D-01
 -4.466D-04  7.386D-01
 -4.528D-04  7.937D-01
 -5.862D-04  7.115D-01
 -5.545D-04  7.945D-01
 -7.600D-04  6.782D-01
 -6.631D-04  7.957D-01
 -9.858D-04  6.382D-01
 -7.793D-04  7.975D-01
 -1.294D-03  5.911D-01
 -9.037D-04  8.002D-01
 -1.739D-03  5.368D-01
 -1.036D-03  8.040D-01
 -2.440D-03  4.745D-01
 -1.177D-03  8.095D-01
 -3.715D-03  4.032D-01
 -1.323D-03  8.174D-01
 -6.895D-03  3.185D-01
 -1.470D-03  8.297D-01
 -7.913D-05  7.893D-01
 -1.236D-04  7.926D-01
 -1.690D-04  7.819D-01
 -2.077D-04  7.929D-01
 -2.596D-04  7.700D-01
 -2.921D-04  7.934D-01
 -3.595D-04  7.533D-01
 -3.796D-04  7.941D-01
 -4.746D-04  7.313D-01
 -4.715D-04  7.951D-01
 -6.125D-04  7.035D-01
 -5.690D-04  7.965D-01
 -7.841D-04  6.696D-01
 -6.729D-04  7.985D-01
 -1.007D-03  6.289D-01
 -7.840D-04  8.011D-01
 -1.308D-03  5.810D-01
 -9.026D-04  8.046D-01
 -1.743D-03  5.254D-01
 -1.029D-03  8.092D-01
 -2.425D-03  4.613D-01
 -1.162D-03  8.154D-01
 -3.658D-03  3.870D-01
 -1.301D-03  8.240D-01
 -6.721D-03  2.978D-01
 -1.440D-03  8.369D-01
 -7.433D-05  7.919D-01
 -1.179D-04  7.861D-01
 -1.566D-04  7.923D-01
 -2.009D-04  7.774D-01
 -2.354D-04  7.930D-01
 -2.887D-04  7.645D-01
 -3.159D-04  7.939D-01
 -3.866D-04  7.470D-01
 -3.997D-04  7.952D-01
 -5.001D-04  7.244D-01
 -4.880D-04  7.968D-01
 -6.362D-04  6.961D-01
 -5.816D-04  7.989D-01
 -8.055D-04  6.616D-01
 -6.812D-04  8.016D-01
 -1.024D-03  6.203D-01
 -7.875D-04  8.049D-01
 -1.320D-03  5.716D-01
 -9.008D-04  8.092D-01
 -1.744D-03  5.148D-01
 -1.021D-03  8.145D-01
 -2.405D-03  4.488D-01
 -1.148D-03  8.214D-01
 -3.596D-03  3.717D-01
 -1.280D-03  8.306D-01
 -6.545D-03  2.779D-01
 -1.412D-03  8.439D-01
 -7.063D-05  7.885D-01
 -1.104D-04  7.915D-01
 -1.503D-04  7.826D-01
 -1.853D-04  7.923D-01
 -2.295D-04  7.729D-01
 -2.601D-04  7.933D-01
 -3.152D-04  7.592D-01
 -3.371D-04  7.948D-01
 -4.114D-04  7.410D-01
 -4.177D-04  7.966D-01
 -5.233D-04  7.179D-01
 -5.026D-04  7.989D-01
 -6.576D-04  6.891D-01
 -5.925D-04  8.016D-01
 -8.242D-04  6.542D-01
 -6.882D-04  8.050D-01
 -1.039D-03  6.124D-01
 -7.901D-04  8.090D-01
 -1.328D-03  5.629D-01
 -8.985D-04  8.139D-01
 -1.741D-03  5.050D-01
 -1.013D-03  8.199D-01
 -2.382D-03  4.373D-01
 -1.134D-03  8.274D-01
 -3.532D-03  3.573D-01
 -1.260D-03  8.371D-01
 -6.368D-03  2.588D-01
 -1.386D-03  8.508D-01
 -6.666D-05  7.906D-01
 -1.055D-04  7.858D-01
 -1.403D-04  7.913D-01
 -1.790D-04  7.788D-01
 -2.106D-04  7.924D-01
 -2.556D-04  7.683D-01
 -2.821D-04  7.939D-01
 -3.394D-04  7.540D-01
 -3.562D-04  7.959D-01
 -4.341D-04  7.354D-01
 -4.337D-04  7.983D-01
 -5.444D-04  7.118D-01
 -5.155D-04  8.011D-01
 -6.767D-04  6.827D-01
 -6.021D-04  8.045D-01
 -8.406D-04  6.474D-01
 -6.941D-04  8.085D-01
 -1.051D-03  6.052D-01
 -7.919D-04  8.131D-01
 -1.334D-03  5.550D-01
 -8.959D-04  8.186D-01
 -1.735D-03  4.960D-01
 -1.006D-03  8.252D-01
 -2.356D-03  4.265D-01
 -1.121D-03  8.332D-01
 -3.465D-03  3.438D-01
 -1.241D-03  8.434D-01
 -6.192D-03  2.405D-01
 -1.361D-03  8.573D-01
 -6.351D-05  7.875D-01
 -9.932D-05  7.902D-01
 -1.347D-04  7.827D-01
 -1.665D-04  7.913D-01
 -2.049D-04  7.750D-01
 -2.334D-04  7.928D-01
 -2.795D-04  7.639D-01
 -3.020D-04  7.948D-01
 -3.617D-04  7.491D-01
 -3.733D-04  7.972D-01
 -4.549D-04  7.301D-01
 -4.481D-04  8.002D-01
 -5.635D-04  7.062D-01
 -5.269D-04  8.036D-01
 -6.938D-04  6.769D-01
 -6.104D-04  8.076D-01
 -8.548D-04  6.413D-01
 -6.991D-04  8.121D-01
 -1.061D-03  5.986D-01
 -7.931D-04  8.173D-01
 -1.337D-03  5.479D-01
 -8.929D-04  8.234D-01
 -1.727D-03  4.878D-01
 -9.983D-04  8.304D-01
 -2.328D-03  4.167D-01
 -1.109D-03  8.389D-01
 -3.396D-03  3.312D-01
 -1.224D-03  8.494D-01
 -6.016D-03  2.232D-01
 -1.339D-03  8.635D-01
 -6.018D-05  7.891D-01
 -9.502D-05  7.851D-01
 -1.266D-04  7.900D-01
 -1.608D-04  7.795D-01
 -1.898D-04  7.915D-01
 -2.285D-04  7.711D-01
 -2.538D-04  7.934D-01
 -3.014D-04  7.596D-01
 -3.199D-04  7.959D-01
 -3.821D-04  7.444D-01
 -3.887D-04  7.988D-01
 -4.739D-04  7.251D-01
 -4.610D-04  8.022D-01
 -5.808D-04  7.011D-01
 -5.371D-04  8.062D-01
 -7.090D-04  6.715D-01
 -6.177D-04  8.107D-01
 -8.670D-04  6.357D-01
 -7.032D-04  8.158D-01
 -1.069D-03  5.927D-01
 -7.938D-04  8.215D-01
 -1.337D-03  5.414D-01
 -8.897D-04  8.280D-01
 -1.716D-03  4.804D-01
 -9.910D-04  8.355D-01
 -2.297D-03  4.076D-01
 -1.097D-03  8.443D-01
 -3.326D-03  3.194D-01
 -1.207D-03  8.550D-01
 -5.842D-03  2.067D-01
 -1.318D-03  8.692D-01
 -5.747D-05  7.862D-01
 -8.991D-05  7.887D-01
 -1.217D-04  7.824D-01
 -1.506D-04  7.900D-01
 -1.843D-04  7.763D-01
 -2.108D-04  7.918D-01
 -2.501D-04  7.674D-01
 -2.724D-04  7.942D-01
 -3.215D-04  7.555D-01
 -3.361D-04  7.971D-01
 -4.009D-04  7.401D-01
 -4.027D-04  8.005D-01
 -4.912D-04  7.206D-01
 -4.725D-04  8.045D-01
 -5.965D-04  6.964D-01
 -5.462D-04  8.089D-01
 -7.224D-04  6.667D-01
 -6.241D-04  8.139D-01
 -8.773D-04  6.307D-01
 -7.066D-04  8.194D-01
 -1.074D-03  5.873D-01
 -7.940D-04  8.256D-01
 -1.336D-03  5.355D-01
 -8.864D-04  8.325D-01
 -1.703D-03  4.737D-01
 -9.838D-04  8.403D-01
 -2.265D-03  3.994D-01
 -1.086D-03  8.493D-01
 -3.255D-03  3.086D-01
 -1.191D-03  8.602D-01
 -5.670D-03  1.911D-01
 -1.298D-03  8.744D-01
 -5.464D-05  7.874D-01
 -8.616D-05  7.841D-01
 -1.149D-04  7.885D-01
 -1.454D-04  7.797D-01
 -1.721D-04  7.901D-01
 -2.058D-04  7.730D-01
 -2.299D-04  7.924D-01
 -2.701D-04  7.638D-01
 -2.892D-04  7.952D-01
 -3.401D-04  7.516D-01
 -3.509D-04  7.985D-01
 -4.182D-04  7.360D-01
 -4.153D-04  8.024D-01
 -5.070D-04  7.164D-01
 -4.830D-04  8.068D-01
 -6.106D-04  6.921D-01
 -5.543D-04  8.116D-01
 -7.342D-04  6.623D-01
 -6.297D-04  8.170D-01
 -8.859D-04  6.261D-01
 -7.095D-04  8.229D-01
 -1.078D-03  5.826D-01
 -7.939D-04  8.295D-01
 -1.333D-03  5.303D-01
 -8.830D-04  8.367D-01
 -1.689D-03  4.676D-01
 -9.768D-04  8.448D-01
 -2.231D-03  3.919D-01
 -1.075D-03  8.540D-01
 -3.184D-03  2.985D-01
 -1.177D-03  8.650D-01
 -5.501D-03  1.764D-01
 -1.279D-03  8.791D-01
 -5.229D-05  7.847D-01
 -8.183D-05  7.869D-01
 -1.105D-04  7.817D-01
 -1.370D-04  7.884D-01
 -1.669D-04  7.769D-01
 -1.916D-04  7.904D-01
 -2.256D-04  7.699D-01
 -2.472D-04  7.931D-01
 -2.885D-04  7.604D-01
 -3.046D-04  7.963D-01
 -3.573D-04  7.480D-01
 -3.643D-04  8.000D-01
 -4.340D-04  7.323D-01
 -4.268D-04  8.043D-01
 -5.215D-04  7.125D-01
 -4.924D-04  8.091D-01
 -6.233D-04  6.881D-01
 -5.616D-04  8.143D-01
 -7.446D-04  6.583D-01
 -6.347D-04  8.201D-01
 -8.931D-04  6.221D-01
 -7.119D-04  8.263D-01
 -1.081D-03  5.783D-01
 -7.934D-04  8.332D-01
 -1.328D-03  5.257D-01
 -8.795D-04  8.406D-01
 -1.673D-03  4.623D-01
 -9.701D-04  8.489D-01
 -2.196D-03  3.852D-01
 -1.065D-03  8.583D-01
 -3.113D-03  2.894D-01
 -1.163D-03  8.693D-01
 -5.334D-03  1.627D-01
 -1.262D-03  8.833D-01
 -4.987D-05  7.855D-01
 -7.854D-05  7.827D-01
 -1.048D-04  7.866D-01
 -1.323D-04  7.793D-01
 -1.569D-04  7.884D-01
 -1.867D-04  7.741D-01
 -2.093D-04  7.909D-01
 -2.439D-04  7.668D-01
 -2.631D-04  7.939D-01
 -3.055D-04  7.571D-01
 -3.187D-04  7.975D-01
 -3.731D-04  7.446D-01
 -3.766D-04  8.016D-01
 -4.486D-04  7.288D-01
 -4.373D-04  8.063D-01
 -5.346D-04  7.090D-01
 -5.010D-04  8.114D-01
 -6.347D-04  6.846D-01
 -5.681D-04  8.170D-01
 -7.536D-04  6.547D-01
 -6.390D-04  8.230D-01
 -8.988D-04  6.184D-01
 -7.138D-04  8.295D-01
 -1.082D-03  5.746D-01
 -7.928D-04  8.366D-01
 -1.322D-03  5.216D-01
 -8.760D-04  8.442D-01
 -1.656D-03  4.575D-01
 -9.635D-04  8.527D-01
 -2.160D-03  3.792D-01
 -1.055D-03  8.621D-01
 -3.042D-03  2.810D-01
 -1.150D-03  8.731D-01
 -5.172D-03  1.498D-01
 -1.245D-03  8.868D-01
 -4.782D-05  7.829D-01
 -7.485D-05  7.849D-01
 -1.009D-04  7.806D-01
 -1.252D-04  7.865D-01
 -1.521D-04  7.768D-01
 -1.750D-04  7.886D-01
 -2.049D-04  7.713D-01
 -2.256D-04  7.914D-01
 -2.609D-04  7.638D-01
 -2.776D-04  7.948D-01
 -3.213D-04  7.540D-01
 -3.316D-04  7.988D-01
 -3.878D-04  7.414D-01
 -3.879D-04  8.032D-01
 -4.620D-04  7.255D-01
 -4.468D-04  8.082D-01
 -5.466D-04  7.057D-01
 -5.088D-04  8.136D-01
 -6.448D-04  6.813D-01
 -5.740D-04  8.195D-01
 -7.613D-04  6.515D-01
 -6.428D-04  8.258D-01
 -9.032D-04  6.152D-01
 -7.153D-04  8.325D-01
 -1.082D-03  5.712D-01
 -7.919D-04  8.397D-01
 -1.315D-03  5.180D-01
 -8.725D-04  8.475D-01
 -1.638D-03  4.533D-01
 -9.572D-04  8.560D-01
 -2.124D-03  3.738D-01
 -1.046D-03  8.654D-01
 -2.971D-03  2.734D-01
 -1.137D-03  8.763D-01
 -5.013D-03  1.378D-01
 -1.230D-03  8.898D-01
 -4.572D-05  7.833D-01
 -7.195D-05  7.811D-01
 -9.604D-05  7.845D-01
 -1.209D-04  7.784D-01
 -1.437D-04  7.864D-01
 -1.703D-04  7.743D-01
 -1.916D-04  7.890D-01
 -2.218D-04  7.686D-01
 -2.405D-04  7.921D-01
 -2.766D-04  7.610D-01
 -2.910D-04  7.958D-01
 -3.360D-04  7.511D-01
 -3.435D-04  8.001D-01
 -4.013D-04  7.384D-01
 -3.982D-04  8.049D-01
 -4.744D-04  7.225D-01
 -4.556D-04  8.101D-01
 -5.575D-04  7.027D-01
 -5.158D-04  8.157D-01
 -6.538D-04  6.783D-01
 -5.792D-04  8.218D-01
 -7.680D-04  6.485D-01
 -6.461D-04  8.283D-01
 -9.066D-04  6.122D-01
 -7.165D-04  8.352D-01
 -1.080D-03  5.682D-01
 -7.908D-04  8.425D-01
 -1.307D-03  5.148D-01
 -8.690D-04  8.504D-01
 -1.619D-03  4.496D-01
 -9.510D-04  8.589D-01
 -2.088D-03  3.690D-01
 -1.037D-03  8.683D-01
 -2.902D-03  2.665D-01
 -1.125D-03  8.790D-01
 -4.858D-03  1.266D-01
 -1.215D-03  8.921D-01
 -4.392D-05  7.809D-01
 -6.876D-05  7.827D-01
 -9.257D-05  7.791D-01
 -1.150D-04  7.843D-01
 -1.393D-04  7.762D-01
 -1.606D-04  7.865D-01
 -1.872D-04  7.719D-01
 -2.068D-04  7.894D-01
 -2.375D-04  7.661D-01
 -2.543D-04  7.928D-01
 -2.912D-04  7.583D-01
 -3.034D-04  7.969D-01
 -3.496D-04  7.483D-01
 -3.544D-04  8.014D-01
 -4.138D-04  7.356D-01
 -4.077D-04  8.064D-01
 -4.856D-04  7.197D-01
 -4.636D-04  8.119D-01
 -5.673D-04  6.999D-01
 -5.222D-04  8.177D-01
 -6.618D-04  6.756D-01
 -5.840D-04  8.240D-01
 -7.735D-04  6.458D-01
 -6.490D-04  8.306D-01
 -9.088D-04  6.096D-01
 -7.175D-04  8.376D-01
 -1.078D-03  5.656D-01
 -7.896D-04  8.449D-01
 -1.297D-03  5.120D-01
 -8.655D-04  8.528D-01
 -1.599D-03  4.464D-01
 -9.450D-04  8.613D-01
 -2.051D-03  3.649D-01
 -1.028D-03  8.706D-01
 -2.833D-03  2.604D-01
 -1.114D-03  8.811D-01
 -4.708D-03  1.162D-01
 -1.201D-03  8.939D-01
 -4.209D-05  7.810D-01
 -6.618D-05  7.792D-01
 -8.838D-05  7.822D-01
 -1.111D-04  7.771D-01
 -1.321D-04  7.841D-01
 -1.561D-04  7.740D-01
 -1.761D-04  7.867D-01
 -2.028D-04  7.695D-01
 -2.209D-04  7.899D-01
 -2.521D-04  7.635D-01
 -2.670D-04  7.936D-01
 -3.048D-04  7.557D-01
 -3.148D-04  7.979D-01
 -3.622D-04  7.457D-01
 -3.645D-04  8.027D-01
 -4.254D-04  7.330D-01
 -4.165D-04  8.079D-01
 -4.960D-04  7.170D-01
 -4.709D-04  8.135D-01
 -5.762D-04  6.973D-01
 -5.281D-04  8.195D-01
 -6.689D-04  6.731D-01
 -5.882D-04  8.259D-01
 -7.781D-04  6.434D-01
 -6.515D-04  8.326D-01
 -9.101D-04  6.072D-01
 -7.182D-04  8.396D-01
 -1.075D-03  5.633D-01
 -7.883D-04  8.470D-01
 -1.288D-03  5.096D-01
 -8.620D-04  8.548D-01
 -1.579D-03  4.436D-01
 -9.392D-04  8.632D-01
 -2.014D-03  3.612D-01
 -1.020D-03  8.723D-01
 -2.765D-03  2.548D-01
 -1.103D-03  8.826D-01
 -4.561D-03  1.067D-01
 -1.188D-03  8.950D-01
 -4.050D-05  7.787D-01
 -6.341D-05  7.803D-01
 -8.528D-05  7.773D-01
 -1.060D-04  7.819D-01
 -1.281D-04  7.750D-01
 -1.479D-04  7.841D-01
 -1.718D-04  7.717D-01
 -1.904D-04  7.869D-01
 -2.174D-04  7.672D-01
 -2.339D-04  7.904D-01
 -2.657D-04  7.611D-01
 -2.788D-04  7.944D-01
 -3.175D-04  7.532D-01
 -3.254D-04  7.989D-01
 -3.739D-04  7.431D-01
 -3.739D-04  8.038D-01
 -4.360D-04  7.304D-01
 -4.245D-04  8.092D-01
 -5.055D-04  7.145D-01
 -4.777D-04  8.150D-01
 -5.842D-04  6.948D-01
 -5.334D-04  8.211D-01
 -6.750D-04  6.707D-01
 -5.920D-04  8.275D-01
 -7.819D-04  6.411D-01
 -6.537D-04  8.342D-01
 -9.106D-04  6.051D-01
 -7.186D-04  8.413D-01
 -1.070D-03  5.611D-01
 -7.869D-04  8.486D-01
 -1.277D-03  5.074D-01
 -8.585D-04  8.564D-01
 -1.559D-03  4.412D-01
 -9.336D-04  8.646D-01
 -1.978D-03  3.580D-01
 -1.012D-03  8.735D-01
 -2.699D-03  2.499D-01
 -1.093D-03  8.836D-01
 -4.419D-03  9.786D-02
 -1.175D-03  8.955D-01
 -3.889D-05  7.785D-01
 -6.112D-05  7.770D-01
 -8.164D-05  7.797D-01
 -1.025D-04  7.754D-01
 -1.220D-04  7.816D-01
 -1.438D-04  7.730D-01
 -1.625D-04  7.841D-01
 -1.864D-04  7.695D-01
 -2.037D-04  7.872D-01
 -2.310D-04  7.649D-01
 -2.460D-04  7.909D-01
 -2.784D-04  7.588D-01
 -2.898D-04  7.951D-01
 -3.293D-04  7.508D-01
 -3.352D-04  7.998D-01
 -3.848D-04  7.407D-01
 -3.825D-04  8.049D-01
 -4.459D-04  7.280D-01
 -4.320D-04  8.104D-01
 -5.141D-04  7.121D-01
 -4.839D-04  8.163D-01
 -5.914D-04  6.925D-01
 -5.383D-04  8.224D-01
 -6.804D-04  6.684D-01
 -5.955D-04  8.289D-01
 -7.848D-04  6.390D-01
 -6.556D-04  8.356D-01
 -9.103D-04  6.031D-01
 -7.189D-04  8.426D-01
 -1.066D-03  5.592D-01
 -7.853D-04  8.498D-01
 -1.266D-03  5.055D-01
 -8.551D-04  8.575D-01
 -1.538D-03  4.390D-01
 -9.281D-04  8.655D-01
 -1.942D-03  3.552D-01
 -1.004D-03  8.742D-01
 -2.634D-03  2.456D-01
 -1.083D-03  8.839D-01
 -4.282D-03  8.979D-02
 -1.163D-03  8.955D-01
 -3.747D-05  7.762D-01
 -5.868D-05  7.777D-01
 -7.885D-05  7.752D-01
 -9.804D-05  7.792D-01
 -1.183D-04  7.734D-01
 -1.368D-04  7.814D-01
 -1.584D-04  7.709D-01
 -1.760D-04  7.841D-01
 -2.000D-04  7.674D-01
 -2.160D-04  7.875D-01
 -2.437D-04  7.626D-01
 -2.573D-04  7.914D-01
 -2.902D-04  7.564D-01
 -2.999D-04  7.958D-01
 -3.404D-04  7.484D-01
 -3.443D-04  8.006D-01
 -3.949D-04  7.383D-01
 -3.905D-04  8.059D-01
 -4.550D-04  7.256D-01
 -4.389D-04  8.114D-01
 -5.220D-04  7.097D-01
 -4.896D-04  8.173D-01
 -5.978D-04  6.902D-01
 -5.427D-04  8.235D-01
 -6.850D-04  6.662D-01
 -5.986D-04  8.299D-01
 -7.870D-04  6.369D-01
 -6.573D-04  8.366D-01
 -9.093D-04  6.012D-01
 -7.189D-04  8.435D-01
 -1.060D-03  5.575D-01
 -7.837D-04  8.506D-01
 -1.254D-03  5.038D-01
 -8.516D-04  8.581D-01
 -1.517D-03  4.372D-01
 -9.227D-04  8.660D-01
 -1.906D-03  3.528D-01
 -9.967D-04  8.744D-01
 -2.570D-03  2.418D-01
 -1.073D-03  8.838D-01
 -4.148D-03  8.241D-02
 -1.152D-03  8.948D-01
 -3.606D-05  7.758D-01
 -5.664D-05  7.745D-01
 -7.567D-05  7.770D-01
 -9.489D-05  7.733D-01
 -1.131D-04  7.788D-01
 -1.329D-04  7.715D-01
 -1.505D-04  7.812D-01
 -1.720D-04  7.688D-01
 -1.885D-04  7.842D-01
 -2.127D-04  7.652D-01
 -2.275D-04  7.878D-01
 -2.556D-04  7.604D-01
 -2.678D-04  7.919D-01
 -3.013D-04  7.541D-01
 -3.094D-04  7.964D-01
 -3.506D-04  7.461D-01
 -3.528D-04  8.013D-01
 -4.043D-04  7.359D-01
 -3.980D-04  8.066D-01
 -4.634D-04  7.232D-01
 -4.453D-04  8.122D-01
 -5.292D-04  7.074D-01
 -4.948D-04  8.181D-01
 -6.036D-04  6.879D-01
 -5.468D-04  8.243D-01
 -6.889D-04  6.641D-01
 -6.013D-04  8.306D-01
 -7.885D-04  6.349D-01
 -6.586D-04  8.372D-01
 -9.077D-04  5.993D-01
 -7.188D-04  8.440D-01
 -1.054D-03  5.558D-01
 -7.820D-04  8.510D-01
 -1.242D-03  5.023D-01
 -8.482D-04  8.583D-01
 -1.496D-03  4.356D-01
 -9.174D-04  8.659D-01
 -1.870D-03  3.508D-01
 -9.895D-04  8.740D-01
 -2.508D-03  2.384D-01
 -1.064D-03  8.830D-01
 -4.019D-03  7.568D-02
 -1.140D-03  8.936D-01
 -3.479D-05  7.736D-01
 -5.449D-05  7.749D-01
 -7.316D-05  7.728D-01
 -9.100D-05  7.763D-01
 -1.096D-04  7.714D-01
 -1.269D-04  7.784D-01
 -1.466D-04  7.695D-01
 -1.632D-04  7.811D-01
 -1.847D-04  7.667D-01
 -2.002D-04  7.843D-01
 -2.246D-04  7.630D-01
 -2.382D-04  7.880D-01
 -2.668D-04  7.582D-01
 -2.775D-04  7.922D-01
 -3.117D-04  7.518D-01
 -3.183D-04  7.969D-01
 -3.602D-04  7.438D-01
 -3.607D-04  8.019D-01
 -4.130D-04  7.336D-01
 -4.049D-04  8.072D-01
 -4.711D-04  7.208D-01
 -4.512D-04  8.128D-01
 -5.357D-04  7.051D-01
 -4.997D-04  8.187D-01
 -6.086D-04  6.857D-01
 -5.505D-04  8.248D-01
 -6.921D-04  6.619D-01
 -6.038D-04  8.310D-01
 -7.895D-04  6.330D-01
 -6.598D-04  8.375D-01
 -9.055D-04  5.976D-01
 -7.186D-04  8.441D-01
 -1.048D-03  5.542D-01
 -7.802D-04  8.509D-01
 -1.230D-03  5.008D-01
 -8.447D-04  8.579D-01
 -1.475D-03  4.342D-01
 -9.122D-04  8.653D-01
 -1.835D-03  3.490D-01
 -9.825D-04  8.732D-01
 -2.448D-03  2.355D-01
 -1.055D-03  8.818D-01
 -3.895D-03  6.957D-02
 -1.130D-03  8.919D-01
 -3.353D-05  7.729D-01
 -5.265D-05  7.719D-01
 -7.036D-05  7.740D-01
 -8.814D-05  7.709D-01
 -1.051D-04  7.757D-01
 -1.233D-04  7.695D-01
 -1.398D-04  7.781D-01
 -1.593D-04  7.675D-01
 -1.750D-04  7.809D-01
 -1.967D-04  7.646D-01
 -2.111D-04  7.843D-01
 -2.358D-04  7.609D-01
 -2.483D-04  7.882D-01
 -2.772D-04  7.559D-01
 -2.867D-04  7.925D-01
 -3.215D-04  7.495D-01
 -3.265D-04  7.972D-01
 -3.692D-04  7.414D-01
 -3.681D-04  8.022D-01
 -4.211D-04  7.312D-01
 -4.114D-04  8.076D-01
 -4.782D-04  7.185D-01
 -4.567D-04  8.132D-01
 -5.416D-04  7.027D-01
 -5.041D-04  8.190D-01
 -6.131D-04  6.834D-01
 -5.538D-04  8.249D-01
 -6.948D-04  6.598D-01
 -6.060D-04  8.311D-01
 -7.898D-04  6.310D-01
 -6.607D-04  8.374D-01
 -9.029D-04  5.958D-01
 -7.181D-04  8.438D-01
 -1.041D-03  5.527D-01
 -7.783D-04  8.504D-01
 -1.217D-03  4.995D-01
 -8.413D-04  8.572D-01
 -1.454D-03  4.329D-01
 -9.071D-04  8.643D-01
 -1.801D-03  3.474D-01
 -9.756D-04  8.718D-01
 -2.389D-03  2.329D-01
 -1.047D-03  8.800D-01
 -3.775D-03  6.404D-02
 -1.119D-03  8.896D-01
 -3.239D-05  7.707D-01
 -5.074D-05  7.719D-01
 -6.808D-05  7.701D-01
 -8.472D-05  7.732D-01
 -1.020D-04  7.691D-01
 -1.181D-04  7.752D-01
 -1.361D-04  7.675D-01
 -1.518D-04  7.777D-01
 -1.713D-04  7.654D-01
 -1.861D-04  7.808D-01
 -2.079D-04  7.625D-01
 -2.213D-04  7.843D-01
 -2.463D-04  7.586D-01
 -2.577D-04  7.883D-01
 -2.870D-04  7.536D-01
 -2.952D-04  7.926D-01
 -3.306D-04  7.472D-01
 -3.343D-04  7.974D-01
 -3.775D-04  7.390D-01
 -3.749D-04  8.024D-01
 -4.286D-04  7.287D-01
 -4.174D-04  8.077D-01
 -4.847D-04  7.160D-01
 -4.618D-04  8.132D-01
 -5.470D-04  7.003D-01
 -5.082D-04  8.189D-01
 -6.170D-04  6.811D-01
 -5.569D-04  8.248D-01
 -6.969D-04  6.576D-01
 -6.079D-04  8.308D-01
 -7.897D-04  6.290D-01
 -6.615D-04  8.369D-01
 -8.997D-04  5.940D-01
 -7.176D-04  8.431D-01
 -1.034D-03  5.512D-01
 -7.763D-04  8.494D-01
 -1.205D-03  4.982D-01
 -8.378D-04  8.560D-01
 -1.433D-03  4.317D-01
 -9.021D-04  8.628D-01
 -1.767D-03  3.461D-01
 -9.689D-04  8.699D-01
 -2.331D-03  2.307D-01
 -1.038D-03  8.777D-01
 -3.659D-03  5.905D-02
 -1.109D-03  8.868D-01
 -3.127D-05  7.699D-01
 -4.908D-05  7.690D-01
 -6.560D-05  7.709D-01
 -8.211D-05  7.683D-01
 -9.794D-05  7.725D-01
 -1.148D-04  7.671D-01
 -1.302D-04  7.747D-01
 -1.481D-04  7.655D-01
 -1.630D-04  7.774D-01
 -1.825D-04  7.633D-01
 -1.965D-04  7.806D-01
 -2.184D-04  7.603D-01
 -2.309D-04  7.842D-01
 -2.562D-04  7.564D-01
 -2.664D-04  7.882D-01
 -2.962D-04  7.513D-01
 -3.033D-04  7.926D-01
 -3.391D-04  7.448D-01
 -3.415D-04  7.974D-01
 -3.853D-04  7.365D-01
 -3.814D-04  8.024D-01
 -4.355D-04  7.262D-01
 -4.230D-04  8.076D-01
 -4.906D-04  7.135D-01
 -4.665D-04  8.130D-01
 -5.518D-04  6.979D-01
 -5.120D-04  8.186D-01
 -6.204D-04  6.787D-01
 -5.597D-04  8.243D-01
 -6.985D-04  6.554D-01
 -6.096D-04  8.301D-01
 -7.890D-04  6.269D-01
 -6.620D-04  8.360D-01
 -8.962D-04  5.922D-01
 -7.169D-04  8.420D-01
 -1.027D-03  5.496D-01
 -7.743D-04  8.481D-01
 -1.192D-03  4.969D-01
 -8.344D-04  8.543D-01
 -1.412D-03  4.306D-01
 -8.971D-04  8.608D-01
 -1.733D-03  3.449D-01
 -9.623D-04  8.676D-01
 -2.275D-03  2.288D-01
 -1.030D-03  8.750D-01
 -3.547D-03  5.456D-02
 -1.099D-03  8.836D-01
 -3.024D-05  7.676D-01
 -4.737D-05  7.687D-01
 -6.354D-05  7.672D-01
 -7.908D-05  7.700D-01
 -9.507D-05  7.664D-01
 -1.102D-04  7.718D-01
 -1.268D-04  7.652D-01
 -1.416D-04  7.741D-01
 -1.594D-04  7.635D-01
 -1.735D-04  7.770D-01
 -1.931D-04  7.612D-01
 -2.062D-04  7.803D-01
 -2.283D-04  7.581D-01
 -2.399D-04  7.840D-01
 -2.655D-04  7.541D-01
 -2.747D-04  7.881D-01
 -3.049D-04  7.489D-01
 -3.108D-04  7.925D-01
 -3.470D-04  7.423D-01
 -3.483D-04  7.972D-01
 -3.925D-04  7.340D-01
 -3.874D-04  8.021D-01
 -4.419D-04  7.237D-01
 -4.282D-04  8.072D-01
 -4.960D-04  7.109D-01
 -4.708D-04  8.125D-01
 -5.560D-04  6.953D-01
 -5.154D-04  8.179D-01
 -6.233D-04  6.762D-01
 -5.622D-04  8.235D-01
 -6.997D-04  6.530D-01
 -6.111D-04  8.291D-01
 -7.880D-04  6.247D-01
 -6.624D-04  8.347D-01
 -8.922D-04  5.903D-01
 -7.160D-04  8.405D-01
 -1.019D-03  5.480D-01
 -7.722D-04  8.463D-01
 -1.179D-03  4.956D-01
 -8.309D-04  8.522D-01
 -1.392D-03  4.295D-01
 -8.921D-04  8.584D-01
 -1.701D-03  3.438D-01
 -9.558D-04  8.648D-01
 -2.221D-03  2.271D-01
 -1.022D-03  8.718D-01
 -3.439D-03  5.052D-02
 -1.089D-03  8.799D-01
 -2.923D-05  7.666D-01
 -4.587D-05  7.659D-01
 -6.132D-05  7.676D-01
 -7.670D-05  7.653D-01
 -9.152D-05  7.691D-01
 -1.072D-04  7.644D-01
 -1.217D-04  7.711D-01
 -1.381D-04  7.631D-01
 -1.522D-04  7.736D-01
 -1.700D-04  7.614D-01
 -1.834D-04  7.765D-01
 -2.030D-04  7.590D-01
 -2.154D-04  7.799D-01
 -2.377D-04  7.558D-01
 -2.484D-04  7.837D-01
 -2.742D-04  7.517D-01
 -2.825D-04  7.877D-01
 -3.130D-04  7.464D-01
 -3.179D-04  7.921D-01
 -3.545D-04  7.397D-01
 -3.547D-04  7.968D-01
 -3.992D-04  7.313D-01
 -3.930D-04  8.016D-01
 -4.478D-04  7.209D-01
 -4.330D-04  8.066D-01
 -5.010D-04  7.082D-01
 -4.749D-04  8.117D-01
 -5.598D-04  6.926D-01
 -5.186D-04  8.170D-01
 -6.257D-04  6.736D-01
 -5.644D-04  8.223D-01
 -7.004D-04  6.505D-01
 -6.124D-04  8.277D-01
 -7.865D-04  6.225D-01
 -6.625D-04  8.331D-01
 -8.880D-04  5.882D-01
 -7.151D-04  8.386D-01
 -1.011D-03  5.463D-01
 -7.700D-04  8.441D-01
 -1.166D-03  4.942D-01
 -8.274D-04  8.497D-01
 -1.371D-03  4.284D-01
 -8.872D-04  8.555D-01
 -1.669D-03  3.428D-01
 -9.494D-04  8.616D-01
 -2.168D-03  2.257D-01
 -1.014D-03  8.682D-01
 -3.335D-03  4.691D-02
 -1.080D-03  8.757D-01
 -2.831D-05  7.644D-01
 -4.434D-05  7.653D-01
 -5.944D-05  7.640D-01
 -7.400D-05  7.665D-01
 -8.889D-05  7.634D-01
 -1.031D-04  7.682D-01
 -1.185D-04  7.624D-01
 -1.324D-04  7.704D-01
 -1.487D-04  7.610D-01
 -1.622D-04  7.730D-01
 -1.799D-04  7.592D-01
 -1.927D-04  7.760D-01
 -2.124D-04  7.567D-01
 -2.240D-04  7.794D-01
 -2.465D-04  7.534D-01
 -2.563D-04  7.832D-01
 -2.824D-04  7.491D-01
 -2.898D-04  7.873D-01
 -3.206D-04  7.438D-01
 -3.245D-04  7.916D-01
 -3.615D-04  7.370D-01
 -3.606D-04  7.961D-01
 -4.055D-04  7.285D-01
 -3.983D-04  8.008D-01
 -4.532D-04  7.181D-01
 -4.376D-04  8.057D-01
 -5.055D-04  7.053D-01
 -4.786D-04  8.107D-01
 -5.632D-04  6.898D-01
 -5.215D-04  8.157D-01
 -6.277D-04  6.709D-01
 -5.664D-04  8.208D-01
 -7.007D-04  6.479D-01
 -6.134D-04  8.259D-01
 -7.847D-04  6.201D-01
 -6.626D-04  8.311D-01
 -8.834D-04  5.861D-01
 -7.140D-04  8.363D-01
 -1.003D-03  5.444D-01
 -7.677D-04  8.415D-01
 -1.152D-03  4.927D-01
 -8.238D-04  8.468D-01
 -1.351D-03  4.273D-01
 -8.823D-04  8.523D-01
 -1.637D-03  3.419D-01
 -9.430D-04  8.580D-01
 -2.117D-03  2.244D-01
 -1.006D-03  8.641D-01
 -3.235D-03  4.367D-02
 -1.070D-03  8.712D-01
 -2.739D-05  7.632D-01
 -4.297D-05  7.625D-01
 -5.745D-05  7.641D-01
 -7.182D-05  7.621D-01
 -8.573D-05  7.655D-01
 -1.003D-04  7.614D-01
 -1.139D-04  7.673D-01
 -1.291D-04  7.603D-01
 -1.425D-04  7.696D-01
 -1.587D-04  7.589D-01
 -1.716D-04  7.723D-01
 -1.894D-04  7.569D-01
 -2.014D-04  7.754D-01
 -2.213D-04  7.543D-01
 -2.321D-04  7.788D-01
 -2.548D-04  7.509D-01
 -2.638D-04  7.826D-01
 -2.902D-04  7.465D-01
 -2.966D-04  7.866D-01
 -3.278D-04  7.410D-01
 -3.307D-04  7.908D-01
 -3.680D-04  7.341D-01
 -3.662D-04  7.952D-01
 -4.113D-04  7.256D-01
 -4.032D-04  7.998D-01
 -4.582D-04  7.151D-01
 -4.418D-04  8.045D-01
 -5.095D-04  7.023D-01
 -4.820D-04  8.093D-01
 -5.661D-04  6.868D-01
 -5.242D-04  8.141D-01
 -6.293D-04  6.680D-01
 -5.682D-04  8.190D-01
 -7.006D-04  6.451D-01
 -6.143D-04  8.239D-01
 -7.825D-04  6.175D-01
 -6.624D-04  8.288D-01
 -8.786D-04  5.838D-01
 -7.128D-04  8.337D-01
 -9.944D-04  5.425D-01
 -7.653D-04  8.386D-01
 -1.139D-03  4.912D-01
 -8.202D-04  8.435D-01
 -1.331D-03  4.261D-01
 -8.774D-04  8.486D-01
 -1.607D-03  3.410D-01
 -9.367D-04  8.539D-01
 -2.067D-03  2.233D-01
 -9.982D-04  8.596D-01
 -3.138D-03  4.078D-02
 -1.061D-03  8.662D-01
 -2.655D-05  7.610D-01
 -4.159D-05  7.618D-01
 -5.574D-05  7.606D-01
 -6.941D-05  7.629D-01
 -8.331D-05  7.601D-01
 -9.668D-05  7.644D-01
 -1.110D-04  7.593D-01
 -1.241D-04  7.664D-01
 -1.391D-04  7.581D-01
 -1.520D-04  7.688D-01
 -1.682D-04  7.566D-01
 -1.804D-04  7.715D-01
 -1.982D-04  7.545D-01
 -2.097D-04  7.746D-01
 -2.297D-04  7.518D-01
 -2.398D-04  7.781D-01
 -2.626D-04  7.482D-01
 -2.709D-04  7.818D-01
 -2.975D-04  7.438D-01
 -3.031D-04  7.857D-01
 -3.345D-04  7.381D-01
 -3.366D-04  7.898D-01
 -3.741D-04  7.311D-01
 -3.715D-04  7.941D-01
 -4.167D-04  7.225D-01
 -4.078D-04  7.985D-01
 -4.628D-04  7.120D-01
 -4.457D-04  8.031D-01
 -5.132D-04  6.992D-01
 -4.852D-04  8.076D-01
 -5.687D-04  6.836D-01
 -5.265D-04  8.122D-01
 -6.305D-04  6.649D-01
 -5.698D-04  8.168D-01
 -7.002D-04  6.422D-01
 -6.149D-04  8.214D-01
 -7.801D-04  6.148D-01
 -6.621D-04  8.260D-01
 -8.735D-04  5.814D-01
 -7.114D-04  8.306D-01
 -9.859D-04  5.404D-01
 -7.629D-04  8.352D-01
 -1.126D-03  4.895D-01
 -8.166D-04  8.399D-01
 -1.311D-03  4.248D-01
 -8.724D-04  8.446D-01
 -1.577D-03  3.400D-01
 -9.305D-04  8.495D-01
 -2.019D-03  2.222D-01
 -9.905D-04  8.548D-01
 -3.045D-03  3.819D-02
 -1.052D-03  8.609D-01
 -2.573D-05  7.596D-01
 -4.035D-05  7.590D-01
 -5.395D-05  7.604D-01
 -6.741D-05  7.586D-01
 -8.049D-05  7.617D-01
 -9.406D-05  7.580D-01
 -1.069D-04  7.633D-01
 -1.210D-04  7.571D-01
 -1.337D-04  7.654D-01
 -1.486D-04  7.559D-01
 -1.609D-04  7.679D-01
 -1.771D-04  7.542D-01
 -1.888D-04  7.706D-01
 -2.067D-04  7.520D-01
 -2.174D-04  7.738D-01
 -2.376D-04  7.491D-01
 -2.470D-04  7.772D-01
 -2.700D-04  7.455D-01
 -2.775D-04  7.808D-01
 -3.043D-04  7.409D-01
 -3.092D-04  7.846D-01
 -3.408D-04  7.351D-01
 -3.421D-04  7.886D-01
 -3.797D-04  7.280D-01
 -3.764D-04  7.928D-01
 -4.216D-04  7.193D-01
 -4.121D-04  7.970D-01
 -4.670D-04  7.087D-01
 -4.493D-04  8.013D-01
 -5.164D-04  6.958D-01
 -4.881D-04  8.056D-01
 -5.709D-04  6.803D-01
 -5.287D-04  8.100D-01
 -6.313D-04  6.616D-01
 -5.711D-04  8.144D-01
 -6.994D-04  6.391D-01
 -6.154D-04  8.187D-01
 -7.773D-04  6.118D-01
 -6.616D-04  8.230D-01
 -8.682D-04  5.787D-01
 -7.099D-04  8.273D-01
 -9.773D-04  5.381D-01
 -7.603D-04  8.316D-01
 -1.113D-03  4.876D-01
 -8.129D-04  8.359D-01
 -1.292D-03  4.234D-01
 -8.675D-04  8.402D-01
 -1.547D-03  3.390D-01
 -9.243D-04  8.447D-01
 -1.972D-03  2.212D-01
 -9.830D-04  8.496D-01
 -2.956D-03  3.587D-02
 -1.043D-03  8.552D-01
 -2.496D-05  7.573D-01
 -3.910D-05  7.581D-01
 -5.238D-05  7.571D-01
 -6.523D-05  7.591D-01
 -7.825D-05  7.566D-01
 -9.084D-05  7.604D-01
 -1.042D-04  7.559D-01
 -1.166D-04  7.622D-01
 -1.305D-04  7.549D-01
 -1.427D-04  7.644D-01
 -1.576D-04  7.535D-01
 -1.693D-04  7.668D-01
 -1.855D-04  7.517D-01
 -1.967D-04  7.697D-01
 -2.146D-04  7.494D-01
 -2.248D-04  7.727D-01
 -2.450D-04  7.464D-01
 -2.538D-04  7.761D-01
 -2.770D-04  7.426D-01
 -2.838D-04  7.796D-01
 -3.108D-04  7.378D-01
 -3.150D-04  7.833D-01
 -3.467D-04  7.319D-01
 -3.473D-04  7.872D-01
 -3.850D-04  7.247D-01
 -3.810D-04  7.912D-01
 -4.262D-04  7.159D-01
 -4.161D-04  7.952D-01
 -4.708D-04  7.052D-01
 -4.526D-04  7.993D-01
 -5.193D-04  6.923D-01
 -4.908D-04  8.034D-01
 -5.727D-04  6.768D-01
 -5.306D-04  8.075D-01
 -6.319D-04  6.582D-01
 -5.722D-04  8.116D-01
 -6.984D-04  6.358D-01
 -6.157D-04  8.156D-01
 -7.743D-04  6.087D-01
 -6.610D-04  8.196D-01
 -8.628D-04  5.759D-01
 -7.084D-04  8.236D-01
 -9.686D-04  5.357D-01
 -7.577D-04  8.275D-01
 -1.100D-03  4.856D-01
 -8.091D-04  8.315D-01
 -1.272D-03  4.219D-01
 -8.626D-04  8.355D-01
 -1.519D-03  3.379D-01
 -9.181D-04  8.396D-01
 -1.927D-03  2.203D-01
 -9.754D-04  8.441D-01
 -2.870D-03  3.378D-02
 -1.034D-03  8.492D-01
 -2.421D-05  7.559D-01
 -3.796D-05  7.553D-01
 -5.076D-05  7.566D-01
 -6.340D-05  7.550D-01
 -7.571D-05  7.577D-01
 -8.841D-05  7.544D-01
 -1.006D-04  7.592D-01
 -1.137D-04  7.536D-01
 -1.257D-04  7.610D-01
 -1.395D-04  7.525D-01
 -1.512D-04  7.632D-01
 -1.660D-04  7.510D-01
 -1.773D-04  7.657D-01
 -1.935D-04  7.491D-01
 -2.041D-04  7.685D-01
 -2.221D-04  7.466D-01
 -2.317D-04  7.716D-01
 -2.521D-04  7.434D-01
 -2.603D-04  7.748D-01
 -2.836D-04  7.395D-01
 -2.898D-04  7.782D-01
 -3.169D-04  7.346D-01
 -3.204D-04  7.818D-01
 -3.522D-04  7.285D-01
 -3.522D-04  7.855D-01
 -3.899D-04  7.212D-01
 -3.853D-04  7.893D-01
 -4.305D-04  7.122D-01
 -4.198D-04  7.931D-01
 -4.742D-04  7.015D-01
 -4.557D-04  7.970D-01
 -5.219D-04  6.886D-01
 -4.932D-04  8.008D-01
 -5.742D-04  6.731D-01
 -5.324D-04  8.046D-01
 -6.321D-04  6.545D-01
 -5.732D-04  8.084D-01
 -6.970D-04  6.322D-01
 -6.158D-04  8.122D-01
 -7.711D-04  6.054D-01
 -6.603D-04  8.159D-01
 -8.571D-04  5.729D-01
 -7.067D-04  8.195D-01
 -9.598D-04  5.330D-01
 -7.550D-04  8.232D-01
 -1.087D-03  4.834D-01
 -8.053D-04  8.268D-01
 -1.254D-03  4.202D-01
 -8.576D-04  8.304D-01
 -1.491D-03  3.368D-01
 -9.119D-04  8.342D-01
 -1.883D-03  2.194D-01
 -9.680D-04  8.382D-01
 -2.787D-03  3.190D-02
 -1.026D-03  8.429D-01
 -2.351D-05  7.535D-01
 -3.682D-05  7.542D-01
 -4.932D-05  7.533D-01
 -6.143D-05  7.551D-01
 -7.365D-05  7.528D-01
 -8.552D-05  7.563D-01
 -9.798D-05  7.522D-01
 -1.097D-04  7.579D-01
 -1.227D-04  7.513D-01
 -1.343D-04  7.598D-01
 -1.480D-04  7.500D-01
 -1.593D-04  7.620D-01
 -1.741D-04  7.484D-01
 -1.849D-04  7.645D-01
 -2.011D-04  7.463D-01
 -2.112D-04  7.672D-01
 -2.293D-04  7.437D-01
 -2.383D-04  7.702D-01
 -2.588D-04  7.404D-01
 -2.664D-04  7.733D-01
 -2.898D-04  7.362D-01
 -2.954D-04  7.766D-01
 -3.226D-04  7.312D-01
 -3.255D-04  7.801D-01
 -3.574D-04  7.250D-01
 -3.568D-04  7.836D-01
 -3.945D-04  7.175D-01
 -3.894D-04  7.872D-01
 -4.343D-04  7.084D-01
 -4.233D-04  7.908D-01
 -4.774D-04  6.976D-01
 -4.586D-04  7.944D-01
 -5.241D-04  6.846D-01
 -4.954D-04  7.980D-01
 -5.753D-04  6.691D-01
 -5.339D-04  8.015D-01
 -6.320D-04  6.506D-01
 -5.740D-04  8.050D-01
 -6.954D-04  6.285D-01
 -6.158D-04  8.085D-01
 -7.676D-04  6.019D-01
 -6.594D-04  8.119D-01
 -8.512D-04  5.696D-01
 -7.048D-04  8.152D-01
 -9.509D-04  5.302D-01
 -7.522D-04  8.185D-01
 -1.074D-03  4.810D-01
 -8.014D-04  8.217D-01
 -1.235D-03  4.184D-01
 -8.526D-04  8.250D-01
 -1.463D-03  3.355D-01
 -9.057D-04  8.284D-01
 -1.840D-03  2.184D-01
 -9.605D-04  8.320D-01
 -2.707D-03  3.017D-02
 -1.017D-03  8.363D-01
 -2.282D-05  7.520D-01
 -3.578D-05  7.515D-01
 -4.785D-05  7.526D-01
 -5.974D-05  7.511D-01
 -7.136D-05  7.536D-01
 -8.327D-05  7.506D-01
 -9.475D-05  7.549D-01
 -1.070D-04  7.498D-01
 -1.184D-04  7.565D-01
 -1.312D-04  7.488D-01
 -1.424D-04  7.585D-01
 -1.560D-04  7.474D-01
 -1.669D-04  7.607D-01
 -1.817D-04  7.457D-01
 -1.920D-04  7.631D-01
 -2.083D-04  7.434D-01
 -2.179D-04  7.658D-01
 -2.360D-04  7.406D-01
 -2.446D-04  7.687D-01
 -2.651D-04  7.371D-01
 -2.721D-04  7.717D-01
 -2.956D-04  7.328D-01
 -3.007D-04  7.748D-01
 -3.279D-04  7.276D-01
 -3.303D-04  7.781D-01
 -3.622D-04  7.212D-01
 -3.611D-04  7.814D-01
 -3.987D-04  7.136D-01
 -3.931D-04  7.848D-01
 -4.379D-04  7.044D-01
 -4.265D-04  7.881D-01
 -4.801D-04  6.935D-01
 -4.612D-04  7.915D-01
 -5.260D-04  6.805D-01
 -4.974D-04  7.948D-01
 -5.762D-04  6.650D-01
 -5.352D-04  7.981D-01
 -6.316D-04  6.465D-01
 -5.745D-04  8.013D-01
 -6.936D-04  6.245D-01
 -6.156D-04  8.045D-01
 -7.639D-04  5.981D-01
 -6.583D-04  8.075D-01
 -8.453D-04  5.662D-01
 -7.029D-04  8.105D-01
 -9.420D-04  5.271D-01
 -7.493D-04  8.135D-01
 -1.061D-03  4.784D-01
 -7.975D-04  8.164D-01
 -1.217D-03  4.164D-01
 -8.476D-04  8.193D-01
 -1.437D-03  3.340D-01
 -8.995D-04  8.224D-01
 -1.799D-03  2.174D-01
 -9.531D-04  8.256D-01
 -2.630D-03  2.859D-02
 -1.008D-03  8.294D-01
 -2.218D-05  7.496D-01
 -3.474D-05  7.502D-01
 -4.653D-05  7.493D-01
 -5.795D-05  7.510D-01
 -6.945D-05  7.489D-01
 -8.067D-05  7.520D-01
 -9.234D-05  7.482D-01
 -1.035D-04  7.534D-01
 -1.156D-04  7.473D-01
 -1.265D-04  7.551D-01
 -1.393D-04  7.462D-01
 -1.501D-04  7.570D-01
 -1.637D-04  7.447D-01
 -1.741D-04  7.592D-01
 -1.889D-04  7.427D-01
 -1.988D-04  7.616D-01
 -2.151D-04  7.403D-01
 -2.242D-04  7.642D-01
 -2.424D-04  7.373D-01
 -2.505D-04  7.669D-01
 -2.710D-04  7.337D-01
 -2.776D-04  7.698D-01
 -3.011D-04  7.292D-01
 -3.057D-04  7.728D-01
 -3.329D-04  7.238D-01
 -3.349D-04  7.759D-01
 -3.667D-04  7.172D-01
 -3.652D-04  7.790D-01
 -4.026D-04  7.094D-01
 -3.967D-04  7.821D-01
 -4.411D-04  7.002D-01
 -4.295D-04  7.852D-01
 -4.826D-04  6.892D-01
 -4.636D-04  7.883D-01
 -5.276D-04  6.761D-01
 -4.992D-04  7.914D-01
 -5.768D-04  6.606D-01
 -5.363D-04  7.944D-01
 -6.310D-04  6.422D-01
 -5.749D-04  7.973D-01
 -6.915D-04  6.203D-01
 -6.152D-04  8.002D-01
 -7.600D-04  5.941D-01
 -6.571D-04  8.029D-01
 -8.391D-04  5.625D-01
 -7.008D-04  8.056D-01
 -9.330D-04  5.238D-01
 -7.463D-04  8.082D-01
 -1.049D-03  4.756D-01
 -7.935D-04  8.108D-01
 -1.199D-03  4.142D-01
 -8.425D-04  8.134D-01
 -1.411D-03  3.324D-01
 -8.933D-04  8.160D-01
 -1.759D-03  2.163D-01
 -9.458D-04  8.189D-01
 -2.556D-03  2.710D-02
 -9.996D-04  8.222D-01
 -2.155D-05  7.479D-01
 -3.379D-05  7.474D-01
 -4.518D-05  7.484D-01
 -5.639D-05  7.471D-01
 -6.737D-05  7.493D-01
 -7.858D-05  7.465D-01
 -8.944D-05  7.504D-01
 -1.009D-04  7.458D-01
 -1.117D-04  7.519D-01
 -1.237D-04  7.447D-01
 -1.343D-04  7.535D-01
 -1.469D-04  7.434D-01
 -1.574D-04  7.555D-01
 -1.709D-04  7.418D-01
 -1.810D-04  7.576D-01
 -1.957D-04  7.397D-01
 -2.053D-04  7.599D-01
 -2.215D-04  7.371D-01
 -2.303D-04  7.624D-01
 -2.484D-04  7.339D-01
 -2.561D-04  7.650D-01
 -2.766D-04  7.300D-01
 -2.828D-04  7.678D-01
 -3.063D-04  7.254D-01
 -3.104D-04  7.706D-01
 -3.376D-04  7.197D-01
 -3.391D-04  7.734D-01
 -3.708D-04  7.131D-01
 -3.689D-04  7.763D-01
 -4.062D-04  7.051D-01
 -3.999D-04  7.792D-01
 -4.441D-04  6.957D-01
 -4.322D-04  7.821D-01
 -4.848D-04  6.846D-01
 -4.658D-04  7.849D-01
 -5.289D-04  6.715D-01
 -5.008D-04  7.877D-01
 -5.771D-04  6.560D-01
 -5.372D-04  7.904D-01
 -6.301D-04  6.377D-01
 -5.752D-04  7.930D-01
 -6.891D-04  6.159D-01
 -6.147D-04  7.956D-01
 -7.559D-04  5.899D-01
 -6.558D-04  7.980D-01
 -8.329D-04  5.585D-01
 -6.986D-04  8.004D-01
 -9.240D-04  5.202D-01
 -7.432D-04  8.027D-01
 -1.036D-03  4.726D-01
 -7.894D-04  8.049D-01
 -1.181D-03  4.117D-01
 -8.374D-04  8.071D-01
 -1.385D-03  3.307D-01
 -8.871D-04  8.094D-01
 -1.720D-03  2.151D-01
 -9.384D-04  8.119D-01
 -2.485D-03  2.570D-02
 -9.910D-04  8.148D-01
 -2.096D-05  7.454D-01
 -3.284D-05  7.460D-01
 -4.396D-05  7.452D-01
 -5.476D-05  7.467D-01
 -6.561D-05  7.447D-01
 -7.621D-05  7.476D-01
 -8.719D-05  7.441D-01
 -9.772D-05  7.488D-01
 -1.090D-04  7.432D-01
 -1.195D-04  7.502D-01
 -1.313D-04  7.420D-01
 -1.417D-04  7.519D-01
 -1.542D-04  7.405D-01
 -1.643D-04  7.538D-01
 -1.778D-04  7.387D-01
 -1.875D-04  7.558D-01
 -2.022D-04  7.364D-01
 -2.114D-04  7.581D-01
 -2.276D-04  7.336D-01
 -2.360D-04  7.604D-01
 -2.542D-04  7.303D-01
 -2.614D-04  7.629D-01
 -2.820D-04  7.262D-01
 -2.876D-04  7.655D-01
 -3.112D-04  7.213D-01
 -3.149D-04  7.681D-01
 -3.420D-04  7.155D-01
 -3.431D-04  7.708D-01
 -3.747D-04  7.087D-01
 -3.725D-04  7.734D-01
 -4.095D-04  7.006D-01
 -4.030D-04  7.761D-01
 -4.467D-04  6.910D-01
 -4.347D-04  7.787D-01
 -4.867D-04  6.798D-01
 -4.678D-04  7.813D-01
 -5.300D-04  6.667D-01
 -5.022D-04  7.837D-01
 -5.771D-04  6.512D-01
 -5.380D-04  7.862D-01
 -6.289D-04  6.329D-01
 -5.752D-04  7.885D-01
 -6.866D-04  6.112D-01
 -6.140D-04  7.907D-01
 -7.517D-04  5.854D-01
 -6.544D-04  7.928D-01
 -8.266D-04  5.543D-01
 -6.963D-04  7.949D-01
 -9.150D-04  5.164D-01
 -7.400D-04  7.968D-01
 -1.023D-03  4.693D-01
 -7.853D-04  7.987D-01
 -1.163D-03  4.091D-01
 -8.322D-04  8.006D-01
 -1.360D-03  3.287D-01
 -8.808D-04  8.026D-01
 -1.682D-03  2.139D-01
 -9.310D-04  8.046D-01
 -2.416D-03  2.434D-02
 -9.825D-04  8.071D-01
 -2.039D-05  7.436D-01
 -3.195D-05  7.432D-01
 -4.273D-05  7.441D-01
 -5.332D-05  7.428D-01
 -6.371D-05  7.448D-01
 -7.427D-05  7.422D-01
 -8.456D-05  7.458D-01
 -9.534D-05  7.415D-01
 -1.056D-04  7.470D-01
 -1.167D-04  7.404D-01
 -1.269D-04  7.485D-01
 -1.386D-04  7.391D-01
 -1.486D-04  7.501D-01
 -1.611D-04  7.375D-01
 -1.709D-04  7.519D-01
 -1.844D-04  7.355D-01
 -1.937D-04  7.539D-01
 -2.084D-04  7.330D-01
 -2.172D-04  7.561D-01
 -2.334D-04  7.300D-01
 -2.414D-04  7.583D-01
 -2.596D-04  7.264D-01
 -2.664D-04  7.606D-01
 -2.870D-04  7.222D-01
 -2.923D-04  7.630D-01
 -3.157D-04  7.171D-01
 -3.191D-04  7.654D-01
 -3.461D-04  7.111D-01
 -3.469D-04  7.678D-01
 -3.783D-04  7.041D-01
 -3.758D-04  7.703D-01
 -4.125D-04  6.958D-01
 -4.058D-04  7.727D-01
 -4.491D-04  6.861D-01
 -4.371D-04  7.750D-01
 -4.883D-04  6.748D-01
 -4.696D-04  7.773D-01
 -5.307D-04  6.616D-01
 -5.034D-04  7.795D-01
 -5.769D-04  6.461D-01
 -5.385D-04  7.816D-01
 -6.276D-04  6.279D-01
 -5.751D-04  7.837D-01
 -6.839D-04  6.063D-01
 -6.132D-04  7.856D-01
 -7.473D-04  5.807D-01
 -6.528D-04  7.874D-01
 -8.201D-04  5.499D-01
 -6.939D-04  7.891D-01
 -9.059D-04  5.124D-01
 -7.367D-04  7.908D-01
 -1.011D-03  4.658D-01
 -7.810D-04  7.923D-01
 -1.146D-03  4.062D-01
 -8.270D-04  7.939D-01
 -1.336D-03  3.266D-01
 -8.746D-04  7.955D-01
 -1.645D-03  2.124D-01
 -9.237D-04  7.972D-01
 -2.350D-03  2.300D-02
 -9.740D-04  7.993D-01
 -1.984D-05  7.411D-01
 -3.108D-05  7.416D-01
 -4.161D-05  7.408D-01
 -5.183D-05  7.422D-01
 -6.207D-05  7.404D-01
 -7.212D-05  7.430D-01
 -8.246D-05  7.397D-01
 -9.245D-05  7.440D-01
 -1.031D-04  7.387D-01
 -1.130D-04  7.452D-01
 -1.241D-04  7.376D-01
 -1.339D-04  7.466D-01
 -1.456D-04  7.361D-01
 -1.553D-04  7.482D-01
 -1.677D-04  7.343D-01
 -1.771D-04  7.500D-01
 -1.906D-04  7.321D-01
 -1.996D-04  7.519D-01
 -2.143D-04  7.294D-01
 -2.227D-04  7.538D-01
 -2.389D-04  7.262D-01
 -2.465D-04  7.559D-01
 -2.647D-04  7.224D-01
 -2.711D-04  7.581D-01
 -2.917D-04  7.179D-01
 -2.966D-04  7.603D-01
 -3.200D-04  7.126D-01
 -3.230D-04  7.625D-01
 -3.499D-04  7.065D-01
 -3.505D-04  7.647D-01
 -3.816D-04  6.992D-01
 -3.789D-04  7.669D-01
 -4.153D-04  6.908D-01
 -4.085D-04  7.690D-01
 -4.512D-04  6.810D-01
 -4.392D-04  7.711D-01
 -4.897D-04  6.696D-01
 -4.711D-04  7.731D-01
 -5.313D-04  6.563D-01
 -5.044D-04  7.751D-01
 -5.765D-04  6.408D-01
 -5.389D-04  7.769D-01
 -6.260D-04  6.226D-01
 -5.749D-04  7.786D-01
 -6.810D-04  6.012D-01
 -6.122D-04  7.802D-01
 -7.427D-04  5.757D-01
 -6.511D-04  7.817D-01
 -8.136D-04  5.452D-01
 -6.914D-04  7.831D-01
 -8.969D-04  5.081D-01
 -7.333D-04  7.845D-01
 -9.985D-04  4.620D-01
 -7.767D-04  7.857D-01
 -1.129D-03  4.030D-01
 -8.217D-04  7.869D-01
 -1.312D-03  3.242D-01
 -8.683D-04  7.881D-01
 -1.610D-03  2.109D-01
 -9.163D-04  7.895D-01
 -2.287D-03  2.166D-02
 -9.656D-04  7.912D-01
 -1.931D-05  7.392D-01
 -3.027D-05  7.388D-01
 -4.047D-05  7.396D-01
 -5.050D-05  7.384D-01
 -6.033D-05  7.402D-01
 -7.031D-05  7.378D-01
 -8.006D-05  7.411D-01
 -9.022D-05  7.370D-01
 -9.993D-05  7.421D-01
 -1.104D-04  7.359D-01
 -1.201D-04  7.433D-01
 -1.310D-04  7.345D-01
 -1.406D-04  7.447D-01
 -1.522D-04  7.329D-01
 -1.616D-04  7.462D-01
 -1.740D-04  7.309D-01
 -1.831D-04  7.478D-01
 -1.965D-04  7.285D-01
 -2.052D-04  7.496D-01
 -2.198D-04  7.256D-01
 -2.279D-04  7.515D-01
 -2.441D-04  7.222D-01
 -2.514D-04  7.534D-01
 -2.695D-04  7.182D-01
 -2.756D-04  7.554D-01
 -2.961D-04  7.135D-01
 -3.008D-04  7.573D-01
 -3.240D-04  7.080D-01
 -3.268D-04  7.593D-01
 -3.535D-04  7.016D-01
 -3.538D-04  7.613D-01
 -3.846D-04  6.942D-01
 -3.818D-04  7.633D-01
 -4.177D-04  6.856D-01
 -4.109D-04  7.651D-01
 -4.530D-04  6.757D-01
 -4.411D-04  7.670D-01
 -4.908D-04  6.641D-01
 -4.725D-04  7.687D-01
 -5.316D-04  6.508D-01
 -5.052D-04  7.703D-01
 -5.758D-04  6.352D-01
 -5.392D-04  7.719D-01
 -6.242D-04  6.171D-01
 -5.745D-04  7.733D-01
 -6.779D-04  5.958D-01
 -6.111D-04  7.746D-01
 -7.381D-04  5.705D-01
 -6.492D-04  7.758D-01
 -8.069D-04  5.403D-01
 -6.888D-04  7.769D-01
 -8.878D-04  5.036D-01
 -7.298D-04  7.779D-01
 -9.862D-04  4.580D-01
 -7.724D-04  7.788D-01
 -1.113D-03  3.996D-01
 -8.164D-04  7.797D-01
 -1.289D-03  3.216D-01
 -8.619D-04  7.806D-01
 -1.576D-03  2.091D-01
 -9.089D-04  7.816D-01
 -2.225D-03  2.030D-02
 -9.571D-04  7.829D-01
 -1.881D-05  7.367D-01
 -2.946D-05  7.371D-01
 -3.943D-05  7.364D-01
 -4.912D-05  7.376D-01
 -5.881D-05  7.358D-01
 -6.834D-05  7.382D-01
 -7.811D-05  7.351D-01
 -8.759D-05  7.391D-01
 -9.759D-05  7.341D-01
 -1.070D-04  7.401D-01
 -1.174D-04  7.329D-01
 -1.268D-04  7.413D-01
 -1.377D-04  7.314D-01
 -1.470D-04  7.426D-01
 -1.585D-04  7.295D-01
 -1.676D-04  7.440D-01
 -1.799D-04  7.273D-01
 -1.887D-04  7.456D-01
 -2.021D-04  7.247D-01
 -2.105D-04  7.472D-01
 -2.251D-04  7.216D-01
 -2.329D-04  7.489D-01
 -2.491D-04  7.180D-01
 -2.560D-04  7.506D-01
 -2.741D-04  7.137D-01
 -2.799D-04  7.524D-01
 -3.003D-04  7.088D-01
 -3.047D-04  7.542D-01
 -3.278D-04  7.031D-01
 -3.303D-04  7.560D-01
 -3.568D-04  6.965D-01
 -3.569D-04  7.577D-01
 -3.874D-04  6.889D-01
 -3.845D-04  7.594D-01
 -4.200D-04  6.802D-01
 -4.131D-04  7.610D-01
 -4.546D-04  6.701D-01
 -4.428D-04  7.626D-01
 -4.917D-04  6.585D-01
 -4.738D-04  7.640D-01
 -5.316D-04  6.450D-01
 -5.059D-04  7.654D-01
 -5.749D-04  6.295D-01
 -5.392D-04  7.666D-01
 -6.223D-04  6.113D-01
 -5.739D-04  7.677D-01
 -6.746D-04  5.901D-01
 -6.099D-04  7.688D-01
 -7.332D-04  5.651D-01
 -6.473D-04  7.697D-01
 -8.002D-04  5.351D-01
 -6.860D-04  7.704D-01
 -8.787D-04  4.987D-01
 -7.263D-04  7.711D-01
 -9.740D-04  4.537D-01
 -7.679D-04  7.717D-01
 -1.096D-03  3.960D-01
 -8.110D-04  7.723D-01
 -1.266D-03  3.188D-01
 -8.556D-04  7.728D-01
 -1.542D-03  2.072D-01
 -9.015D-04  7.735D-01
 -2.166D-03  1.889D-02
 -9.486D-04  7.745D-01
 -1.832D-05  7.347D-01
 -2.871D-05  7.342D-01
 -3.839D-05  7.350D-01
 -4.789D-05  7.338D-01
 -5.722D-05  7.355D-01
 -6.666D-05  7.331D-01
 -7.592D-05  7.362D-01
 -8.550D-05  7.323D-01
 -9.474D-05  7.370D-01
 -1.046D-04  7.311D-01
 -1.138D-04  7.380D-01
 -1.240D-04  7.297D-01
 -1.332D-04  7.391D-01
 -1.440D-04  7.280D-01
 -1.530D-04  7.403D-01
 -1.645D-04  7.260D-01
 -1.733D-04  7.417D-01
 -1.856D-04  7.235D-01
 -1.941D-04  7.431D-01
 -2.074D-04  7.207D-01
 -2.155D-04  7.446D-01
 -2.301D-04  7.174D-01
 -2.376D-04  7.461D-01
 -2.537D-04  7.135D-01
 -2.604D-04  7.477D-01
 -2.784D-04  7.091D-01
 -2.840D-04  7.493D-01
 -3.042D-04  7.039D-01
 -3.083D-04  7.508D-01
 -3.313D-04  6.980D-01
 -3.336D-04  7.524D-01
 -3.598D-04  6.912D-01
 -3.598D-04  7.539D-01
 -3.900D-04  6.834D-01
 -3.869D-04  7.553D-01
 -4.219D-04  6.745D-01
 -4.151D-04  7.567D-01
 -4.560D-04  6.643D-01
 -4.444D-04  7.579D-01
 -4.923D-04  6.525D-01
 -4.748D-04  7.591D-01
 -5.315D-04  6.390D-01
 -5.064D-04  7.602D-01
 -5.738D-04  6.234D-01
 -5.391D-04  7.611D-01
 -6.201D-04  6.053D-01
 -5.732D-04  7.620D-01
 -6.712D-04  5.842D-01
 -6.085D-04  7.627D-01
 -7.283D-04  5.593D-01
 -6.452D-04  7.633D-01
 -7.935D-04  5.297D-01
 -6.832D-04  7.638D-01
 -8.696D-04  4.937D-01
 -7.226D-04  7.641D-01
 -9.620D-04  4.491D-01
 -7.634D-04  7.644D-01
 -1.080D-03  3.921D-01
 -8.056D-04  7.647D-01
 -1.244D-03  3.158D-01
 -8.492D-04  7.649D-01
 -1.510D-03  2.051D-01
 -8.941D-04  7.652D-01
 -2.109D-03  1.742D-02
 -9.402D-04  7.658D-01
 -1.786D-05  7.321D-01
 -2.797D-05  7.325D-01
 -3.743D-05  7.317D-01
 -4.662D-05  7.328D-01
 -5.581D-05  7.311D-01
 -6.485D-05  7.333D-01
 -7.409D-05  7.303D-01
 -8.310D-05  7.340D-01
 -9.253D-05  7.293D-01
 -1.015D-04  7.348D-01
 -1.113D-04  7.280D-01
 -1.202D-04  7.358D-01
 -1.304D-04  7.264D-01
 -1.393D-04  7.368D-01
 -1.500D-04  7.245D-01
 -1.588D-04  7.379D-01
 -1.701D-04  7.222D-01
 -1.787D-04  7.392D-01
 -1.910D-04  7.196D-01
 -1.992D-04  7.405D-01
 -2.125D-04  7.165D-01
 -2.203D-04  7.418D-01
 -2.349D-04  7.130D-01
 -2.421D-04  7.432D-01
 -2.581D-04  7.089D-01
 -2.646D-04  7.445D-01
 -2.824D-04  7.042D-01
 -2.878D-04  7.459D-01
 -3.079D-04  6.988D-01
 -3.118D-04  7.473D-01
 -3.345D-04  6.927D-01
 -3.367D-04  7.486D-01
 -3.626D-04  6.857D-01
 -3.625D-04  7.498D-01
 -3.923D-04  6.777D-01
 -3.892D-04  7.510D-01
 -4.237D-04  6.686D-01
 -4.170D-04  7.521D-01
 -4.571D-04  6.582D-01
 -4.458D-04  7.531D-01
 -4.928D-04  6.464D-01
 -4.757D-04  7.540D-01
 -5.311D-04  6.328D-01
 -5.067D-04  7.548D-01
 -5.726D-04  6.172D-01
 -5.389D-04  7.554D-01
 -6.178D-04  5.991D-01
 -5.723D-04  7.560D-01
 -6.676D-04  5.781D-01
 -6.070D-04  7.564D-01
 -7.233D-04  5.534D-01
 -6.430D-04  7.567D-01
 -7.866D-04  5.240D-01
 -6.802D-04  7.569D-01
 -8.606D-04  4.884D-01
 -7.188D-04  7.570D-01
 -9.500D-04  4.443D-01
 -7.588D-04  7.569D-01
 -1.064D-03  3.880D-01
 -8.001D-04  7.569D-01
 -1.223D-03  3.124D-01
 -8.428D-04  7.568D-01
 -1.478D-03  2.028D-01
 -8.867D-04  7.568D-01
 -2.054D-03  1.586D-02
 -9.318D-04  7.570D-01
 -1.740D-05  7.299D-01
 -2.727D-05  7.295D-01
 -3.646D-05  7.302D-01
 -4.547D-05  7.290D-01
 -5.434D-05  7.306D-01
 -6.328D-05  7.283D-01
 -7.208D-05  7.311D-01
 -8.114D-05  7.274D-01
 -8.993D-05  7.318D-01
 -9.921D-05  7.262D-01
 -1.080D-04  7.325D-01
 -1.176D-04  7.247D-01
 -1.264D-04  7.334D-01
 -1.364D-04  7.229D-01
 -1.451D-04  7.344D-01
 -1.557D-04  7.208D-01
 -1.643D-04  7.354D-01
 -1.756D-04  7.183D-01
 -1.839D-04  7.365D-01
 -1.961D-04  7.154D-01
 -2.041D-04  7.377D-01
 -2.173D-04  7.121D-01
 -2.249D-04  7.388D-01
 -2.393D-04  7.083D-01
 -2.464D-04  7.400D-01
 -2.623D-04  7.040D-01
 -2.685D-04  7.412D-01
 -2.862D-04  6.991D-01
 -2.914D-04  7.424D-01
 -3.113D-04  6.935D-01
 -3.150D-04  7.435D-01
 -3.375D-04  6.871D-01
 -3.396D-04  7.445D-01
 -3.652D-04  6.799D-01
 -3.650D-04  7.455D-01
 -3.943D-04  6.717D-01
 -3.913D-04  7.465D-01
 -4.252D-04  6.625D-01
 -4.186D-04  7.473D-01
 -4.580D-04  6.520D-01
 -4.470D-04  7.480D-01
 -4.930D-04  6.400D-01
 -4.764D-04  7.486D-01
 -5.305D-04  6.263D-01
 -5.069D-04  7.491D-01
 -5.711D-04  6.107D-01
 -5.385D-04  7.495D-01
 -6.153D-04  5.927D-01
 -5.713D-04  7.498D-01
 -6.639D-04  5.717D-01
 -6.054D-04  7.499D-01
 -7.181D-04  5.472D-01
 -6.406D-04  7.499D-01
 -7.797D-04  5.180D-01
 -6.772D-04  7.498D-01
 -8.515D-04  4.828D-01
 -7.150D-04  7.496D-01
 -9.382D-04  4.392D-01
 -7.541D-04  7.493D-01
 -1.049D-03  3.836D-01
 -7.946D-04  7.489D-01
 -1.201D-03  3.089D-01
 -8.363D-04  7.485D-01
 -1.447D-03  2.002D-01
 -8.793D-04  7.482D-01
 -2.001D-03  1.421D-02
 -9.234D-04  7.481D-01
 -1.697D-05  7.273D-01
 -2.658D-05  7.276D-01
 -3.557D-05  7.269D-01
 -4.431D-05  7.279D-01
 -5.302D-05  7.262D-01
 -6.162D-05  7.283D-01
 -7.037D-05  7.254D-01
 -7.895D-05  7.288D-01
 -8.785D-05  7.243D-01
 -9.643D-05  7.294D-01
 -1.056D-04  7.229D-01
 -1.142D-04  7.301D-01
 -1.237D-04  7.212D-01
 -1.322D-04  7.309D-01
 -1.422D-04  7.192D-01
 -1.507D-04  7.318D-01
 -1.612D-04  7.169D-01
 -1.695D-04  7.327D-01
 -1.807D-04  7.142D-01
 -1.889D-04  7.337D-01
 -2.009D-04  7.111D-01
 -2.088D-04  7.347D-01
 -2.219D-04  7.075D-01
 -2.293D-04  7.357D-01
 -2.436D-04  7.035D-01
 -2.504D-04  7.367D-01
 -2.662D-04  6.989D-01
 -2.722D-04  7.376D-01
 -2.898D-04  6.938D-01
 -2.948D-04  7.386D-01
 -3.145D-04  6.879D-01
 -3.181D-04  7.395D-01
 -3.403D-04  6.813D-01
 -3.423D-04  7.403D-01
 -3.675D-04  6.739D-01
 -3.673D-04  7.411D-01
 -3.962D-04  6.656D-01
 -3.932D-04  7.417D-01
 -4.265D-04  6.561D-01
 -4.201D-04  7.423D-01
 -4.587D-04  6.455D-01
 -4.480D-04  7.427D-01
 -4.930D-04  6.334D-01
 -4.769D-04  7.431D-01
 -5.298D-04  6.196D-01
 -5.069D-04  7.433D-01
 -5.695D-04  6.040D-01
 -5.380D-04  7.434D-01
 -6.126D-04  5.859D-01
 -5.702D-04  7.434D-01
 -6.600D-04  5.651D-01
 -6.036D-04  7.432D-01
 -7.129D-04  5.407D-01
 -6.382D-04  7.429D-01
 -7.728D-04  5.118D-01
 -6.740D-04  7.425D-01
 -8.425D-04  4.769D-01
 -7.111D-04  7.420D-01
 -9.265D-04  4.339D-01
 -7.494D-04  7.414D-01
 -1.033D-03  3.789D-01
 -7.890D-04  7.407D-01
 -1.181D-03  3.051D-01
 -8.298D-04  7.400D-01
 -1.418D-03  1.975D-01
 -8.718D-04  7.394D-01
 -1.950D-03  1.243D-02
 -9.149D-04  7.390D-01
 -1.655D-05  7.251D-01
 -2.593D-05  7.246D-01
 -3.468D-05  7.253D-01
 -4.324D-05  7.241D-01
 -5.167D-05  7.255D-01
 -6.015D-05  7.233D-01
 -6.853D-05  7.259D-01
 -7.710D-05  7.223D-01
 -8.547D-05  7.264D-01
 -9.424D-05  7.210D-01
 -1.026D-04  7.270D-01
 -1.117D-04  7.194D-01
 -1.200D-04  7.276D-01
 -1.294D-04  7.175D-01
 -1.378D-04  7.283D-01
 -1.477D-04  7.153D-01
 -1.559D-04  7.291D-01
 -1.664D-04  7.128D-01
 -1.745D-04  7.299D-01
 -1.856D-04  7.099D-01
 -1.936D-04  7.307D-01
 -2.056D-04  7.065D-01
 -2.132D-04  7.315D-01
 -2.262D-04  7.027D-01
 -2.334D-04  7.323D-01
 -2.476D-04  6.985D-01
 -2.542D-04  7.331D-01
 -2.699D-04  6.936D-01
 -2.757D-04  7.339D-01
 -2.931D-04  6.882D-01
 -2.980D-04  7.346D-01
 -3.174D-04  6.822D-01
 -3.210D-04  7.353D-01
 -3.429D-04  6.753D-01
 -3.448D-04  7.359D-01
 -3.696D-04  6.677D-01
 -3.694D-04  7.364D-01
 -3.978D-04  6.592D-01
 -3.950D-04  7.368D-01
 -4.276D-04  6.495D-01
 -4.214D-04  7.371D-01
 -4.592D-04  6.387D-01
 -4.489D-04  7.372D-01
 -4.928D-04  6.265D-01
 -4.773D-04  7.373D-01
 -5.288D-04  6.127D-01
 -5.068D-04  7.373D-01
 -5.676D-04  5.970D-01
 -5.373D-04  7.371D-01
 -6.098D-04  5.790D-01
 -5.690D-04  7.368D-01
 -6.561D-04  5.582D-01
 -6.017D-04  7.363D-01
 -7.075D-04  5.340D-01
 -6.357D-04  7.358D-01
 -7.658D-04  5.053D-01
 -6.708D-04  7.351D-01
 -8.335D-04  4.708D-01
 -7.071D-04  7.343D-01
 -9.149D-04  4.283D-01
 -7.446D-04  7.334D-01
 -1.018D-03  3.739D-01
 -7.833D-04  7.324D-01
 -1.160D-03  3.010D-01
 -8.233D-04  7.314D-01
 -1.389D-03  1.945D-01
 -8.644D-04  7.305D-01
 -1.900D-03  1.052D-02
 -9.065D-04  7.297D-01
 -1.615D-05  7.223D-01
 -2.529D-05  7.226D-01
 -3.384D-05  7.219D-01
 -4.216D-05  7.228D-01
 -5.044D-05  7.212D-01
 -5.862D-05  7.231D-01
 -6.692D-05  7.203D-01
 -7.509D-05  7.235D-01
 -8.352D-05  7.191D-01
 -9.169D-05  7.239D-01
 -1.003D-04  7.176D-01
 -1.085D-04  7.244D-01
 -1.175D-04  7.158D-01
 -1.256D-04  7.250D-01
 -1.350D-04  7.137D-01
 -1.431D-04  7.256D-01
 -1.529D-04  7.113D-01
 -1.610D-04  7.262D-01
 -1.713D-04  7.085D-01
 -1.793D-04  7.269D-01
 -1.903D-04  7.053D-01
 -1.981D-04  7.275D-01
 -2.100D-04  7.017D-01
 -2.174D-04  7.282D-01
 -2.303D-04  6.977D-01
 -2.373D-04  7.288D-01
 -2.514D-04  6.932D-01
 -2.579D-04  7.294D-01
 -2.734D-04  6.881D-01
 -2.791D-04  7.299D-01
 -2.963D-04  6.825D-01
 -3.010D-04  7.304D-01
 -3.202D-04  6.762D-01
 -3.237D-04  7.309D-01
 -3.452D-04  6.691D-01
 -3.471D-04  7.312D-01
 -3.715D-04  6.613D-01
 -3.714D-04  7.314D-01
 -3.992D-04  6.525D-01
 -3.965D-04  7.316D-01
 -4.285D-04  6.427D-01
 -4.226D-04  7.316D-01
 -4.595D-04  6.318D-01
 -4.496D-04  7.316D-01
 -4.924D-04  6.195D-01
 -4.775D-04  7.313D-01
 -5.277D-04  6.056D-01
 -5.065D-04  7.310D-01
 -5.657D-04  5.898D-01
 -5.365D-04  7.306D-01
 -6.068D-04  5.718D-01
 -5.676D-04  7.300D-01
 -6.520D-04  5.511D-01
 -5.997D-04  7.292D-01
 -7.021D-04  5.270D-01
 -6.330D-04  7.284D-01
 -7.588D-04  4.986D-01
 -6.674D-04  7.274D-01
 -8.245D-04  4.645D-01
 -7.030D-04  7.264D-01
 -9.033D-04  4.224D-01
 -7.397D-04  7.252D-01
 -1.003D-03  3.687D-01
 -7.776D-04  7.239D-01
 -1.141D-03  2.966D-01
 -8.167D-04  7.227D-01
 -1.360D-03  1.912D-01
 -8.569D-04  7.214D-01
 -1.853D-03  8.466D-03
 -8.981D-04  7.203D-01
 -1.576D-05  7.200D-01
 -2.469D-05  7.196D-01
 -3.301D-05  7.201D-01
 -4.116D-05  7.190D-01
 -4.919D-05  7.203D-01
 -5.725D-05  7.182D-01
 -6.522D-05  7.206D-01
 -7.336D-05  7.171D-01
 -8.134D-05  7.209D-01
 -8.963D-05  7.157D-01
 -9.763D-05  7.213D-01
 -1.061D-04  7.140D-01
 -1.142D-04  7.217D-01
 -1.230D-04  7.120D-01
 -1.310D-04  7.222D-01
 -1.402D-04  7.097D-01
 -1.482D-04  7.227D-01
 -1.579D-04  7.070D-01
 -1.658D-04  7.232D-01
 -1.760D-04  7.040D-01
 -1.838D-04  7.237D-01
 -1.948D-04  7.006D-01
 -2.024D-04  7.242D-01
 -2.141D-04  6.968D-01
 -2.214D-04  7.246D-01
 -2.342D-04  6.925D-01
 -2.411D-04  7.251D-01
 -2.550D-04  6.877D-01
 -2.613D-04  7.255D-01
 -2.766D-04  6.824D-01
 -2.822D-04  7.258D-01
 -2.992D-04  6.765D-01
 -3.038D-04  7.261D-01
 -3.227D-04  6.700D-01
 -3.262D-04  7.262D-01
 -3.474D-04  6.627D-01
 -3.493D-04  7.263D-01
 -3.732D-04  6.546D-01
 -3.732D-04  7.263D-01
 -4.005D-04  6.457D-01
 -3.979D-04  7.262D-01
 -4.292D-04  6.357D-01
 -4.236D-04  7.260D-01
 -4.596D-04  6.246D-01
 -4.501D-04  7.257D-01
 -4.919D-04  6.122D-01
 -4.776D-04  7.252D-01
 -5.264D-04  5.982D-01
 -5.061D-04  7.246D-01
 -5.635D-04  5.824D-01
 -5.356D-04  7.239D-01
 -6.037D-04  5.644D-01
 -5.660D-04  7.230D-01
 -6.477D-04  5.438D-01
 -5.976D-04  7.220D-01
 -6.966D-04  5.198D-01
 -6.302D-04  7.209D-01
 -7.517D-04  4.917D-01
 -6.640D-04  7.196D-01
 -8.155D-04  4.578D-01
 -6.988D-04  7.183D-01
 -8.919D-04  4.162D-01
 -7.348D-04  7.168D-01
 -9.885D-04  3.632D-01
 -7.719D-04  7.153D-01
 -1.121D-03  2.920D-01
 -8.101D-04  7.137D-01
 -1.333D-03  1.878D-01
 -8.494D-04  7.122D-01
 -1.806D-03  6.253D-03
 -8.897D-04  7.108D-01
 -1.538D-05  7.172D-01
 -2.410D-05  7.175D-01
 -3.223D-05  7.167D-01
 -4.016D-05  7.176D-01
 -4.804D-05  7.160D-01
 -5.583D-05  7.178D-01
 -6.372D-05  7.150D-01
 -7.150D-05  7.180D-01
 -7.949D-05  7.137D-01
 -8.729D-05  7.183D-01
 -9.546D-05  7.121D-01
 -1.033D-04  7.186D-01
 -1.117D-04  7.102D-01
 -1.196D-04  7.189D-01
 -1.283D-04  7.080D-01
 -1.361D-04  7.193D-01
 -1.452D-04  7.055D-01
 -1.531D-04  7.196D-01
 -1.626D-04  7.026D-01
 -1.704D-04  7.200D-01
 -1.805D-04  6.993D-01
 -1.882D-04  7.203D-01
 -1.990D-04  6.957D-01
 -2.064D-04  7.206D-01
 -2.181D-04  6.916D-01
 -2.252D-04  7.209D-01
 -2.378D-04  6.870D-01
 -2.446D-04  7.212D-01
 -2.584D-04  6.820D-01
 -2.646D-04  7.213D-01
 -2.797D-04  6.764D-01
 -2.852D-04  7.215D-01
 -3.019D-04  6.703D-01
 -3.065D-04  7.215D-01
 -3.251D-04  6.635D-01
 -3.285D-04  7.214D-01
 -3.493D-04  6.560D-01
 -3.513D-04  7.213D-01
 -3.747D-04  6.478D-01
 -3.748D-04  7.210D-01
 -4.015D-04  6.386D-01
 -3.992D-04  7.207D-01
 -4.297D-04  6.285D-01
 -4.244D-04  7.202D-01
 -4.595D-04  6.172D-01
 -4.505D-04  7.196D-01
 -4.911D-04  6.046D-01
 -4.776D-04  7.188D-01
 -5.249D-04  5.906D-01
 -5.055D-04  7.180D-01
 -5.612D-04  5.747D-01
 -5.345D-04  7.170D-01
 -6.005D-04  5.568D-01
 -5.644D-04  7.158D-01
 -6.434D-04  5.362D-01
 -5.954D-04  7.146D-01
 -6.910D-04  5.124D-01
 -6.274D-04  7.132D-01
 -7.446D-04  4.844D-01
 -6.604D-04  7.117D-01
 -8.065D-04  4.510D-01
 -6.946D-04  7.101D-01
 -8.806D-04  4.098D-01
 -7.298D-04  7.083D-01
 -9.741D-04  3.575D-01
 -7.661D-04  7.065D-01
 -1.102D-03  2.872D-01
 -8.035D-04  7.047D-01
 -1.306D-03  1.841D-01
 -8.419D-04  7.029D-01
 -1.762D-03  3.870D-03
 -8.813D-04  7.012D-01
 -1.502D-05  7.148D-01
 -2.353D-05  7.144D-01
 -3.147D-05  7.149D-01
 -3.922D-05  7.137D-01
 -4.687D-05  7.150D-01
 -5.455D-05  7.128D-01
 -6.215D-05  7.151D-01
 -6.987D-05  7.116D-01
 -7.748D-05  7.153D-01
 -8.534D-05  7.102D-01
 -9.298D-05  7.155D-01
 -1.010D-04  7.084D-01
 -1.087D-04  7.157D-01
 -1.170D-04  7.063D-01
 -1.247D-04  7.160D-01
 -1.333D-04  7.038D-01
 -1.410D-04  7.162D-01
 -1.500D-04  7.011D-01
 -1.577D-04  7.164D-01
 -1.672D-04  6.979D-01
 -1.748D-04  7.166D-01
 -1.848D-04  6.944D-01
 -1.923D-04  7.168D-01
 -2.030D-04  6.905D-01
 -2.103D-04  7.169D-01
 -2.218D-04  6.862D-01
 -2.289D-04  7.170D-01
 -2.413D-04  6.814D-01
 -2.480D-04  7.171D-01
 -2.615D-04  6.761D-01
 -2.677D-04  7.170D-01
 -2.825D-04  6.703D-01
 -2.880D-04  7.169D-01
 -3.044D-04  6.639D-01
 -3.090D-04  7.167D-01
 -3.272D-04  6.569D-01
 -3.307D-04  7.164D-01
 -3.511D-04  6.491D-01
 -3.531D-04  7.160D-01
 -3.761D-04  6.407D-01
 -3.763D-04  7.155D-01
 -4.023D-04  6.313D-01
 -4.003D-04  7.149D-01
 -4.300D-04  6.210D-01
 -4.251D-04  7.142D-01
 -4.592D-04  6.096D-01
 -4.508D-04  7.133D-01
 -4.902D-04  5.969D-01
 -4.774D-04  7.123D-01
 -5.233D-04  5.827D-01
 -5.048D-04  7.112D-01
 -5.588D-04  5.669D-01
 -5.333D-04  7.099D-01
 -5.971D-04  5.489D-01
 -5.627D-04  7.085D-01
 -6.390D-04  5.284D-01
 -5.930D-04  7.070D-01
 -6.853D-04  5.047D-01
 -6.244D-04  7.053D-01
 -7.374D-04  4.770D-01
 -6.568D-04  7.036D-01
 -7.976D-04  4.438D-01
 -6.902D-04  7.017D-01
 -8.694D-04  4.032D-01
 -7.247D-04  6.997D-01
 -9.598D-04  3.515D-01
 -7.603D-04  6.976D-01
 -1.084D-03  2.820D-01
 -7.968D-04  6.955D-01
 -1.280D-03  1.801D-01
 -8.344D-04  6.934D-01
 -1.719D-03  1.307D-03
 -8.729D-04  6.915D-01
 -1.467D-05  7.119D-01
 -2.298D-05  7.122D-01
 -3.074D-05  7.114D-01
 -3.829D-05  7.122D-01
 -4.580D-05  7.106D-01
 -5.323D-05  7.123D-01
 -6.073D-05  7.095D-01
 -6.816D-05  7.124D-01
 -7.574D-05  7.082D-01
 -8.319D-05  7.125D-01
 -9.093D-05  7.065D-01
 -9.841D-05  7.126D-01
 -1.064D-04  7.045D-01
 -1.139D-04  7.128D-01
 -1.221D-04  7.021D-01
 -1.296D-04  7.129D-01
 -1.381D-04  6.995D-01
 -1.457D-04  7.130D-01
 -1.546D-04  6.965D-01
 -1.621D-04  7.130D-01
 -1.715D-04  6.931D-01
 -1.790D-04  7.131D-01
 -1.889D-04  6.893D-01
 -1.963D-04  7.131D-01
 -2.068D-04  6.852D-01
 -2.140D-04  7.131D-01
 -2.254D-04  6.806D-01
 -2.323D-04  7.130D-01
 -2.446D-04  6.755D-01
 -2.511D-04  7.128D-01
 -2.645D-04  6.700D-01
 -2.706D-04  7.125D-01
 -2.852D-04  6.639D-01
 -2.906D-04  7.122D-01
 -3.067D-04  6.573D-01
 -3.113D-04  7.118D-01
 -3.292D-04  6.500D-01
 -3.327D-04  7.112D-01
 -3.526D-04  6.421D-01
 -3.548D-04  7.106D-01
 -3.772D-04  6.334D-01
 -3.776D-04  7.099D-01
 -4.030D-04  6.238D-01
 -4.012D-04  7.090D-01
 -4.301D-04  6.133D-01
 -4.257D-04  7.080D-01
 -4.588D-04  6.017D-01
 -4.509D-04  7.069D-01
 -4.892D-04  5.889D-01
 -4.770D-04  7.056D-01
 -5.215D-04  5.747D-01
 -5.040D-04  7.042D-01
 -5.562D-04  5.588D-01
 -5.319D-04  7.027D-01
 -5.936D-04  5.408D-01
 -5.608D-04  7.010D-01
 -6.345D-04  5.204D-01
 -5.906D-04  6.993D-01
 -6.796D-04  4.968D-01
 -6.213D-04  6.973D-01
 -7.303D-04  4.693D-01
 -6.531D-04  6.953D-01
 -7.886D-04  4.365D-01
 -6.858D-04  6.932D-01
 -8.583D-04  3.963D-01
 -7.196D-04  6.909D-01
 -9.458D-04  3.452D-01
 -7.544D-04  6.886D-01
 -1.065D-03  2.766D-01
 -7.901D-04  6.862D-01
 -1.255D-03  1.758D-01
 -8.269D-04  6.839D-01
 -1.677D-03 -1.446D-03
 -8.645D-04  6.816D-01
 -1.433D-05  7.095D-01
 -2.245D-05  7.090D-01
 -3.002D-05  7.095D-01
 -3.742D-05  7.083D-01
 -4.472D-05  7.095D-01
 -5.202D-05  7.074D-01
 -5.928D-05  7.095D-01
 -6.663D-05  7.061D-01
 -7.389D-05  7.096D-01
 -8.135D-05  7.045D-01
 -8.865D-05  7.096D-01
 -9.627D-05  7.026D-01
 -1.036D-04  7.096D-01
 -1.114D-04  7.004D-01
 -1.188D-04  7.096D-01
 -1.269D-04  6.978D-01
 -1.343D-04  7.096D-01
 -1.427D-04  6.949D-01
 -1.502D-04  7.096D-01
 -1.589D-04  6.917D-01
 -1.664D-04  7.095D-01
 -1.756D-04  6.880D-01
 -1.830D-04  7.094D-01
 -1.928D-04  6.840D-01
 -2.000D-04  7.092D-01
 -2.104D-04  6.796D-01
 -2.175D-04  7.090D-01
 -2.287D-04  6.747D-01
 -2.356D-04  7.087D-01
 -2.476D-04  6.694D-01
 -2.541D-04  7.083D-01
 -2.673D-04  6.636D-01
 -2.733D-04  7.078D-01
 -2.876D-04  6.573D-01
 -2.931D-04  7.073D-01
 -3.088D-04  6.504D-01
 -3.135D-04  7.066D-01
 -3.309D-04  6.429D-01
 -3.345D-04  7.059D-01
 -3.540D-04  6.347D-01
 -3.563D-04  7.050D-01
 -3.781D-04  6.258D-01
 -3.788D-04  7.040D-01
 -4.034D-04  6.161D-01
 -4.020D-04  7.029D-01
 -4.301D-04  6.054D-01
 -4.261D-04  7.016D-01
 -4.582D-04  5.937D-01
 -4.509D-04  7.002D-01
 -4.879D-04  5.808D-01
 -4.766D-04  6.987D-01
 -5.196D-04  5.664D-01
 -5.031D-04  6.971D-01
 -5.535D-04  5.505D-01
 -5.305D-04  6.953D-01
 -5.900D-04  5.325D-01
 -5.588D-04  6.934D-01
 -6.298D-04  5.121D-01
 -5.880D-04  6.914D-01
 -6.738D-04  4.887D-01
 -6.182D-04  6.892D-01
 -7.231D-04  4.614D-01
 -6.493D-04  6.869D-01
 -7.798D-04  4.288D-01
 -6.814D-04  6.845D-01
 -8.473D-04  3.891D-01
 -7.144D-04  6.820D-01
 -9.319D-04  3.386D-01
 -7.484D-04  6.794D-01
 -1.047D-03  2.709D-01
 -7.834D-04  6.768D-01
 -1.231D-03  1.714D-01
 -8.193D-04  6.742D-01
 -1.637D-03 -4.397D-03
 -8.561D-04  6.717D-01
 -1.401D-05  7.065D-01
 -2.193D-05  7.067D-01
 -2.934D-05  7.060D-01
 -3.655D-05  7.067D-01
 -4.371D-05  7.051D-01
 -5.080D-05  7.067D-01
 -5.795D-05  7.040D-01
 -6.504D-05  7.067D-01
 -7.225D-05  7.025D-01
 -7.937D-05  7.066D-01
 -8.670D-05  7.007D-01
 -9.387D-05  7.066D-01
 -1.014D-04  6.986D-01
 -1.086D-04  7.065D-01
 -1.163D-04  6.961D-01
 -1.236D-04  7.064D-01
 -1.315D-04  6.933D-01
 -1.388D-04  7.063D-01
 -1.471D-04  6.902D-01
 -1.544D-04  7.061D-01
 -1.631D-04  6.867D-01
 -1.704D-04  7.058D-01
 -1.795D-04  6.828D-01
 -1.868D-04  7.055D-01
 -1.964D-04  6.785D-01
 -2.036D-04  7.052D-01
 -2.139D-04  6.738D-01
 -2.209D-04  7.048D-01
 -2.319D-04  6.687D-01
 -2.387D-04  7.043D-01
 -2.505D-04  6.631D-01
 -2.570D-04  7.037D-01
 -2.699D-04  6.571D-01
 -2.759D-04  7.030D-01
 -2.899D-04  6.505D-01
 -2.954D-04  7.022D-01
 -3.108D-04  6.434D-01
 -3.155D-04  7.013D-01
 -3.325D-04  6.356D-01
 -3.362D-04  7.003D-01
 -3.552D-04  6.272D-01
 -3.577D-04  6.992D-01
 -3.789D-04  6.181D-01
 -3.798D-04  6.980D-01
 -4.037D-04  6.082D-01
 -4.027D-04  6.966D-01
 -4.299D-04  5.973D-01
 -4.263D-04  6.951D-01
 -4.574D-04  5.854D-01
 -4.507D-04  6.935D-01
 -4.865D-04  5.724D-01
 -4.760D-04  6.917D-01
 -5.175D-04  5.580D-01
 -5.020D-04  6.898D-01
 -5.506D-04  5.419D-01
 -5.289D-04  6.878D-01
 -5.863D-04  5.240D-01
 -5.567D-04  6.856D-01
 -6.251D-04  5.036D-01
 -5.854D-04  6.833D-01
 -6.679D-04  4.803D-01
 -6.149D-04  6.809D-01
 -7.158D-04  4.532D-01
 -6.454D-04  6.784D-01
 -7.709D-04  4.210D-01
 -6.768D-04  6.757D-01
 -8.363D-04  3.817D-01
 -7.092D-04  6.730D-01
 -9.183D-04  3.318D-01
 -7.424D-04  6.702D-01
 -1.030D-03  2.650D-01
 -7.766D-04  6.673D-01
 -1.207D-03  1.666D-01
 -8.117D-04  6.644D-01
 -1.598D-03 -7.554D-03
 -8.477D-04  6.617D-01
 -1.369D-05  7.040D-01
 -2.144D-05  7.035D-01
 -2.867D-05  7.039D-01
 -3.573D-05  7.028D-01
 -4.270D-05  7.039D-01
 -4.967D-05  7.017D-01
 -5.659D-05  7.038D-01
 -6.359D-05  7.004D-01
 -7.054D-05  7.037D-01
 -7.762D-05  6.987D-01
 -8.460D-05  7.036D-01
 -9.182D-05  6.967D-01
 -9.886D-05  7.034D-01
 -1.062D-04  6.943D-01
 -1.133D-04  7.032D-01
 -1.209D-04  6.916D-01
 -1.281D-04  7.030D-01
 -1.360D-04  6.886D-01
 -1.431D-04  7.027D-01
 -1.513D-04  6.852D-01
 -1.585D-04  7.024D-01
 -1.671D-04  6.814D-01
 -1.743D-04  7.020D-01
 -1.833D-04  6.773D-01
 -1.904D-04  7.015D-01
 -1.999D-04  6.728D-01
 -2.070D-04  7.010D-01
 -2.171D-04  6.678D-01
 -2.240D-04  7.004D-01
 -2.349D-04  6.624D-01
 -2.416D-04  6.996D-01
 -2.532D-04  6.566D-01
 -2.597D-04  6.988D-01
 -2.723D-04  6.503D-01
 -2.783D-04  6.979D-01
 -2.920D-04  6.435D-01
 -2.975D-04  6.969D-01
 -3.125D-04  6.361D-01
 -3.173D-04  6.958D-01
 -3.339D-04  6.281D-01
 -3.378D-04  6.946D-01
 -3.562D-04  6.195D-01
 -3.589D-04  6.932D-01
 -3.795D-04  6.102D-01
 -3.807D-04  6.917D-01
 -4.039D-04  6.000D-01
 -4.032D-04  6.901D-01
 -4.295D-04  5.890D-01
 -4.265D-04  6.884D-01
 -4.565D-04  5.770D-01
 -4.505D-04  6.865D-01
 -4.850D-04  5.638D-01
 -4.753D-04  6.845D-01
 -5.153D-04  5.493D-01
 -5.008D-04  6.824D-01
 -5.477D-04  5.332D-01
 -5.273D-04  6.801D-01
 -5.825D-04  5.152D-01
 -5.545D-04  6.777D-01
 -6.203D-04  4.949D-01
 -5.826D-04  6.751D-01
 -6.620D-04  4.717D-01
 -6.116D-04  6.725D-01
 -7.086D-04  4.448D-01
 -6.415D-04  6.697D-01
 -7.621D-04  4.129D-01
 -6.722D-04  6.668D-01
 -8.255D-04  3.740D-01
 -7.039D-04  6.638D-01
 -9.049D-04  3.247D-01
 -7.364D-04  6.608D-01
 -1.013D-03  2.587D-01
 -7.699D-04  6.577D-01
 -1.183D-03  1.616D-01
 -8.042D-04  6.545D-01
 -1.560D-03 -1.092D-02
 -8.393D-04  6.515D-01
 -1.338D-05  7.009D-01
 -2.096D-05  7.011D-01
 -2.803D-05  7.003D-01
 -3.492D-05  7.010D-01
 -4.175D-05  6.994D-01
 -4.853D-05  7.009D-01
 -5.534D-05  6.982D-01
 -6.212D-05  7.008D-01
 -6.898D-05  6.966D-01
 -7.579D-05  7.006D-01
 -8.276D-05  6.947D-01
 -8.961D-05  7.004D-01
 -9.672D-05  6.925D-01
 -1.036D-04  7.001D-01
 -1.109D-04  6.899D-01
 -1.179D-04  6.998D-01
 -1.254D-04  6.870D-01
 -1.324D-04  6.995D-01
 -1.402D-04  6.837D-01
 -1.472D-04  6.990D-01
 -1.553D-04  6.801D-01
 -1.624D-04  6.985D-01
 -1.708D-04  6.760D-01
 -1.779D-04  6.980D-01
 -1.868D-04  6.716D-01
 -1.939D-04  6.973D-01
 -2.032D-04  6.668D-01
 -2.102D-04  6.966D-01
 -2.202D-04  6.616D-01
 -2.271D-04  6.958D-01
 -2.377D-04  6.560D-01
 -2.444D-04  6.949D-01
 -2.558D-04  6.499D-01
 -2.622D-04  6.938D-01
 -2.745D-04  6.433D-01
 -2.806D-04  6.927D-01
 -2.939D-04  6.362D-01
 -2.995D-04  6.915D-01
 -3.141D-04  6.286D-01
 -3.190D-04  6.901D-01
 -3.351D-04  6.204D-01
 -3.392D-04  6.887D-01
 -3.571D-04  6.116D-01
 -3.600D-04  6.871D-01
 -3.799D-04  6.020D-01
 -3.814D-04  6.853D-01
 -4.039D-04  5.917D-01
 -4.036D-04  6.835D-01
 -4.290D-04  5.805D-01
 -4.265D-04  6.815D-01
 -4.554D-04  5.683D-01
 -4.501D-04  6.794D-01
 -4.833D-04  5.550D-01
 -4.744D-04  6.772D-01
 -5.130D-04  5.404D-01
 -4.995D-04  6.748D-01
 -5.446D-04  5.242D-01
 -5.255D-04  6.723D-01
 -5.786D-04  5.062D-01
 -5.522D-04  6.696D-01
 -6.155D-04  4.860D-01
 -5.798D-04  6.668D-01
 -6.560D-04  4.629D-01
 -6.082D-04  6.639D-01
 -7.013D-04  4.361D-01
 -6.374D-04  6.609D-01
 -7.533D-04  4.045D-01
 -6.675D-04  6.578D-01
 -8.148D-04  3.660D-01
 -6.985D-04  6.546D-01
 -8.916D-04  3.174D-01
 -7.304D-04  6.513D-01
 -9.959D-04  2.522D-01
 -7.631D-04  6.479D-01
 -1.160D-03  1.563D-01
 -7.966D-04  6.446D-01
 -1.523D-03 -1.451D-02
 -8.309D-04  6.413D-01
 -1.308D-05  6.983D-01
 -2.049D-05  6.978D-01
 -2.740D-05  6.982D-01
 -3.415D-05  6.971D-01
 -4.081D-05  6.981D-01
 -4.746D-05  6.960D-01
 -5.408D-05  6.979D-01
 -6.076D-05  6.945D-01
 -6.739D-05  6.977D-01
 -7.414D-05  6.927D-01
 -8.082D-05  6.974D-01
 -8.767D-05  6.906D-01
 -9.441D-05  6.971D-01
 -1.014D-04  6.881D-01
 -1.082D-04  6.967D-01
 -1.154D-04  6.853D-01
 -1.222D-04  6.963D-01
 -1.296D-04  6.821D-01
 -1.366D-04  6.958D-01
 -1.442D-04  6.786D-01
 -1.512D-04  6.952D-01
 -1.591D-04  6.747D-01
 -1.661D-04  6.945D-01
 -1.744D-04  6.704D-01
 -1.815D-04  6.938D-01
 -1.902D-04  6.658D-01
 -1.972D-04  6.930D-01
 -2.064D-04  6.607D-01
 -2.133D-04  6.920D-01
 -2.231D-04  6.552D-01
 -2.299D-04  6.910D-01
 -2.403D-04  6.493D-01
 -2.470D-04  6.899D-01
 -2.581D-04  6.429D-01
 -2.646D-04  6.887D-01
 -2.766D-04  6.361D-01
 -2.827D-04  6.873D-01
 -2.957D-04  6.288D-01
 -3.013D-04  6.859D-01
 -3.156D-04  6.209D-01
 -3.206D-04  6.843D-01
 -3.362D-04  6.125D-01
 -3.404D-04  6.826D-01
 -3.577D-04  6.034D-01
 -3.609D-04  6.808D-01
 -3.802D-04  5.936D-01
 -3.820D-04  6.788D-01
 -4.037D-04  5.831D-01
 -4.038D-04  6.767D-01
 -4.283D-04  5.718D-01
 -4.263D-04  6.745D-01
 -4.542D-04  5.594D-01
 -4.495D-04  6.721D-01
 -4.815D-04  5.460D-01
 -4.735D-04  6.697D-01
 -5.105D-04  5.313D-01
 -4.981D-04  6.670D-01
 -5.414D-04  5.151D-01
 -5.236D-04  6.643D-01
 -5.745D-04  4.971D-01
 -5.498D-04  6.614D-01
 -6.105D-04  4.768D-01
 -5.768D-04  6.584D-01
 -6.500D-04  4.538D-01
 -6.047D-04  6.553D-01
 -6.941D-04  4.273D-01
 -6.333D-04  6.520D-01
 -7.445D-04  3.959D-01
 -6.628D-04  6.487D-01
 -8.042D-04  3.579D-01
 -6.931D-04  6.452D-01
 -8.785D-04  3.098D-01
 -7.243D-04  6.417D-01
 -9.793D-04  2.455D-01
 -7.562D-04  6.381D-01
 -1.138D-03  1.508D-01
 -7.890D-04  6.345D-01
 -1.488D-03 -1.832D-02
 -8.225D-04  6.310D-01
