 -6.033D-03  7.532D-01
 -3.298D-03  7.462D-01
 -6.512D-03  7.433D-01
 -1.902D-03  7.429D-01
 -4.188D-03  7.347D-01
 -6.487D-03  7.320D-01
 -1.336D-03  7.395D-01
 -2.417D-03  7.327D-01
 -4.739D-03  7.211D-01
 -6.312D-03  7.196D-01
 -9.917D-04  7.380D-01
 -1.764D-03  7.287D-01
 -2.697D-03  7.213D-01
 -5.137D-03  7.058D-01
 -6.082D-03  7.061D-01
 -7.812D-04  7.369D-01
 -1.318D-03  7.280D-01
 -2.041D-03  7.164D-01
 -2.861D-03  7.089D-01
 -5.441D-03  6.888D-01
 -5.835D-03  6.918D-01
 -6.352D-04  7.368D-01
 -1.052D-03  7.270D-01
 -1.526D-03  7.170D-01
 -2.244D-03  7.028D-01
 -2.955D-03  6.957D-01
 -5.679D-03  6.703D-01
 -5.584D-03  6.770D-01
 -5.314D-04  7.371D-01
 -8.604D-04  7.275D-01
 -1.235D-03  7.159D-01
 -1.670D-03  7.053D-01
 -2.401D-03  6.879D-01
 -3.002D-03  6.820D-01
 -5.865D-03  6.507D-01
 -5.338D-03  6.617D-01
 -4.533D-04  7.380D-01
 -7.246D-04  7.282D-01
 -1.012D-03  7.175D-01
 -1.371D-03  7.040D-01
 -1.774D-03  6.932D-01
 -2.526D-03  6.721D-01
 -3.016D-03  6.681D-01
 -6.006D-03  6.300D-01
 -5.100D-03  6.463D-01
 -3.931D-04  7.391D-01
 -6.206D-04  7.297D-01
 -8.581D-04  7.185D-01
 -1.125D-03  7.070D-01
 -1.477D-03  6.914D-01
 -1.849D-03  6.808D-01
 -2.627D-03  6.555D-01
 -3.006D-03  6.541D-01
 -6.111D-03  6.085D-01
 -4.871D-03  6.310D-01
 -3.454D-04  7.405D-01
 -5.405D-04  7.313D-01
 -7.370D-04  7.208D-01
 -9.598D-04  7.083D-01
 -1.211D-03  6.962D-01
 -1.563D-03  6.783D-01
 -1.901D-03  6.684D-01
 -2.709D-03  6.384D-01
 -2.979D-03  6.402D-01
 -6.182D-03  5.864D-01
 -4.653D-03  6.159D-01
 -3.068D-04  7.420D-01
 -4.763D-04  7.333D-01
 -6.444D-04  7.230D-01
 -8.259D-04  7.118D-01
 -1.041D-03  6.978D-01
 -1.278D-03  6.855D-01
 -1.633D-03  6.648D-01
 -1.935D-03  6.562D-01
 -2.774D-03  6.208D-01
 -2.938D-03  6.267D-01
 -6.225D-03  5.637D-01
 -4.445D-03  6.012D-01
 -2.750D-04  7.437D-01
 -4.243D-04  7.354D-01
 -5.692D-04  7.258D-01
 -7.249D-04  7.145D-01
 -8.965D-04  7.027D-01
 -1.107D-03  6.871D-01
 -1.330D-03  6.750D-01
 -1.690D-03  6.512D-01
 -1.955D-03  6.444D-01
 -2.825D-03  6.030D-01
 -2.888D-03  6.138D-01
 -6.242D-03  5.408D-01
 -4.247D-03  5.872D-01
 -2.484D-04  7.454D-01
 -3.813D-04  7.377D-01
 -5.086D-04  7.285D-01
 -6.417D-04  7.183D-01
 -7.900D-04  7.060D-01
 -9.534D-04  6.938D-01
 -1.161D-03  6.765D-01
 -1.370D-03  6.649D-01
 -1.736D-03  6.375D-01
 -1.963D-03  6.332D-01
 -2.863D-03  5.851D-01
 -2.831D-03  6.015D-01
 -6.237D-03  5.176D-01
 -4.059D-03  5.740D-01
 -2.259D-04  7.472D-01
 -3.452D-04  7.400D-01
 -4.579D-04  7.315D-01
 -5.748D-04  7.217D-01
 -7.003D-04  7.109D-01
 -8.438D-04  6.975D-01
 -9.997D-04  6.852D-01
 -1.206D-03  6.659D-01
 -1.400D-03  6.553D-01
 -1.773D-03  6.240D-01
 -1.963D-03  6.226D-01
 -2.891D-03  5.673D-01
 -2.769D-03  5.900D-01
 -6.212D-03  4.945D-01
 -3.882D-03  5.617D-01
 -2.066D-04  7.489D-01
 -3.146D-04  7.423D-01
 -4.156D-04  7.345D-01
 -5.185D-04  7.255D-01
 -6.290D-04  7.149D-01
 -7.488D-04  7.037D-01
 -8.888D-04  6.892D-01
 -1.037D-03  6.771D-01
 -1.244D-03  6.556D-01
 -1.422D-03  6.463D-01
 -1.803D-03  6.106D-01
 -1.954D-03  6.128D-01
 -2.909D-03  5.498D-01
 -2.703D-03  5.795D-01
 -6.169D-03  4.714D-01
 -3.714D-03  5.504D-01
 -1.900D-04  7.507D-01
 -2.884D-04  7.446D-01
 -3.794D-04  7.374D-01
 -4.715D-04  7.290D-01
 -5.683D-04  7.196D-01
 -6.744D-04  7.083D-01
 -7.891D-04  6.970D-01
 -9.266D-04  6.813D-01
 -1.067D-03  6.696D-01
 -1.274D-03  6.456D-01
 -1.436D-03  6.381D-01
 -1.827D-03  5.976D-01
 -1.940D-03  6.040D-01
 -2.918D-03  5.325D-01
 -2.636D-03  5.700D-01
 -6.111D-03  4.486D-01
 -3.555D-03  5.403D-01
 -1.754D-04  7.524D-01
 -2.656D-04  7.468D-01
 -3.484D-04  7.403D-01
 -4.312D-04  7.327D-01
 -5.178D-04  7.238D-01
 -6.101D-04  7.141D-01
 -7.129D-04  7.021D-01
 -8.229D-04  6.908D-01
 -9.586D-04  6.737D-01
 -1.091D-03  6.628D-01
 -1.300D-03  6.361D-01
 -1.444D-03  6.307D-01
 -1.844D-03  5.850D-01
 -1.921D-03  5.961D-01
 -2.918D-03  5.156D-01
 -2.567D-03  5.615D-01
 -6.040D-03  4.261D-01
 -3.405D-03  5.314D-01
 -1.627D-04  7.540D-01
 -2.458D-04  7.490D-01
 -3.214D-04  7.430D-01
 -3.966D-04  7.361D-01
 -4.743D-04  7.282D-01
 -5.571D-04  7.188D-01
 -6.455D-04  7.090D-01
 -7.457D-04  6.962D-01
 -8.511D-04  6.851D-01
 -9.855D-04  6.666D-01
 -1.110D-03  6.567D-01
 -1.320D-03  6.269D-01
 -1.448D-03  6.242D-01
 -1.856D-03  5.728D-01
 -1.898D-03  5.892D-01
 -2.912D-03  4.993D-01
 -2.498D-03  5.542D-01
 -5.957D-03  4.041D-01
 -3.263D-03  5.237D-01
 -1.514D-04  7.555D-01
 -2.283D-04  7.510D-01
 -2.979D-04  7.457D-01
 -3.665D-04  7.394D-01
 -4.370D-04  7.321D-01
 -5.108D-04  7.240D-01
 -5.907D-04  7.142D-01
 -6.758D-04  7.044D-01
 -7.738D-04  6.908D-01
 -8.746D-04  6.801D-01
 -1.008D-03  6.599D-01
 -1.124D-03  6.514D-01
 -1.337D-03  6.183D-01
 -1.447D-03  6.186D-01
 -1.863D-03  5.612D-01
 -1.871D-03  5.834D-01
 -2.900D-03  4.835D-01
 -2.430D-03  5.481D-01
 -5.865D-03  3.826D-01
 -3.129D-03  5.173D-01
 -1.414D-04  7.569D-01
 -2.128D-04  7.529D-01
 -2.771D-04  7.481D-01
 -3.401D-04  7.425D-01
 -4.043D-04  7.361D-01
 -4.714D-04  7.285D-01
 -5.423D-04  7.203D-01
 -6.197D-04  7.100D-01
 -7.017D-04  7.003D-01
 -7.980D-04  6.858D-01
 -8.940D-04  6.758D-01
 -1.027D-03  6.537D-01
 -1.134D-03  6.468D-01
 -1.349D-03  6.102D-01
 -1.442D-03  6.140D-01
 -1.867D-03  5.502D-01
 -1.843D-03  5.786D-01
 -2.882D-03  4.683D-01
 -2.363D-03  5.432D-01
 -5.765D-03  3.617D-01
 -3.003D-03  5.122D-01
 -1.324D-04  7.583D-01
 -1.990D-04  7.547D-01
 -2.587D-04  7.505D-01
 -3.169D-04  7.455D-01
 -3.758D-04  7.396D-01
 -4.367D-04  7.331D-01
 -5.013D-04  7.252D-01
 -5.695D-04  7.170D-01
 -6.450D-04  7.062D-01
 -7.238D-04  6.968D-01
 -8.187D-04  6.813D-01
 -9.099D-04  6.722D-01
 -1.043D-03  6.480D-01
 -1.141D-03  6.431D-01
 -1.359D-03  6.026D-01
 -1.435D-03  6.102D-01
 -1.866D-03  5.398D-01
 -1.813D-03  5.748D-01
 -2.860D-03  4.539D-01
 -2.297D-03  5.394D-01
 -5.658D-03  3.415D-01
 -2.884D-03  5.084D-01
 -1.244D-04  7.595D-01
 -1.867D-04  7.564D-01
 -2.423D-04  7.526D-01
 -2.962D-04  7.482D-01
 -3.505D-04  7.431D-01
 -4.065D-04  7.370D-01
 -4.649D-04  7.304D-01
 -5.274D-04  7.223D-01
 -5.932D-04  7.142D-01
 -6.669D-04  7.029D-01
 -7.427D-04  6.939D-01
 -8.365D-04  6.773D-01
 -9.227D-04  6.692D-01
 -1.056D-03  6.428D-01
 -1.145D-03  6.402D-01
 -1.365D-03  5.956D-01
 -1.425D-03  6.074D-01
 -1.863D-03  5.301D-01
 -1.782D-03  5.721D-01
 -2.833D-03  4.402D-01
 -2.232D-03  5.367D-01
 -5.545D-03  3.220D-01
 -2.773D-03  5.058D-01
 -1.171D-04  7.606D-01
 -1.755D-04  7.579D-01
 -2.275D-04  7.546D-01
 -2.777D-04  7.507D-01
 -3.280D-04  7.461D-01
 -3.796D-04  7.409D-01
 -4.333D-04  7.348D-01
 -4.896D-04  7.281D-01
 -5.503D-04  7.198D-01
 -6.138D-04  7.118D-01
 -6.861D-04  7.000D-01
 -7.588D-04  6.915D-01
 -8.517D-04  6.737D-01
 -9.328D-04  6.669D-01
 -1.066D-03  6.382D-01
 -1.146D-03  6.380D-01
 -1.370D-03  5.892D-01
 -1.413D-03  6.054D-01
 -1.856D-03  5.210D-01
 -1.750D-03  5.703D-01
 -2.802D-03  4.273D-01
 -2.170D-03  5.351D-01
 -5.429D-03  3.033D-01
 -2.667D-03  5.044D-01
 -1.105D-04  7.616D-01
 -1.655D-04  7.592D-01
 -2.142D-04  7.563D-01
 -2.611D-04  7.529D-01
 -3.079D-04  7.490D-01
 -3.557D-04  7.443D-01
 -4.051D-04  7.391D-01
 -4.570D-04  7.328D-01
 -5.113D-04  7.263D-01
 -5.705D-04  7.176D-01
 -6.319D-04  7.100D-01
 -7.028D-04  6.975D-01
 -7.725D-04  6.897D-01
 -8.646D-04  6.706D-01
 -9.406D-04  6.652D-01
 -1.074D-03  6.340D-01
 -1.146D-03  6.366D-01
 -1.371D-03  5.833D-01
 -1.400D-03  6.042D-01
 -1.847D-03  5.126D-01
 -1.717D-03  5.695D-01
 -2.769D-03  4.151D-01
 -2.109D-03  5.346D-01
 -5.309D-03  2.854D-01
 -2.568D-03  5.041D-01
 -1.045D-04  7.625D-01
 -1.563D-04  7.604D-01
 -2.022D-04  7.579D-01
 -2.461D-04  7.550D-01
 -2.898D-04  7.515D-01
 -3.342D-04  7.475D-01
 -3.800D-04  7.428D-01
 -4.276D-04  7.376D-01
 -4.779D-04  7.312D-01
 -5.306D-04  7.248D-01
 -5.883D-04  7.159D-01
 -6.476D-04  7.086D-01
 -7.174D-04  6.954D-01
 -7.839D-04  6.884D-01
 -8.755D-04  6.679D-01
 -9.463D-04  6.642D-01
 -1.081D-03  6.303D-01
 -1.143D-03  6.358D-01
 -1.371D-03  5.779D-01
 -1.386D-03  6.038D-01
 -1.836D-03  5.048D-01
 -1.685D-03  5.695D-01
 -2.733D-03  4.037D-01
 -2.051D-03  5.350D-01
 -5.187D-03  2.683D-01
 -2.475D-03  5.049D-01
 -9.899D-05  7.632D-01
 -1.480D-04  7.615D-01
 -1.912D-04  7.593D-01
 -2.325D-04  7.568D-01
 -2.735D-04  7.538D-01
 -3.150D-04  7.503D-01
 -3.575D-04  7.464D-01
 -4.016D-04  7.416D-01
 -4.476D-04  7.365D-01
 -4.966D-04  7.299D-01
 -5.476D-04  7.237D-01
 -6.041D-04  7.144D-01
 -6.613D-04  7.076D-01
 -7.302D-04  6.937D-01
 -7.935D-04  6.876D-01
 -8.846D-04  6.656D-01
 -9.503D-04  6.636D-01
 -1.085D-03  6.269D-01
 -1.139D-03  6.356D-01
 -1.369D-03  5.731D-01
 -1.370D-03  6.041D-01
 -1.823D-03  4.976D-01
 -1.653D-03  5.703D-01
 -2.694D-03  3.931D-01
 -1.994D-03  5.362D-01
 -5.063D-03  2.521D-01
 -2.387D-03  5.066D-01
 -9.396D-05  7.639D-01
 -1.404D-04  7.624D-01
 -1.812D-04  7.606D-01
 -2.202D-04  7.584D-01
 -2.587D-04  7.559D-01
 -2.975D-04  7.529D-01
 -3.372D-04  7.494D-01
 -3.782D-04  7.454D-01
 -4.210D-04  7.406D-01
 -4.655D-04  7.356D-01
 -5.133D-04  7.289D-01
 -5.627D-04  7.230D-01
 -6.181D-04  7.133D-01
 -6.731D-04  7.070D-01
 -7.412D-04  6.922D-01
 -8.013D-04  6.873D-01
 -8.921D-04  6.636D-01
 -9.528D-04  6.636D-01
 -1.088D-03  6.240D-01
 -1.134D-03  6.361D-01
 -1.366D-03  5.687D-01
 -1.354D-03  6.050D-01
 -1.808D-03  4.911D-01
 -1.621D-03  5.717D-01
 -2.654D-03  3.833D-01
 -1.940D-03  5.383D-01
 -4.939D-03  2.368D-01
 -2.304D-03  5.092D-01
 -8.933D-05  7.644D-01
 -1.334D-04  7.631D-01
 -1.720D-04  7.616D-01
 -2.089D-04  7.598D-01
 -2.451D-04  7.577D-01
 -2.816D-04  7.551D-01
 -3.188D-04  7.522D-01
 -3.571D-04  7.486D-01
 -3.967D-04  7.448D-01
 -4.383D-04  7.399D-01
 -4.815D-04  7.350D-01
 -5.282D-04  7.281D-01
 -5.760D-04  7.225D-01
 -6.305D-04  7.124D-01
 -6.834D-04  7.068D-01
 -7.508D-04  6.911D-01
 -8.077D-04  6.873D-01
 -8.983D-04  6.619D-01
 -9.539D-04  6.641D-01
 -1.090D-03  6.215D-01
 -1.128D-03  6.370D-01
 -1.361D-03  5.649D-01
 -1.337D-03  6.065D-01
 -1.792D-03  4.852D-01
 -1.589D-03  5.739D-01
 -2.612D-03  3.743D-01
 -1.889D-03  5.410D-01
 -4.814D-03  2.224D-01
 -2.227D-03  5.125D-01
 -8.506D-05  7.648D-01
 -1.269D-04  7.638D-01
 -1.636D-04  7.625D-01
 -1.985D-04  7.610D-01
 -2.328D-04  7.592D-01
 -2.671D-04  7.571D-01
 -3.021D-04  7.545D-01
 -3.379D-04  7.516D-01
 -3.750D-04  7.481D-01
 -4.134D-04  7.443D-01
 -4.539D-04  7.394D-01
 -4.959D-04  7.347D-01
 -5.416D-04  7.276D-01
 -5.879D-04  7.224D-01
 -6.415D-04  7.117D-01
 -6.923D-04  7.068D-01
 -7.591D-04  6.901D-01
 -8.128D-04  6.877D-01
 -9.033D-04  6.605D-01
 -9.538D-04  6.649D-01
 -1.091D-03  6.193D-01
 -1.121D-03  6.383D-01
 -1.355D-03  5.614D-01
 -1.320D-03  6.085D-01
 -1.775D-03  4.799D-01
 -1.558D-03  5.765D-01
 -2.569D-03  3.660D-01
 -1.839D-03  5.444D-01
 -4.690D-03  2.089D-01
 -2.154D-03  5.165D-01
 -8.111D-05  7.651D-01
 -1.210D-04  7.642D-01
 -1.559D-04  7.632D-01
 -1.889D-04  7.620D-01
 -2.214D-04  7.605D-01
 -2.539D-04  7.587D-01
 -2.868D-04  7.566D-01
 -3.205D-04  7.541D-01
 -3.551D-04  7.513D-01
 -3.912D-04  7.477D-01
 -4.285D-04  7.441D-01
 -4.681D-04  7.390D-01
 -5.088D-04  7.346D-01
 -5.536D-04  7.272D-01
 -5.984D-04  7.225D-01
 -6.513D-04  7.112D-01
 -6.999D-04  7.072D-01
 -7.661D-04  6.894D-01
 -8.167D-04  6.884D-01
 -9.071D-04  6.593D-01
 -9.528D-04  6.660D-01
 -1.090D-03  6.173D-01
 -1.113D-03  6.400D-01
 -1.348D-03  5.583D-01
 -1.303D-03  6.109D-01
 -1.756D-03  4.751D-01
 -1.528D-03  5.796D-01
 -2.525D-03  3.585D-01
 -1.792D-03  5.482D-01
 -4.567D-03  1.962D-01
 -2.085D-03  5.211D-01
 -7.745D-05  7.652D-01
 -1.155D-04  7.646D-01
 -1.487D-04  7.638D-01
 -1.801D-04  7.628D-01
 -2.109D-04  7.615D-01
 -2.417D-04  7.601D-01
 -2.728D-04  7.583D-01
 -3.045D-04  7.563D-01
 -3.371D-04  7.538D-01
 -3.708D-04  7.510D-01
 -4.059D-04  7.475D-01
 -4.421D-04  7.440D-01
 -4.808D-04  7.388D-01
 -5.205D-04  7.347D-01
 -5.644D-04  7.270D-01
 -6.077D-04  7.227D-01
 -6.599D-04  7.109D-01
 -7.064D-04  7.077D-01
 -7.722D-04  6.888D-01
 -8.196D-04  6.893D-01
 -9.099D-04  6.583D-01
 -9.509D-04  6.674D-01
 -1.089D-03  6.156D-01
 -1.105D-03  6.420D-01
 -1.340D-03  5.556D-01
 -1.286D-03  6.136D-01
 -1.737D-03  4.708D-01
 -1.499D-03  5.831D-01
 -2.481D-03  3.516D-01
 -1.747D-03  5.525D-01
 -4.446D-03  1.844D-01
 -2.020D-03  5.260D-01
 -7.405D-05  7.653D-01
 -1.104D-04  7.648D-01
 -1.420D-04  7.642D-01
 -1.720D-04  7.634D-01
 -2.013D-04  7.624D-01
 -2.305D-04  7.612D-01
 -2.599D-04  7.598D-01
 -2.899D-04  7.581D-01
 -3.206D-04  7.561D-01
 -3.523D-04  7.536D-01
 -3.850D-04  7.510D-01
 -4.192D-04  7.473D-01
 -4.545D-04  7.440D-01
 -4.924D-04  7.387D-01
 -5.309D-04  7.349D-01
 -5.741D-04  7.269D-01
 -6.160D-04  7.231D-01
 -6.675D-04  7.106D-01
 -7.119D-04  7.084D-01
 -7.773D-04  6.883D-01
 -8.216D-04  6.904D-01
 -9.119D-04  6.574D-01
 -9.482D-04  6.690D-01
 -1.087D-03  6.141D-01
 -1.096D-03  6.442D-01
 -1.332D-03  5.532D-01
 -1.269D-03  6.165D-01
 -1.717D-03  4.670D-01
 -1.471D-03  5.868D-01
 -2.436D-03  3.454D-01
 -1.704D-03  5.570D-01
 -4.326D-03  1.735D-01
 -1.959D-03  5.314D-01
 -7.089D-05  7.652D-01
 -1.056D-04  7.649D-01
 -1.359D-04  7.644D-01
 -1.644D-04  7.638D-01
 -1.923D-04  7.630D-01
 -2.201D-04  7.621D-01
 -2.480D-04  7.610D-01
 -2.764D-04  7.596D-01
 -3.054D-04  7.579D-01
 -3.352D-04  7.560D-01
 -3.661D-04  7.535D-01
 -3.979D-04  7.510D-01
 -4.314D-04  7.473D-01
 -4.658D-04  7.441D-01
 -5.030D-04  7.387D-01
 -5.403D-04  7.352D-01
 -5.829D-04  7.268D-01
 -6.232D-04  7.237D-01
 -6.741D-04  7.105D-01
 -7.165D-04  7.092D-01
 -7.815D-04  6.879D-01
 -8.228D-04  6.916D-01
 -9.131D-04  6.566D-01
 -9.450D-04  6.707D-01
 -1.084D-03  6.128D-01
 -1.087D-03  6.466D-01
 -1.322D-03  5.510D-01
 -1.251D-03  6.196D-01
 -1.696D-03  4.636D-01
 -1.443D-03  5.908D-01
 -2.392D-03  3.399D-01
 -1.662D-03  5.618D-01
 -4.208D-03  1.633D-01
 -1.901D-03  5.370D-01
 -6.793D-05  7.651D-01
 -1.012D-04  7.648D-01
 -1.301D-04  7.645D-01
 -1.574D-04  7.641D-01
 -1.840D-04  7.635D-01
 -2.104D-04  7.628D-01
 -2.370D-04  7.619D-01
 -2.640D-04  7.608D-01
 -2.914D-04  7.595D-01
 -3.197D-04  7.578D-01
 -3.486D-04  7.560D-01
 -3.788D-04  7.534D-01
 -4.098D-04  7.510D-01
 -4.426D-04  7.473D-01
 -4.760D-04  7.443D-01
 -5.125D-04  7.387D-01
 -5.488D-04  7.355D-01
 -5.907D-04  7.267D-01
 -6.296D-04  7.242D-01
 -6.800D-04  7.103D-01
 -7.203D-04  7.101D-01
 -7.850D-04  6.876D-01
 -8.233D-04  6.929D-01
 -9.135D-04  6.559D-01
 -9.412D-04  6.726D-01
 -1.080D-03  6.116D-01
 -1.077D-03  6.491D-01
 -1.312D-03  5.492D-01
 -1.235D-03  6.229D-01
 -1.675D-03  4.606D-01
 -1.416D-03  5.948D-01
 -2.347D-03  3.349D-01
 -1.623D-03  5.667D-01
 -4.092D-03  1.540D-01
 -1.847D-03  5.427D-01
 -6.517D-05  7.648D-01
 -9.703D-05  7.647D-01
 -1.247D-04  7.645D-01
 -1.508D-04  7.642D-01
 -1.763D-04  7.638D-01
 -2.015D-04  7.633D-01
 -2.268D-04  7.626D-01
 -2.524D-04  7.617D-01
 -2.785D-04  7.606D-01
 -3.052D-04  7.594D-01
 -3.327D-04  7.577D-01
 -3.609D-04  7.560D-01
 -3.904D-04  7.534D-01
 -4.206D-04  7.511D-01
 -4.528D-04  7.473D-01
 -4.854D-04  7.445D-01
 -5.212D-04  7.386D-01
 -5.564D-04  7.359D-01
 -5.977D-04  7.267D-01
 -6.351D-04  7.248D-01
 -6.851D-04  7.101D-01
 -7.234D-04  7.110D-01
 -7.878D-04  6.872D-01
 -8.232D-04  6.943D-01
 -9.134D-04  6.553D-01
 -9.370D-04  6.744D-01
 -1.076D-03  6.105D-01
 -1.068D-03  6.516D-01
 -1.302D-03  5.475D-01
 -1.218D-03  6.261D-01
 -1.654D-03  4.580D-01
 -1.390D-03  5.989D-01
 -2.302D-03  3.304D-01
 -1.586D-03  5.717D-01
 -3.978D-03  1.454D-01
 -1.796D-03  5.485D-01
 -6.259D-05  7.645D-01
 -9.315D-05  7.644D-01
 -1.197D-04  7.643D-01
 -1.447D-04  7.641D-01
 -1.690D-04  7.639D-01
 -1.932D-04  7.635D-01
 -2.173D-04  7.630D-01
 -2.417D-04  7.624D-01
 -2.665D-04  7.616D-01
 -2.919D-04  7.605D-01
 -3.179D-04  7.593D-01
 -3.447D-04  7.576D-01
 -3.722D-04  7.560D-01
 -4.011D-04  7.534D-01
 -4.306D-04  7.512D-01
 -4.621D-04  7.472D-01
 -4.939D-04  7.448D-01
 -5.291D-04  7.386D-01
 -5.632D-04  7.363D-01
 -6.040D-04  7.265D-01
 -6.400D-04  7.254D-01
 -6.895D-04  7.099D-01
 -7.258D-04  7.119D-01
 -7.899D-04  6.868D-01
 -8.225D-04  6.956D-01
 -9.126D-04  6.546D-01
 -9.323D-04  6.763D-01
 -1.071D-03  6.095D-01
 -1.058D-03  6.541D-01
 -1.291D-03  5.459D-01
 -1.201D-03  6.294D-01
 -1.632D-03  4.556D-01
 -1.366D-03  6.031D-01
 -2.258D-03  3.265D-01
 -1.550D-03  5.767D-01
 -3.868D-03  1.376D-01
 -1.748D-03  5.543D-01
 -6.016D-05  7.640D-01
 -8.952D-05  7.640D-01
 -1.150D-04  7.640D-01
 -1.390D-04  7.639D-01
 -1.623D-04  7.638D-01
 -1.854D-04  7.636D-01
 -2.084D-04  7.633D-01
 -2.317D-04  7.628D-01
 -2.554D-04  7.622D-01
 -2.795D-04  7.614D-01
 -3.042D-04  7.604D-01
 -3.295D-04  7.592D-01
 -3.557D-04  7.575D-01
 -3.827D-04  7.559D-01
 -4.109D-04  7.533D-01
 -4.397D-04  7.513D-01
 -4.707D-04  7.471D-01
 -5.016D-04  7.449D-01
 -5.363D-04  7.384D-01
 -5.693D-04  7.366D-01
 -6.096D-04  7.263D-01
 -6.442D-04  7.259D-01
 -6.933D-04  7.095D-01
 -7.276D-04  7.128D-01
 -7.915D-04  6.863D-01
 -8.214D-04  6.968D-01
 -9.114D-04  6.539D-01
 -9.274D-04  6.780D-01
 -1.066D-03  6.085D-01
 -1.048D-03  6.565D-01
 -1.280D-03  5.445D-01
 -1.185D-03  6.326D-01
 -1.610D-03  4.536D-01
 -1.341D-03  6.071D-01
 -2.214D-03  3.231D-01
 -1.516D-03  5.816D-01
 -3.760D-03  1.305D-01
 -1.703D-03  5.600D-01
 -5.788D-05  7.635D-01
 -8.611D-05  7.636D-01
 -1.106D-04  7.636D-01
 -1.336D-04  7.636D-01
 -1.560D-04  7.636D-01
 -1.781D-04  7.635D-01
 -2.002D-04  7.633D-01
 -2.224D-04  7.630D-01
 -2.450D-04  7.626D-01
 -2.680D-04  7.620D-01
 -2.915D-04  7.613D-01
 -3.156D-04  7.602D-01
 -3.403D-04  7.591D-01
 -3.660D-04  7.574D-01
 -3.923D-04  7.558D-01
 -4.200D-04  7.531D-01
 -4.481D-04  7.512D-01
 -4.785D-04  7.469D-01
 -5.086D-04  7.450D-01
 -5.428D-04  7.382D-01
 -5.748D-04  7.368D-01
 -6.147D-04  7.260D-01
 -6.478D-04  7.264D-01
 -6.966D-04  7.091D-01
 -7.289D-04  7.135D-01
 -7.926D-04  6.857D-01
 -8.198D-04  6.980D-01
 -9.097D-04  6.531D-01
 -9.222D-04  6.797D-01
 -1.060D-03  6.075D-01
 -1.038D-03  6.588D-01
 -1.268D-03  5.432D-01
 -1.170D-03  6.356D-01
 -1.589D-03  4.518D-01
 -1.318D-03  6.110D-01
 -2.171D-03  3.201D-01
 -1.484D-03  5.864D-01
 -3.654D-03  1.241D-01
 -1.660D-03  5.655D-01
 -5.573D-05  7.629D-01
 -8.290D-05  7.630D-01
 -1.065D-04  7.631D-01
 -1.286D-04  7.632D-01
 -1.500D-04  7.632D-01
 -1.712D-04  7.632D-01
 -1.924D-04  7.631D-01
 -2.137D-04  7.630D-01
 -2.353D-04  7.627D-01
 -2.572D-04  7.623D-01
 -2.796D-04  7.617D-01
 -3.025D-04  7.610D-01
 -3.261D-04  7.600D-01
 -3.503D-04  7.589D-01
 -3.754D-04  7.571D-01
 -4.012D-04  7.557D-01
 -4.283D-04  7.528D-01
 -4.558D-04  7.511D-01
 -4.857D-04  7.466D-01
 -5.150D-04  7.450D-01
 -5.487D-04  7.378D-01
 -5.797D-04  7.369D-01
 -6.191D-04  7.255D-01
 -6.509D-04  7.267D-01
 -6.993D-04  7.085D-01
 -7.298D-04  7.141D-01
 -7.932D-04  6.850D-01
 -8.179D-04  6.990D-01
 -9.075D-04  6.523D-01
 -9.168D-04  6.812D-01
 -1.054D-03  6.065D-01
 -1.028D-03  6.610D-01
 -1.256D-03  5.420D-01
 -1.154D-03  6.385D-01
 -1.567D-03  4.502D-01
 -1.296D-03  6.147D-01
 -2.128D-03  3.175D-01
 -1.453D-03  5.909D-01
 -3.552D-03  1.183D-01
 -1.619D-03  5.709D-01
 -5.371D-05  7.622D-01
 -7.988D-05  7.623D-01
 -1.026D-04  7.625D-01
 -1.238D-04  7.626D-01
 -1.445D-04  7.627D-01
 -1.648D-04  7.628D-01
 -1.851D-04  7.628D-01
 -2.055D-04  7.628D-01
 -2.262D-04  7.626D-01
 -2.472D-04  7.624D-01
 -2.685D-04  7.620D-01
 -2.904D-04  7.614D-01
 -3.128D-04  7.607D-01
 -3.359D-04  7.596D-01
 -3.595D-04  7.586D-01
 -3.842D-04  7.567D-01
 -4.094D-04  7.554D-01
 -4.361D-04  7.524D-01
 -4.629D-04  7.509D-01
 -4.923D-04  7.461D-01
 -5.208D-04  7.448D-01
 -5.541D-04  7.373D-01
 -5.840D-04  7.369D-01
 -6.230D-04  7.249D-01
 -6.534D-04  7.269D-01
 -7.015D-04  7.078D-01
 -7.302D-04  7.146D-01
 -7.934D-04  6.841D-01
 -8.156D-04  6.998D-01
 -9.050D-04  6.513D-01
 -9.112D-04  6.826D-01
 -1.048D-03  6.055D-01
 -1.019D-03  6.629D-01
 -1.244D-03  5.408D-01
 -1.139D-03  6.412D-01
 -1.545D-03  4.487D-01
 -1.274D-03  6.182D-01
 -2.086D-03  3.152D-01
 -1.423D-03  5.953D-01
 -3.452D-03  1.131D-01
 -1.580D-03  5.759D-01
 -5.180D-05  7.614D-01
 -7.702D-05  7.615D-01
 -9.888D-05  7.617D-01
 -1.194D-04  7.619D-01
 -1.392D-04  7.621D-01
 -1.588D-04  7.622D-01
 -1.783D-04  7.623D-01
 -1.979D-04  7.624D-01
 -2.177D-04  7.623D-01
 -2.378D-04  7.622D-01
 -2.582D-04  7.619D-01
 -2.791D-04  7.616D-01
 -3.005D-04  7.610D-01
 -3.224D-04  7.603D-01
 -3.450D-04  7.592D-01
 -3.681D-04  7.582D-01
 -3.924D-04  7.563D-01
 -4.169D-04  7.550D-01
 -4.432D-04  7.519D-01
 -4.694D-04  7.505D-01
 -4.984D-04  7.455D-01
 -5.261D-04  7.445D-01
 -5.589D-04  7.366D-01
 -5.878D-04  7.367D-01
 -6.265D-04  7.241D-01
 -6.555D-04  7.269D-01
 -7.033D-04  7.069D-01
 -7.302D-04  7.148D-01
 -7.931D-04  6.831D-01
 -8.131D-04  7.005D-01
 -9.021D-04  6.502D-01
 -9.055D-04  6.837D-01
 -1.041D-03  6.043D-01
 -1.009D-03  6.647D-01
 -1.232D-03  5.396D-01
 -1.124D-03  6.437D-01
 -1.523D-03  4.474D-01
 -1.253D-03  6.214D-01
 -2.045D-03  3.132D-01
 -1.395D-03  5.993D-01
 -3.356D-03  1.084D-01
 -1.544D-03  5.807D-01
 -5.000D-05  7.605D-01
 -7.433D-05  7.607D-01
 -9.540D-05  7.609D-01
 -1.151D-04  7.611D-01
 -1.342D-04  7.613D-01
 -1.531D-04  7.615D-01
 -1.718D-04  7.617D-01
 -1.907D-04  7.618D-01
 -2.097D-04  7.619D-01
 -2.289D-04  7.618D-01
 -2.485D-04  7.617D-01
 -2.685D-04  7.614D-01
 -2.889D-04  7.611D-01
 -3.098D-04  7.604D-01
 -3.312D-04  7.598D-01
 -3.534D-04  7.586D-01
 -3.761D-04  7.577D-01
 -3.999D-04  7.556D-01
 -4.240D-04  7.545D-01
 -4.498D-04  7.511D-01
 -4.753D-04  7.500D-01
 -5.039D-04  7.447D-01
 -5.308D-04  7.440D-01
 -5.633D-04  7.356D-01
 -5.912D-04  7.363D-01
 -6.295D-04  7.231D-01
 -6.572D-04  7.267D-01
 -7.047D-04  7.058D-01
 -7.299D-04  7.149D-01
 -7.925D-04  6.820D-01
 -8.103D-04  7.009D-01
 -8.989D-04  6.490D-01
 -8.996D-04  6.846D-01
 -1.034D-03  6.031D-01
 -9.991D-04  6.661D-01
 -1.220D-03  5.384D-01
 -1.110D-03  6.458D-01
 -1.501D-03  4.462D-01
 -1.233D-03  6.243D-01
 -2.004D-03  3.115D-01
 -1.368D-03  6.030D-01
 -3.262D-03  1.043D-01
 -1.509D-03  5.851D-01
 -4.829D-05  7.595D-01
 -7.178D-05  7.597D-01
 -9.211D-05  7.600D-01
 -1.111D-04  7.602D-01
 -1.296D-04  7.605D-01
 -1.477D-04  7.607D-01
 -1.658D-04  7.609D-01
 -1.839D-04  7.611D-01
 -2.021D-04  7.612D-01
 -2.206D-04  7.613D-01
 -2.394D-04  7.612D-01
 -2.585D-04  7.611D-01
 -2.780D-04  7.608D-01
 -2.980D-04  7.605D-01
 -3.185D-04  7.597D-01
 -3.395D-04  7.591D-01
 -3.613D-04  7.578D-01
 -3.835D-04  7.570D-01
 -4.069D-04  7.548D-01
 -4.304D-04  7.538D-01
 -4.559D-04  7.502D-01
 -4.808D-04  7.493D-01
 -5.090D-04  7.437D-01
 -5.351D-04  7.434D-01
 -5.672D-04  7.345D-01
 -5.941D-04  7.357D-01
 -6.321D-04  7.219D-01
 -6.585D-04  7.262D-01
 -7.057D-04  7.045D-01
 -7.293D-04  7.147D-01
 -7.916D-04  6.806D-01
 -8.073D-04  7.011D-01
 -8.954D-04  6.476D-01
 -8.936D-04  6.852D-01
 -1.027D-03  6.017D-01
 -9.895D-04  6.673D-01
 -1.208D-03  5.372D-01
 -1.096D-03  6.477D-01
 -1.480D-03  4.450D-01
 -1.214D-03  6.269D-01
 -1.964D-03  3.101D-01
 -1.342D-03  6.063D-01
 -3.171D-03  1.006D-01
 -1.476D-03  5.891D-01
 -4.667D-05  7.585D-01
 -6.936D-05  7.587D-01
 -8.900D-05  7.590D-01
 -1.074D-04  7.592D-01
 -1.251D-04  7.595D-01
 -1.426D-04  7.598D-01
 -1.600D-04  7.600D-01
 -1.774D-04  7.602D-01
 -1.950D-04  7.604D-01
 -2.128D-04  7.605D-01
 -2.308D-04  7.606D-01
 -2.491D-04  7.605D-01
 -2.678D-04  7.604D-01
 -2.870D-04  7.600D-01
 -3.065D-04  7.597D-01
 -3.267D-04  7.589D-01
 -3.473D-04  7.583D-01
 -3.687D-04  7.569D-01
 -3.904D-04  7.561D-01
 -4.134D-04  7.538D-01
 -4.364D-04  7.529D-01
 -4.615D-04  7.491D-01
 -4.858D-04  7.484D-01
 -5.136D-04  7.425D-01
 -5.390D-04  7.425D-01
 -5.707D-04  7.332D-01
 -5.967D-04  7.349D-01
 -6.343D-04  7.204D-01
 -6.595D-04  7.256D-01
 -7.064D-04  7.029D-01
 -7.283D-04  7.143D-01
 -7.903D-04  6.790D-01
 -8.040D-04  7.010D-01
 -8.917D-04  6.460D-01
 -8.876D-04  6.856D-01
 -1.020D-03  6.002D-01
 -9.800D-04  6.682D-01
 -1.195D-03  5.359D-01
 -1.082D-03  6.492D-01
 -1.458D-03  4.439D-01
 -1.195D-03  6.291D-01
 -1.925D-03  3.088D-01
 -1.317D-03  6.093D-01
 -3.083D-03  9.745D-02
 -1.445D-03  5.927D-01
 -4.513D-05  7.573D-01
 -6.707D-05  7.576D-01
 -8.605D-05  7.578D-01
 -1.038D-04  7.581D-01
 -1.209D-04  7.584D-01
 -1.378D-04  7.587D-01
 -1.546D-04  7.590D-01
 -1.714D-04  7.592D-01
 -1.883D-04  7.595D-01
 -2.054D-04  7.596D-01
 -2.227D-04  7.597D-01
 -2.403D-04  7.598D-01
 -2.582D-04  7.597D-01
 -2.766D-04  7.595D-01
 -2.953D-04  7.591D-01
 -3.145D-04  7.588D-01
 -3.343D-04  7.579D-01
 -3.545D-04  7.573D-01
 -3.755D-04  7.558D-01
 -3.968D-04  7.550D-01
 -4.195D-04  7.526D-01
 -4.420D-04  7.517D-01
 -4.667D-04  7.478D-01
 -4.904D-04  7.472D-01
 -5.178D-04  7.410D-01
 -5.424D-04  7.414D-01
 -5.738D-04  7.316D-01
 -5.988D-04  7.339D-01
 -6.361D-04  7.187D-01
 -6.601D-04  7.247D-01
 -7.067D-04  7.012D-01
 -7.271D-04  7.136D-01
 -7.888D-04  6.772D-01
 -8.006D-04  7.006D-01
 -8.877D-04  6.442D-01
 -8.815D-04  6.856D-01
 -1.013D-03  5.986D-01
 -9.706D-04  6.688D-01
 -1.183D-03  5.345D-01
 -1.069D-03  6.504D-01
 -1.437D-03  4.428D-01
 -1.177D-03  6.310D-01
 -1.887D-03  3.077D-01
 -1.294D-03  6.118D-01
 -2.998D-03  9.466D-02
 -1.415D-03  5.958D-01
 -4.368D-05  7.562D-01
 -6.490D-05  7.564D-01
 -8.325D-05  7.567D-01
 -1.004D-04  7.569D-01
 -1.170D-04  7.572D-01
 -1.333D-04  7.575D-01
 -1.494D-04  7.578D-01
 -1.656D-04  7.581D-01
 -1.819D-04  7.584D-01
 -1.984D-04  7.586D-01
 -2.150D-04  7.587D-01
 -2.320D-04  7.588D-01
 -2.492D-04  7.588D-01
 -2.668D-04  7.587D-01
 -2.847D-04  7.585D-01
 -3.032D-04  7.580D-01
 -3.220D-04  7.577D-01
 -3.414D-04  7.567D-01
 -3.612D-04  7.561D-01
 -3.819D-04  7.545D-01
 -4.028D-04  7.538D-01
 -4.251D-04  7.511D-01
 -4.471D-04  7.504D-01
 -4.714D-04  7.462D-01
 -4.945D-04  7.459D-01
 -5.216D-04  7.393D-01
 -5.455D-04  7.400D-01
 -5.766D-04  7.298D-01
 -6.006D-04  7.326D-01
 -6.376D-04  7.168D-01
 -6.605D-04  7.235D-01
 -7.067D-04  6.992D-01
 -7.257D-04  7.127D-01
 -7.870D-04  6.752D-01
 -7.970D-04  7.000D-01
 -8.835D-04  6.423D-01
 -8.753D-04  6.854D-01
 -1.005D-03  5.968D-01
 -9.613D-04  6.690D-01
 -1.170D-03  5.330D-01
 -1.056D-03  6.512D-01
 -1.417D-03  4.417D-01
 -1.159D-03  6.324D-01
 -1.850D-03  3.067D-01
 -1.271D-03  6.139D-01
 -2.916D-03  9.224D-02
 -1.386D-03  5.985D-01
 -4.229D-05  7.549D-01
 -6.283D-05  7.551D-01
 -8.059D-05  7.554D-01
 -9.718D-05  7.557D-01
 -1.132D-04  7.560D-01
 -1.289D-04  7.563D-01
 -1.446D-04  7.566D-01
 -1.602D-04  7.569D-01
 -1.759D-04  7.571D-01
 -1.918D-04  7.574D-01
 -2.078D-04  7.575D-01
 -2.241D-04  7.577D-01
 -2.407D-04  7.577D-01
 -2.575D-04  7.577D-01
 -2.748D-04  7.575D-01
 -2.924D-04  7.573D-01
 -3.105D-04  7.567D-01
 -3.289D-04  7.564D-01
 -3.481D-04  7.553D-01
 -3.675D-04  7.547D-01
 -3.879D-04  7.530D-01
 -4.083D-04  7.523D-01
 -4.303D-04  7.494D-01
 -4.518D-04  7.489D-01
 -4.758D-04  7.444D-01
 -4.983D-04  7.443D-01
 -5.251D-04  7.374D-01
 -5.482D-04  7.384D-01
 -5.790D-04  7.277D-01
 -6.021D-04  7.311D-01
 -6.388D-04  7.146D-01
 -6.605D-04  7.221D-01
 -7.065D-04  6.969D-01
 -7.240D-04  7.115D-01
 -7.849D-04  6.729D-01
 -7.933D-04  6.990D-01
 -8.790D-04  6.401D-01
 -8.691D-04  6.848D-01
 -9.977D-04  5.948D-01
 -9.521D-04  6.689D-01
 -1.158D-03  5.313D-01
 -1.043D-03  6.516D-01
 -1.396D-03  4.405D-01
 -1.142D-03  6.335D-01
 -1.813D-03  3.058D-01
 -1.249D-03  6.156D-01
 -2.837D-03  9.015D-02
 -1.359D-03  6.007D-01
 -4.097D-05  7.536D-01
 -6.087D-05  7.538D-01
 -7.805D-05  7.541D-01
 -9.411D-05  7.543D-01
 -1.096D-04  7.546D-01
 -1.248D-04  7.549D-01
 -1.399D-04  7.552D-01
 -1.550D-04  7.555D-01
 -1.702D-04  7.558D-01
 -1.855D-04  7.560D-01
 -2.010D-04  7.562D-01
 -2.166D-04  7.564D-01
 -2.326D-04  7.565D-01
 -2.488D-04  7.565D-01
 -2.654D-04  7.564D-01
 -2.823D-04  7.561D-01
 -2.996D-04  7.559D-01
 -3.174D-04  7.553D-01
 -3.355D-04  7.549D-01
 -3.543D-04  7.537D-01
 -3.734D-04  7.531D-01
 -3.934D-04  7.512D-01
 -4.135D-04  7.506D-01
 -4.351D-04  7.475D-01
 -4.561D-04  7.471D-01
 -4.798D-04  7.423D-01
 -5.017D-04  7.425D-01
 -5.282D-04  7.352D-01
 -5.506D-04  7.366D-01
 -5.811D-04  7.254D-01
 -6.033D-04  7.293D-01
 -6.397D-04  7.122D-01
 -6.603D-04  7.204D-01
 -7.059D-04  6.944D-01
 -7.221D-04  7.099D-01
 -7.826D-04  6.704D-01
 -7.894D-04  6.978D-01
 -8.744D-04  6.377D-01
 -8.628D-04  6.839D-01
 -9.899D-04  5.926D-01
 -9.430D-04  6.685D-01
 -1.145D-03  5.296D-01
 -1.031D-03  6.517D-01
 -1.376D-03  4.393D-01
 -1.126D-03  6.341D-01
 -1.777D-03  3.050D-01
 -1.228D-03  6.169D-01
 -2.760D-03  8.836D-02
 -1.333D-03  6.025D-01
 -3.971D-05  7.522D-01
 -5.899D-05  7.524D-01
 -7.564D-05  7.526D-01
 -9.119D-05  7.529D-01
 -1.062D-04  7.532D-01
 -1.209D-04  7.535D-01
 -1.355D-04  7.538D-01
 -1.501D-04  7.541D-01
 -1.648D-04  7.543D-01
 -1.795D-04  7.546D-01
 -1.945D-04  7.548D-01
 -2.096D-04  7.550D-01
 -2.249D-04  7.551D-01
 -2.406D-04  7.551D-01
 -2.565D-04  7.550D-01
 -2.727D-04  7.549D-01
 -2.894D-04  7.546D-01
 -3.063D-04  7.543D-01
 -3.238D-04  7.536D-01
 -3.416D-04  7.532D-01
 -3.601D-04  7.519D-01
 -3.788D-04  7.513D-01
 -3.986D-04  7.492D-01
 -4.182D-04  7.487D-01
 -4.395D-04  7.454D-01
 -4.601D-04  7.451D-01
 -4.835D-04  7.400D-01
 -5.048D-04  7.404D-01
 -5.309D-04  7.327D-01
 -5.527D-04  7.345D-01
 -5.828D-04  7.228D-01
 -6.042D-04  7.272D-01
 -6.403D-04  7.095D-01
 -6.598D-04  7.184D-01
 -7.051D-04  6.917D-01
 -7.200D-04  7.081D-01
 -7.800D-04  6.677D-01
 -7.854D-04  6.962D-01
 -8.697D-04  6.351D-01
 -8.565D-04  6.827D-01
 -9.820D-04  5.903D-01
 -9.341D-04  6.676D-01
 -1.133D-03  5.277D-01
 -1.018D-03  6.514D-01
 -1.356D-03  4.380D-01
 -1.110D-03  6.344D-01
 -1.743D-03  3.042D-01
 -1.208D-03  6.176D-01
 -2.685D-03  8.683D-02
 -1.308D-03  6.037D-01
 -3.851D-05  7.507D-01
 -5.721D-05  7.509D-01
 -7.335D-05  7.511D-01
 -8.841D-05  7.514D-01
 -1.029D-04  7.517D-01
 -1.172D-04  7.520D-01
 -1.313D-04  7.522D-01
 -1.454D-04  7.525D-01
 -1.596D-04  7.528D-01
 -1.739D-04  7.530D-01
 -1.883D-04  7.532D-01
 -2.029D-04  7.534D-01
 -2.177D-04  7.535D-01
 -2.327D-04  7.536D-01
 -2.481D-04  7.536D-01
 -2.637D-04  7.534D-01
 -2.797D-04  7.533D-01
 -2.960D-04  7.528D-01
 -3.127D-04  7.525D-01
 -3.299D-04  7.517D-01
 -3.474D-04  7.512D-01
 -3.656D-04  7.498D-01
 -3.839D-04  7.493D-01
 -4.034D-04  7.470D-01
 -4.226D-04  7.465D-01
 -4.436D-04  7.430D-01
 -4.637D-04  7.428D-01
 -4.868D-04  7.375D-01
 -5.076D-04  7.380D-01
 -5.334D-04  7.300D-01
 -5.545D-04  7.321D-01
 -5.843D-04  7.199D-01
 -6.048D-04  7.248D-01
 -6.406D-04  7.066D-01
 -6.591D-04  7.162D-01
 -7.041D-04  6.887D-01
 -7.177D-04  7.060D-01
 -7.773D-04  6.647D-01
 -7.813D-04  6.943D-01
 -8.647D-04  6.322D-01
 -8.502D-04  6.811D-01
 -9.741D-04  5.877D-01
 -9.252D-04  6.665D-01
 -1.120D-03  5.256D-01
 -1.006D-03  6.506D-01
 -1.336D-03  4.366D-01
 -1.094D-03  6.342D-01
 -1.709D-03  3.034D-01
 -1.188D-03  6.180D-01
 -2.613D-03  8.553D-02
 -1.284D-03  6.045D-01
 -3.737D-05  7.492D-01
 -5.550D-05  7.494D-01
 -7.115D-05  7.496D-01
 -8.576D-05  7.498D-01
 -9.984D-05  7.501D-01
 -1.136D-04  7.504D-01
 -1.273D-04  7.506D-01
 -1.410D-04  7.509D-01
 -1.547D-04  7.511D-01
 -1.685D-04  7.514D-01
 -1.824D-04  7.516D-01
 -1.965D-04  7.517D-01
 -2.108D-04  7.518D-01
 -2.253D-04  7.519D-01
 -2.401D-04  7.519D-01
 -2.551D-04  7.518D-01
 -2.705D-04  7.516D-01
 -2.862D-04  7.514D-01
 -3.023D-04  7.509D-01
 -3.186D-04  7.505D-01
 -3.356D-04  7.496D-01
 -3.527D-04  7.491D-01
 -3.707D-04  7.475D-01
 -3.887D-04  7.470D-01
 -4.078D-04  7.445D-01
 -4.267D-04  7.441D-01
 -4.474D-04  7.403D-01
 -4.670D-04  7.403D-01
 -4.898D-04  7.346D-01
 -5.100D-04  7.354D-01
 -5.356D-04  7.270D-01
 -5.560D-04  7.294D-01
 -5.855D-04  7.168D-01
 -6.052D-04  7.222D-01
 -6.407D-04  7.033D-01
 -6.582D-04  7.136D-01
 -7.028D-04  6.854D-01
 -7.153D-04  7.036D-01
 -7.744D-04  6.615D-01
 -7.770D-04  6.921D-01
 -8.596D-04  6.292D-01
 -8.439D-04  6.792D-01
 -9.661D-04  5.850D-01
 -9.164D-04  6.649D-01
 -1.108D-03  5.234D-01
 -9.948D-04  6.495D-01
 -1.316D-03  4.351D-01
 -1.079D-03  6.335D-01
 -1.676D-03  3.027D-01
 -1.169D-03  6.178D-01
 -2.544D-03  8.443D-02
 -1.262D-03  6.048D-01
 -3.628D-05  7.476D-01
 -5.387D-05  7.478D-01
 -6.906D-05  7.480D-01
 -8.323D-05  7.482D-01
 -9.688D-05  7.484D-01
 -1.103D-04  7.487D-01
 -1.235D-04  7.489D-01
 -1.368D-04  7.492D-01
 -1.500D-04  7.494D-01
 -1.634D-04  7.496D-01
 -1.768D-04  7.498D-01
 -1.904D-04  7.499D-01
 -2.042D-04  7.501D-01
 -2.183D-04  7.501D-01
 -2.325D-04  7.501D-01
 -2.470D-04  7.500D-01
 -2.618D-04  7.499D-01
 -2.769D-04  7.496D-01
 -2.923D-04  7.493D-01
 -3.081D-04  7.487D-01
 -3.242D-04  7.483D-01
 -3.409D-04  7.472D-01
 -3.578D-04  7.467D-01
 -3.754D-04  7.450D-01
 -3.931D-04  7.444D-01
 -4.120D-04  7.418D-01
 -4.304D-04  7.414D-01
 -4.509D-04  7.374D-01
 -4.701D-04  7.375D-01
 -4.925D-04  7.315D-01
 -5.122D-04  7.325D-01
 -5.375D-04  7.237D-01
 -5.572D-04  7.265D-01
 -5.865D-04  7.134D-01
 -6.054D-04  7.193D-01
 -6.405D-04  6.998D-01
 -6.571D-04  7.108D-01
 -7.013D-04  6.819D-01
 -7.127D-04  7.009D-01
 -7.712D-04  6.580D-01
 -7.727D-04  6.896D-01
 -8.544D-04  6.259D-01
 -8.376D-04  6.769D-01
 -9.580D-04  5.820D-01
 -9.077D-04  6.630D-01
 -1.096D-03  5.209D-01
 -9.833D-04  6.480D-01
 -1.297D-03  4.334D-01
 -1.065D-03  6.325D-01
 -1.643D-03  3.018D-01
 -1.151D-03  6.173D-01
 -2.477D-03  8.349D-02
 -1.240D-03  6.046D-01
 -3.523D-05  7.459D-01
 -5.232D-05  7.461D-01
 -6.706D-05  7.463D-01
 -8.081D-05  7.465D-01
 -9.405D-05  7.467D-01
 -1.070D-04  7.469D-01
 -1.199D-04  7.471D-01
 -1.327D-04  7.474D-01
 -1.456D-04  7.476D-01
 -1.585D-04  7.478D-01
 -1.715D-04  7.479D-01
 -1.847D-04  7.481D-01
 -1.980D-04  7.482D-01
 -2.115D-04  7.482D-01
 -2.253D-04  7.482D-01
 -2.393D-04  7.482D-01
 -2.535D-04  7.480D-01
 -2.681D-04  7.478D-01
 -2.829D-04  7.474D-01
 -2.981D-04  7.471D-01
 -3.137D-04  7.463D-01
 -3.295D-04  7.458D-01
 -3.459D-04  7.446D-01
 -3.625D-04  7.441D-01
 -3.799D-04  7.422D-01
 -3.972D-04  7.417D-01
 -4.158D-04  7.388D-01
 -4.339D-04  7.385D-01
 -4.541D-04  7.343D-01
 -4.728D-04  7.344D-01
 -4.950D-04  7.282D-01
 -5.141D-04  7.294D-01
 -5.391D-04  7.202D-01
 -5.582D-04  7.233D-01
 -5.871D-04  7.098D-01
 -6.053D-04  7.161D-01
 -6.401D-04  6.961D-01
 -6.557D-04  7.076D-01
 -6.996D-04  6.781D-01
 -7.100D-04  6.978D-01
 -7.679D-04  6.543D-01
 -7.683D-04  6.867D-01
 -8.490D-04  6.223D-01
 -8.312D-04  6.743D-01
 -9.498D-04  5.788D-01
 -8.990D-04  6.607D-01
 -1.083D-03  5.183D-01
 -9.721D-04  6.461D-01
 -1.278D-03  4.316D-01
 -1.050D-03  6.310D-01
 -1.612D-03  3.010D-01
 -1.133D-03  6.162D-01
 -2.412D-03  8.269D-02
 -1.218D-03  6.039D-01
 -3.423D-05  7.442D-01
 -5.083D-05  7.444D-01
 -6.515D-05  7.445D-01
 -7.850D-05  7.447D-01
 -9.135D-05  7.449D-01
 -1.039D-04  7.451D-01
 -1.164D-04  7.453D-01
 -1.288D-04  7.455D-01
 -1.413D-04  7.457D-01
 -1.538D-04  7.458D-01
 -1.664D-04  7.460D-01
 -1.792D-04  7.461D-01
 -1.921D-04  7.462D-01
 -2.051D-04  7.462D-01
 -2.184D-04  7.462D-01
 -2.319D-04  7.461D-01
 -2.457D-04  7.460D-01
 -2.597D-04  7.457D-01
 -2.740D-04  7.455D-01
 -2.886D-04  7.449D-01
 -3.035D-04  7.445D-01
 -3.189D-04  7.437D-01
 -3.344D-04  7.432D-01
 -3.506D-04  7.418D-01
 -3.668D-04  7.412D-01
 -3.840D-04  7.392D-01
 -4.010D-04  7.386D-01
 -4.194D-04  7.356D-01
 -4.370D-04  7.353D-01
 -4.569D-04  7.308D-01
 -4.752D-04  7.311D-01
 -4.972D-04  7.246D-01
 -5.158D-04  7.260D-01
 -5.405D-04  7.164D-01
 -5.589D-04  7.199D-01
 -5.876D-04  7.059D-01
 -6.050D-04  7.126D-01
 -6.395D-04  6.921D-01
 -6.542D-04  7.042D-01
 -6.977D-04  6.741D-01
 -7.071D-04  6.945D-01
 -7.645D-04  6.503D-01
 -7.638D-04  6.836D-01
 -8.436D-04  6.185D-01
 -8.248D-04  6.714D-01
 -9.416D-04  5.754D-01
 -8.905D-04  6.581D-01
 -1.071D-03  5.155D-01
 -9.610D-04  6.439D-01
 -1.260D-03  4.297D-01
 -1.036D-03  6.291D-01
 -1.581D-03  3.000D-01
 -1.116D-03  6.148D-01
 -2.350D-03  8.200D-02
 -1.198D-03  6.027D-01
 -3.328D-05  7.425D-01
 -4.941D-05  7.426D-01
 -6.332D-05  7.427D-01
 -7.628D-05  7.429D-01
 -8.877D-05  7.430D-01
 -1.010D-04  7.432D-01
 -1.131D-04  7.434D-01
 -1.251D-04  7.435D-01
 -1.372D-04  7.437D-01
 -1.493D-04  7.438D-01
 -1.616D-04  7.439D-01
 -1.739D-04  7.440D-01
 -1.864D-04  7.441D-01
 -1.990D-04  7.441D-01
 -2.119D-04  7.440D-01
 -2.249D-04  7.440D-01
 -2.382D-04  7.438D-01
 -2.517D-04  7.436D-01
 -2.655D-04  7.432D-01
 -2.796D-04  7.429D-01
 -2.940D-04  7.422D-01
 -3.086D-04  7.418D-01
 -3.237D-04  7.408D-01
 -3.390D-04  7.402D-01
 -3.550D-04  7.387D-01
 -3.709D-04  7.381D-01
 -3.878D-04  7.359D-01
 -4.045D-04  7.354D-01
 -4.226D-04  7.321D-01
 -4.399D-04  7.319D-01
 -4.596D-04  7.271D-01
 -4.774D-04  7.276D-01
 -4.991D-04  7.207D-01
 -5.171D-04  7.223D-01
 -5.416D-04  7.124D-01
 -5.594D-04  7.161D-01
 -5.878D-04  7.017D-01
 -6.044D-04  7.089D-01
 -6.387D-04  6.878D-01
 -6.525D-04  7.005D-01
 -6.956D-04  6.698D-01
 -7.040D-04  6.909D-01
 -7.608D-04  6.461D-01
 -7.592D-04  6.801D-01
 -8.380D-04  6.145D-01
 -8.185D-04  6.681D-01
 -9.334D-04  5.718D-01
 -8.821D-04  6.551D-01
 -1.059D-03  5.125D-01
 -9.502D-04  6.412D-01
 -1.241D-03  4.276D-01
 -1.023D-03  6.269D-01
 -1.551D-03  2.990D-01
 -1.100D-03  6.128D-01
 -2.290D-03  8.138D-02
 -1.178D-03  6.011D-01
 -3.236D-05  7.406D-01
 -4.804D-05  7.407D-01
 -6.156D-05  7.409D-01
 -7.416D-05  7.410D-01
 -8.629D-05  7.411D-01
 -9.817D-05  7.413D-01
 -1.099D-04  7.414D-01
 -1.216D-04  7.415D-01
 -1.333D-04  7.416D-01
 -1.451D-04  7.417D-01
 -1.569D-04  7.418D-01
 -1.689D-04  7.419D-01
 -1.810D-04  7.419D-01
 -1.932D-04  7.419D-01
 -2.056D-04  7.418D-01
 -2.183D-04  7.417D-01
 -2.311D-04  7.415D-01
 -2.441D-04  7.413D-01
 -2.574D-04  7.410D-01
 -2.710D-04  7.405D-01
 -2.848D-04  7.401D-01
 -2.990D-04  7.393D-01
 -3.134D-04  7.388D-01
 -3.283D-04  7.377D-01
 -3.433D-04  7.371D-01
 -3.590D-04  7.354D-01
 -3.747D-04  7.348D-01
 -3.914D-04  7.323D-01
 -4.077D-04  7.318D-01
 -4.256D-04  7.284D-01
 -4.425D-04  7.282D-01
 -4.619D-04  7.232D-01
 -4.793D-04  7.237D-01
 -5.007D-04  7.166D-01
 -5.183D-04  7.184D-01
 -5.425D-04  7.081D-01
 -5.597D-04  7.121D-01
 -5.878D-04  6.973D-01
 -6.037D-04  7.048D-01
 -6.376D-04  6.833D-01
 -6.507D-04  6.965D-01
 -6.934D-04  6.653D-01
 -7.009D-04  6.870D-01
 -7.571D-04  6.416D-01
 -7.546D-04  6.763D-01
 -8.323D-04  6.103D-01
 -8.121D-04  6.645D-01
 -9.251D-04  5.679D-01
 -8.737D-04  6.518D-01
 -1.047D-03  5.093D-01
 -9.396D-04  6.382D-01
 -1.223D-03  4.253D-01
 -1.010D-03  6.242D-01
 -1.522D-03  2.978D-01
 -1.084D-03  6.105D-01
 -2.231D-03  8.083D-02
 -1.159D-03  5.990D-01
 -3.148D-05  7.388D-01
 -4.673D-05  7.388D-01
 -5.988D-05  7.389D-01
 -7.213D-05  7.390D-01
 -8.392D-05  7.391D-01
 -9.546D-05  7.392D-01
 -1.069D-04  7.393D-01
 -1.182D-04  7.394D-01
 -1.296D-04  7.395D-01
 -1.410D-04  7.396D-01
 -1.525D-04  7.396D-01
 -1.641D-04  7.396D-01
 -1.758D-04  7.396D-01
 -1.877D-04  7.396D-01
 -1.997D-04  7.395D-01
 -2.119D-04  7.394D-01
 -2.243D-04  7.391D-01
 -2.369D-04  7.389D-01
 -2.498D-04  7.385D-01
 -2.628D-04  7.382D-01
 -2.762D-04  7.376D-01
 -2.898D-04  7.371D-01
 -3.038D-04  7.362D-01
 -3.179D-04  7.356D-01
 -3.326D-04  7.343D-01
 -3.474D-04  7.337D-01
 -3.629D-04  7.318D-01
 -3.783D-04  7.312D-01
 -3.947D-04  7.286D-01
 -4.107D-04  7.281D-01
 -4.283D-04  7.244D-01
 -4.449D-04  7.242D-01
 -4.640D-04  7.190D-01
 -4.810D-04  7.197D-01
 -5.022D-04  7.122D-01
 -5.192D-04  7.142D-01
 -5.431D-04  7.036D-01
 -5.597D-04  7.079D-01
 -5.876D-04  6.926D-01
 -6.028D-04  7.006D-01
 -6.364D-04  6.785D-01
 -6.487D-04  6.922D-01
 -6.909D-04  6.605D-01
 -6.976D-04  6.827D-01
 -7.532D-04  6.369D-01
 -7.498D-04  6.722D-01
 -8.265D-04  6.058D-01
 -8.057D-04  6.606D-01
 -9.168D-04  5.638D-01
 -8.654D-04  6.481D-01
 -1.035D-03  5.059D-01
 -9.291D-04  6.348D-01
 -1.206D-03  4.228D-01
 -9.968D-04  6.211D-01
 -1.493D-03  2.966D-01
 -1.068D-03  6.077D-01
 -2.175D-03  8.030D-02
 -1.140D-03  5.965D-01
 -3.063D-05  7.368D-01
 -4.548D-05  7.369D-01
 -5.827D-05  7.370D-01
 -7.018D-05  7.370D-01
 -8.164D-05  7.371D-01
 -9.286D-05  7.372D-01
 -1.039D-04  7.372D-01
 -1.150D-04  7.373D-01
 -1.260D-04  7.373D-01
 -1.371D-04  7.374D-01
 -1.482D-04  7.374D-01
 -1.595D-04  7.374D-01
 -1.708D-04  7.373D-01
 -1.823D-04  7.372D-01
 -1.940D-04  7.371D-01
 -2.058D-04  7.369D-01
 -2.178D-04  7.367D-01
 -2.300D-04  7.364D-01
 -2.424D-04  7.361D-01
 -2.551D-04  7.356D-01
 -2.679D-04  7.351D-01
 -2.811D-04  7.344D-01
 -2.945D-04  7.339D-01
 -3.083D-04  7.328D-01
 -3.222D-04  7.322D-01
 -3.366D-04  7.307D-01
 -3.512D-04  7.300D-01
 -3.664D-04  7.280D-01
 -3.815D-04  7.273D-01
 -3.977D-04  7.245D-01
 -4.134D-04  7.240D-01
 -4.308D-04  7.201D-01
 -4.470D-04  7.201D-01
 -4.659D-04  7.146D-01
 -4.825D-04  7.153D-01
 -5.034D-04  7.076D-01
 -5.199D-04  7.098D-01
 -5.436D-04  6.988D-01
 -5.596D-04  7.034D-01
 -5.872D-04  6.876D-01
 -6.017D-04  6.960D-01
 -6.350D-04  6.735D-01
 -6.465D-04  6.876D-01
 -6.883D-04  6.554D-01
 -6.942D-04  6.782D-01
 -7.491D-04  6.320D-01
 -7.450D-04  6.678D-01
 -8.206D-04  6.011D-01
 -7.993D-04  6.564D-01
 -9.084D-04  5.595D-01
 -8.571D-04  6.441D-01
 -1.023D-03  5.022D-01
 -9.188D-04  6.310D-01
 -1.188D-03  4.201D-01
 -9.841D-04  6.176D-01
 -1.466D-03  2.952D-01
 -1.053D-03  6.046D-01
 -2.121D-03  7.979D-02
 -1.123D-03  5.935D-01
 -2.982D-05  7.348D-01
 -4.427D-05  7.349D-01
 -5.672D-05  7.349D-01
 -6.831D-05  7.350D-01
 -7.946D-05  7.350D-01
 -9.037D-05  7.350D-01
 -1.011D-04  7.351D-01
 -1.119D-04  7.351D-01
 -1.226D-04  7.351D-01
 -1.334D-04  7.351D-01
 -1.442D-04  7.351D-01
 -1.551D-04  7.350D-01
 -1.661D-04  7.349D-01
 -1.772D-04  7.348D-01
 -1.885D-04  7.346D-01
 -2.000D-04  7.344D-01
 -2.116D-04  7.341D-01
 -2.234D-04  7.338D-01
 -2.354D-04  7.334D-01
 -2.476D-04  7.330D-01
 -2.601D-04  7.324D-01
 -2.727D-04  7.319D-01
 -2.857D-04  7.310D-01
 -2.989D-04  7.304D-01
 -3.125D-04  7.292D-01
 -3.262D-04  7.285D-01
 -3.404D-04  7.269D-01
 -3.547D-04  7.262D-01
 -3.697D-04  7.240D-01
 -3.845D-04  7.233D-01
 -4.005D-04  7.203D-01
 -4.159D-04  7.198D-01
 -4.331D-04  7.156D-01
 -4.489D-04  7.156D-01
 -4.676D-04  7.099D-01
 -4.837D-04  7.108D-01
 -5.044D-04  7.027D-01
 -5.204D-04  7.051D-01
 -5.438D-04  6.937D-01
 -5.593D-04  6.986D-01
 -5.866D-04  6.825D-01
 -6.005D-04  6.911D-01
 -6.334D-04  6.683D-01
 -6.442D-04  6.828D-01
 -6.855D-04  6.502D-01
 -6.907D-04  6.734D-01
 -7.449D-04  6.268D-01
 -7.401D-04  6.631D-01
 -8.146D-04  5.961D-01
 -7.928D-04  6.518D-01
 -9.001D-04  5.550D-01
 -8.489D-04  6.397D-01
 -1.011D-03  4.984D-01
 -9.086D-04  6.269D-01
 -1.171D-03  4.173D-01
 -9.717D-04  6.138D-01
 -1.438D-03  2.936D-01
 -1.038D-03  6.010D-01
 -2.068D-03  7.926D-02
 -1.105D-03  5.901D-01
 -2.905D-05  7.328D-01
 -4.311D-05  7.328D-01
 -5.523D-05  7.328D-01
 -6.651D-05  7.328D-01
 -7.736D-05  7.329D-01
 -8.798D-05  7.329D-01
 -9.846D-05  7.329D-01
 -1.089D-04  7.328D-01
 -1.193D-04  7.328D-01
 -1.298D-04  7.328D-01
 -1.403D-04  7.327D-01
 -1.509D-04  7.326D-01
 -1.616D-04  7.324D-01
 -1.724D-04  7.323D-01
 -1.833D-04  7.321D-01
 -1.944D-04  7.318D-01
 -2.056D-04  7.315D-01
 -2.171D-04  7.311D-01
 -2.287D-04  7.308D-01
 -2.405D-04  7.302D-01
 -2.525D-04  7.297D-01
 -2.648D-04  7.290D-01
 -2.773D-04  7.284D-01
 -2.901D-04  7.274D-01
 -3.030D-04  7.267D-01
 -3.164D-04  7.254D-01
 -3.299D-04  7.246D-01
 -3.439D-04  7.229D-01
 -3.579D-04  7.220D-01
 -3.728D-04  7.197D-01
 -3.873D-04  7.189D-01
 -4.031D-04  7.157D-01
 -4.182D-04  7.153D-01
 -4.351D-04  7.109D-01
 -4.506D-04  7.110D-01
 -4.690D-04  7.049D-01
 -4.847D-04  7.059D-01
 -5.051D-04  6.975D-01
 -5.207D-04  7.001D-01
 -5.439D-04  6.884D-01
 -5.588D-04  6.935D-01
 -5.857D-04  6.770D-01
 -5.990D-04  6.861D-01
 -6.316D-04  6.628D-01
 -6.417D-04  6.777D-01
 -6.826D-04  6.447D-01
 -6.871D-04  6.684D-01
 -7.406D-04  6.214D-01
 -7.352D-04  6.581D-01
 -8.086D-04  5.910D-01
 -7.864D-04  6.470D-01
 -8.917D-04  5.503D-01
 -8.408D-04  6.350D-01
 -9.997D-04  4.943D-01
 -8.986D-04  6.224D-01
 -1.154D-03  4.142D-01
 -9.595D-04  6.096D-01
 -1.412D-03  2.919D-01
 -1.023D-03  5.970D-01
 -2.017D-03  7.870D-02
 -1.088D-03  5.863D-01
 -2.830D-05  7.307D-01
 -4.200D-05  7.307D-01
 -5.380D-05  7.307D-01
 -6.479D-05  7.307D-01
 -7.535D-05  7.307D-01
 -8.568D-05  7.306D-01
 -9.588D-05  7.306D-01
 -1.060D-04  7.305D-01
 -1.162D-04  7.305D-01
 -1.263D-04  7.304D-01
 -1.365D-04  7.302D-01
 -1.468D-04  7.301D-01
 -1.572D-04  7.299D-01
 -1.677D-04  7.297D-01
 -1.783D-04  7.295D-01
 -1.891D-04  7.292D-01
 -2.000D-04  7.288D-01
 -2.110D-04  7.284D-01
 -2.223D-04  7.280D-01
 -2.337D-04  7.275D-01
 -2.454D-04  7.268D-01
 -2.572D-04  7.262D-01
 -2.693D-04  7.254D-01
 -2.816D-04  7.247D-01
 -2.942D-04  7.236D-01
 -3.069D-04  7.228D-01
 -3.201D-04  7.213D-01
 -3.334D-04  7.205D-01
 -3.472D-04  7.186D-01
 -3.610D-04  7.177D-01
 -3.756D-04  7.152D-01
 -3.899D-04  7.144D-01
 -4.054D-04  7.110D-01
 -4.202D-04  7.105D-01
 -4.369D-04  7.059D-01
 -4.520D-04  7.060D-01
 -4.702D-04  6.997D-01
 -4.855D-04  7.009D-01
 -5.057D-04  6.922D-01
 -5.208D-04  6.949D-01
 -5.437D-04  6.829D-01
 -5.581D-04  6.882D-01
 -5.848D-04  6.714D-01
 -5.975D-04  6.807D-01
 -6.297D-04  6.570D-01
 -6.391D-04  6.723D-01
 -6.796D-04  6.389D-01
 -6.833D-04  6.630D-01
 -7.362D-04  6.158D-01
 -7.302D-04  6.528D-01
 -8.025D-04  5.856D-01
 -7.800D-04  6.418D-01
 -8.833D-04  5.453D-01
 -8.328D-04  6.300D-01
 -9.881D-04  4.900D-01
 -8.887D-04  6.176D-01
 -1.137D-03  4.110D-01
 -9.476D-04  6.050D-01
 -1.386D-03  2.900D-01
 -1.009D-03  5.927D-01
 -1.968D-03  7.809D-02
 -1.072D-03  5.821D-01
 -2.758D-05  7.286D-01
 -4.093D-05  7.285D-01
 -5.242D-05  7.285D-01
 -6.313D-05  7.285D-01
 -7.341D-05  7.284D-01
 -8.347D-05  7.283D-01
 -9.340D-05  7.283D-01
 -1.033D-04  7.282D-01
 -1.131D-04  7.281D-01
 -1.230D-04  7.279D-01
 -1.329D-04  7.278D-01
 -1.429D-04  7.276D-01
 -1.530D-04  7.273D-01
 -1.632D-04  7.271D-01
 -1.735D-04  7.268D-01
 -1.839D-04  7.264D-01
 -1.945D-04  7.261D-01
 -2.052D-04  7.256D-01
 -2.161D-04  7.251D-01
 -2.272D-04  7.246D-01
 -2.385D-04  7.240D-01
 -2.499D-04  7.232D-01
 -2.616D-04  7.225D-01
 -2.735D-04  7.216D-01
 -2.856D-04  7.208D-01
 -2.980D-04  7.195D-01
 -3.106D-04  7.186D-01
 -3.236D-04  7.170D-01
 -3.366D-04  7.161D-01
 -3.502D-04  7.140D-01
 -3.638D-04  7.131D-01
 -3.782D-04  7.104D-01
 -3.922D-04  7.096D-01
 -4.075D-04  7.060D-01
 -4.220D-04  7.055D-01
 -4.385D-04  7.007D-01
 -4.533D-04  7.009D-01
 -4.712D-04  6.943D-01
 -4.861D-04  6.955D-01
 -5.061D-04  6.866D-01
 -5.207D-04  6.895D-01
 -5.433D-04  6.771D-01
 -5.572D-04  6.827D-01
 -5.836D-04  6.655D-01
 -5.957D-04  6.751D-01
 -6.276D-04  6.511D-01
 -6.364D-04  6.667D-01
 -6.764D-04  6.330D-01
 -6.795D-04  6.574D-01
 -7.317D-04  6.099D-01
 -7.252D-04  6.473D-01
 -7.963D-04  5.799D-01
 -7.735D-04  6.364D-01
 -8.749D-04  5.401D-01
 -8.247D-04  6.247D-01
 -9.766D-04  4.855D-01
 -8.789D-04  6.125D-01
 -1.121D-03  4.075D-01
 -9.359D-04  6.001D-01
 -1.361D-03  2.879D-01
 -9.954D-04  5.879D-01
 -1.921D-03  7.742D-02
 -1.056D-03  5.775D-01
 -2.688D-05  7.264D-01
 -3.990D-05  7.263D-01
 -5.110D-05  7.263D-01
 -6.153D-05  7.262D-01
 -7.155D-05  7.261D-01
 -8.134D-05  7.260D-01
 -9.101D-05  7.259D-01
 -1.006D-04  7.258D-01
 -1.102D-04  7.256D-01
 -1.198D-04  7.254D-01
 -1.295D-04  7.252D-01
 -1.392D-04  7.250D-01
 -1.490D-04  7.247D-01
 -1.589D-04  7.244D-01
 -1.689D-04  7.241D-01
 -1.790D-04  7.237D-01
 -1.893D-04  7.232D-01
 -1.997D-04  7.228D-01
 -2.103D-04  7.222D-01
 -2.210D-04  7.216D-01
 -2.319D-04  7.209D-01
 -2.430D-04  7.203D-01
 -2.543D-04  7.194D-01
 -2.657D-04  7.186D-01
 -2.775D-04  7.175D-01
 -2.894D-04  7.166D-01
 -3.016D-04  7.152D-01
 -3.140D-04  7.143D-01
 -3.268D-04  7.125D-01
 -3.396D-04  7.115D-01
 -3.531D-04  7.093D-01
 -3.664D-04  7.083D-01
 -3.806D-04  7.054D-01
 -3.943D-04  7.046D-01
 -4.094D-04  7.008D-01
 -4.236D-04  7.003D-01
 -4.399D-04  6.953D-01
 -4.543D-04  6.955D-01
 -4.720D-04  6.887D-01
 -4.865D-04  6.900D-01
 -5.062D-04  6.807D-01
 -5.205D-04  6.838D-01
 -5.428D-04  6.711D-01
 -5.562D-04  6.769D-01
 -5.823D-04  6.594D-01
 -5.938D-04  6.692D-01
 -6.253D-04  6.449D-01
 -6.336D-04  6.608D-01
 -6.731D-04  6.268D-01
 -6.756D-04  6.515D-01
 -7.271D-04  6.038D-01
 -7.200D-04  6.414D-01
 -7.900D-04  5.741D-01
 -7.670D-04  6.306D-01
 -8.665D-04  5.347D-01
 -8.168D-04  6.191D-01
 -9.652D-04  4.808D-01
 -8.692D-04  6.071D-01
 -1.105D-03  4.038D-01
 -9.244D-04  5.948D-01
 -1.336D-03  2.856D-01
 -9.819D-04  5.829D-01
 -1.875D-03  7.666D-02
 -1.040D-03  5.726D-01
 -2.621D-05  7.241D-01
 -3.890D-05  7.240D-01
 -4.983D-05  7.240D-01
 -5.999D-05  7.239D-01
 -6.975D-05  7.238D-01
 -7.929D-05  7.236D-01
 -8.871D-05  7.235D-01
 -9.807D-05  7.233D-01
 -1.074D-04  7.231D-01
 -1.168D-04  7.229D-01
 -1.262D-04  7.226D-01
 -1.356D-04  7.223D-01
 -1.451D-04  7.220D-01
 -1.547D-04  7.217D-01
 -1.645D-04  7.213D-01
 -1.743D-04  7.208D-01
 -1.843D-04  7.204D-01
 -1.944D-04  7.198D-01
 -2.046D-04  7.193D-01
 -2.150D-04  7.186D-01
 -2.256D-04  7.179D-01
 -2.363D-04  7.171D-01
 -2.472D-04  7.163D-01
 -2.584D-04  7.153D-01
 -2.697D-04  7.144D-01
 -2.812D-04  7.132D-01
 -2.930D-04  7.122D-01
 -3.050D-04  7.107D-01
 -3.172D-04  7.097D-01
 -3.298D-04  7.078D-01
 -3.424D-04  7.067D-01
 -3.557D-04  7.043D-01
 -3.687D-04  7.032D-01
 -3.827D-04  7.002D-01
 -3.962D-04  6.993D-01
 -4.111D-04  6.953D-01
 -4.250D-04  6.949D-01
 -4.411D-04  6.896D-01
 -4.551D-04  6.899D-01
 -4.727D-04  6.828D-01
 -4.868D-04  6.842D-01
 -5.062D-04  6.747D-01
 -5.200D-04  6.779D-01
 -5.421D-04  6.649D-01
 -5.550D-04  6.709D-01
 -5.808D-04  6.530D-01
 -5.918D-04  6.631D-01
 -6.229D-04  6.385D-01
 -6.306D-04  6.547D-01
 -6.696D-04  6.204D-01
 -6.716D-04  6.454D-01
 -7.223D-04  5.975D-01
 -7.149D-04  6.354D-01
 -7.837D-04  5.680D-01
 -7.606D-04  6.246D-01
 -8.581D-04  5.291D-01
 -8.088D-04  6.132D-01
 -9.539D-04  4.759D-01
 -8.597D-04  6.013D-01
 -1.089D-03  3.999D-01
 -9.131D-04  5.892D-01
 -1.313D-03  2.832D-01
 -9.686D-04  5.774D-01
 -1.831D-03  7.580D-02
 -1.025D-03  5.673D-01
