 -5.549D-03  7.662D-01
 -3.237D-03  7.609D-01
 -5.948D-03  7.587D-01
 -1.807D-03  7.601D-01
 -4.190D-03  7.508D-01
 -5.889D-03  7.499D-01
 -1.291D-03  7.577D-01
 -2.299D-03  7.518D-01
 -4.816D-03  7.386D-01
 -5.700D-03  7.399D-01
 -9.504D-04  7.577D-01
 -1.725D-03  7.479D-01
 -2.563D-03  7.422D-01
 -5.285D-03  7.244D-01
 -5.470D-03  7.288D-01
 -7.524D-04  7.570D-01
 -1.268D-03  7.490D-01
 -2.021D-03  7.363D-01
 -2.714D-03  7.316D-01
 -5.654D-03  7.084D-01
 -5.229D-03  7.168D-01
 -6.103D-04  7.576D-01
 -1.022D-03  7.478D-01
 -1.472D-03  7.393D-01
 -2.248D-03  7.230D-01
 -2.796D-03  7.202D-01
 -5.947D-03  6.908D-01
 -4.991D-03  7.043D-01
 -5.113D-04  7.579D-01
 -8.308D-04  7.492D-01
 -1.210D-03  7.371D-01
 -1.614D-03  7.288D-01
 -2.431D-03  7.084D-01
 -2.834D-03  7.083D-01
 -6.180D-03  6.719D-01
 -4.761D-03  6.913D-01
 -4.355D-04  7.589D-01
 -7.021D-04  7.494D-01
 -9.816D-04  7.399D-01
 -1.355D-03  7.252D-01
 -1.715D-03  7.178D-01
 -2.582D-03  6.925D-01
 -2.840D-03  6.961D-01
 -6.360D-03  6.518D-01
 -4.541D-03  6.782D-01
 -3.778D-04  7.597D-01
 -5.997D-04  7.511D-01
 -8.374D-04  7.399D-01
 -1.094D-03  7.301D-01
 -1.473D-03  7.123D-01
 -1.786D-03  7.066D-01
 -2.708D-03  6.756D-01
 -2.824D-03  6.838D-01
 -6.497D-03  6.306D-01
 -4.332D-03  6.651D-01
 -3.315D-04  7.608D-01
 -5.228D-04  7.521D-01
 -7.157D-04  7.427D-01
 -9.432D-04  7.295D-01
 -1.181D-03  7.200D-01
 -1.570D-03  6.987D-01
 -1.835D-03  6.953D-01
 -2.813D-03  6.580D-01
 -2.791D-03  6.716D-01
 -6.594D-03  6.087D-01
 -4.135D-03  6.522D-01
 -2.943D-04  7.619D-01
 -4.600D-04  7.539D-01
 -6.274D-04  7.438D-01
 -8.053D-04  7.339D-01
 -1.030D-03  7.185D-01
 -1.248D-03  7.099D-01
 -1.653D-03  6.844D-01
 -1.866D-03  6.843D-01
 -2.899D-03  6.397D-01
 -2.748D-03  6.598D-01
 -6.657D-03  5.861D-01
 -3.948D-03  6.398D-01
 -2.635D-04  7.631D-01
 -4.098D-04  7.553D-01
 -5.527D-04  7.466D-01
 -7.100D-04  7.350D-01
 -8.769D-04  7.251D-01
 -1.102D-03  7.071D-01
 -1.300D-03  7.000D-01
 -1.722D-03  6.697D-01
 -1.883D-03  6.735D-01
 -2.969D-03  6.211D-01
 -2.696D-03  6.485D-01
 -6.690D-03  5.630D-01
 -3.772D-03  6.280D-01
 -2.378D-04  7.642D-01
 -3.678D-04  7.572D-01
 -4.942D-04  7.483D-01
 -6.259D-04  7.390D-01
 -7.782D-04  7.259D-01
 -9.349D-04  7.163D-01
 -1.163D-03  6.955D-01
 -1.339D-03  6.904D-01
 -1.780D-03  6.549D-01
 -1.889D-03  6.634D-01
 -3.023D-03  6.023D-01
 -2.638D-03  6.378D-01
 -6.696D-03  5.397D-01
 -3.607D-03  6.169D-01
 -2.160D-04  7.655D-01
 -3.328D-04  7.587D-01
 -4.442D-04  7.510D-01
 -5.617D-04  7.410D-01
 -6.856D-04  7.315D-01
 -8.356D-04  7.166D-01
 -9.820D-04  7.079D-01
 -1.215D-03  6.837D-01
 -1.368D-03  6.813D-01
 -1.829D-03  6.399D-01
 -1.886D-03  6.539D-01
 -3.065D-03  5.834D-01
 -2.577D-03  6.279D-01
 -6.678D-03  5.161D-01
 -3.450D-03  6.067D-01
 -1.974D-04  7.666D-01
 -3.030D-04  7.605D-01
 -4.031D-04  7.529D-01
 -5.054D-04  7.447D-01
 -6.179D-04  7.336D-01
 -7.353D-04  7.242D-01
 -8.845D-04  7.073D-01
 -1.020D-03  6.999D-01
 -1.259D-03  6.720D-01
 -1.389D-03  6.730D-01
 -1.869D-03  6.250D-01
 -1.875D-03  6.452D-01
 -3.094D-03  5.646D-01
 -2.513D-03  6.190D-01
 -6.639D-03  4.926D-01
 -3.303D-03  5.976D-01
 -1.813D-04  7.677D-01
 -2.775D-04  7.620D-01
 -3.676D-04  7.554D-01
 -4.599D-04  7.470D-01
 -5.562D-04  7.385D-01
 -6.656D-04  7.262D-01
 -7.768D-04  7.173D-01
 -9.264D-04  6.981D-01
 -1.051D-03  6.925D-01
 -1.297D-03  6.604D-01
 -1.402D-03  6.653D-01
 -1.902D-03  6.103D-01
 -1.859D-03  6.374D-01
 -3.113D-03  5.460D-01
 -2.448D-03  6.111D-01
 -6.583D-03  4.691D-01
 -3.165D-03  5.896D-01
 -1.672D-04  7.687D-01
 -2.553D-04  7.636D-01
 -3.374D-04  7.573D-01
 -4.199D-04  7.502D-01
 -5.076D-04  7.410D-01
 -5.991D-04  7.326D-01
 -7.066D-04  7.189D-01
 -8.115D-04  7.109D-01
 -9.626D-04  6.891D-01
 -1.075D-03  6.858D-01
 -1.328D-03  6.491D-01
 -1.409D-03  6.585D-01
 -1.927D-03  5.959D-01
 -1.839D-03  6.306D-01
 -3.121D-03  5.277D-01
 -2.383D-03  6.042D-01
 -6.510D-03  4.459D-01
 -3.034D-03  5.828D-01
 -1.549D-04  7.697D-01
 -2.360D-04  7.650D-01
 -3.109D-04  7.595D-01
 -3.862D-04  7.526D-01
 -4.637D-04  7.453D-01
 -5.484D-04  7.352D-01
 -6.356D-04  7.271D-01
 -7.420D-04  7.118D-01
 -8.405D-04  7.051D-01
 -9.936D-04  6.804D-01
 -1.093D-03  6.799D-01
 -1.355D-03  6.381D-01
 -1.412D-03  6.526D-01
 -1.947D-03  5.819D-01
 -1.815D-03  6.248D-01
 -3.121D-03  5.099D-01
 -2.318D-03  5.985D-01
 -6.424D-03  4.230D-01
 -2.912D-03  5.771D-01
 -1.440D-04  7.706D-01
 -2.190D-04  7.664D-01
 -2.879D-04  7.613D-01
 -3.563D-04  7.554D-01
 -4.275D-04  7.479D-01
 -5.013D-04  7.406D-01
 -5.837D-04  7.297D-01
 -6.669D-04  7.221D-01
 -7.729D-04  7.051D-01
 -8.646D-04  6.999D-01
 -1.020D-03  6.721D-01
 -1.107D-03  6.748D-01
 -1.377D-03  6.276D-01
 -1.410D-03  6.477D-01
 -1.961D-03  5.685D-01
 -1.788D-03  6.200D-01
 -3.113D-03  4.926D-01
 -2.254D-03  5.939D-01
 -6.327D-03  4.006D-01
 -2.796D-03  5.728D-01
 -1.343D-04  7.714D-01
 -2.040D-04  7.677D-01
 -2.676D-04  7.631D-01
 -3.306D-04  7.576D-01
 -3.948D-04  7.515D-01
 -4.631D-04  7.435D-01
 -5.337D-04  7.363D-01
 -6.146D-04  7.244D-01
 -6.937D-04  7.176D-01
 -7.998D-04  6.987D-01
 -8.844D-04  6.955D-01
 -1.043D-03  6.641D-01
 -1.117D-03  6.705D-01
 -1.394D-03  6.175D-01
 -1.404D-03  6.437D-01
 -1.969D-03  5.555D-01
 -1.759D-03  6.163D-01
 -3.098D-03  4.759D-01
 -2.192D-03  5.904D-01
 -6.220D-03  3.787D-01
 -2.688D-03  5.696D-01
 -1.257D-04  7.721D-01
 -1.906D-04  7.688D-01
 -2.496D-04  7.647D-01
 -3.076D-04  7.599D-01
 -3.669D-04  7.540D-01
 -4.281D-04  7.479D-01
 -4.943D-04  7.393D-01
 -5.619D-04  7.325D-01
 -6.418D-04  7.194D-01
 -7.166D-04  7.138D-01
 -8.231D-04  6.927D-01
 -9.005D-04  6.918D-01
 -1.062D-03  6.567D-01
 -1.123D-03  6.671D-01
 -1.408D-03  6.080D-01
 -1.396D-03  6.406D-01
 -1.973D-03  5.432D-01
 -1.729D-03  6.136D-01
 -3.077D-03  4.599D-01
 -2.131D-03  5.881D-01
 -6.105D-03  3.574D-01
 -2.586D-03  5.677D-01
 -1.179D-04  7.728D-01
 -1.786D-04  7.698D-01
 -2.335D-04  7.662D-01
 -2.874D-04  7.618D-01
 -3.418D-04  7.570D-01
 -3.986D-04  7.506D-01
 -4.571D-04  7.447D-01
 -5.217D-04  7.354D-01
 -5.864D-04  7.292D-01
 -6.656D-04  7.148D-01
 -7.361D-04  7.106D-01
 -8.435D-04  6.872D-01
 -9.134D-04  6.888D-01
 -1.079D-03  6.497D-01
 -1.127D-03  6.645D-01
 -1.419D-03  5.990D-01
 -1.385D-03  6.385D-01
 -1.973D-03  5.315D-01
 -1.699D-03  6.119D-01
 -3.051D-03  4.445D-01
 -2.072D-03  5.868D-01
 -5.983D-03  3.367D-01
 -2.491D-03  5.669D-01
 -1.109D-04  7.733D-01
 -1.677D-04  7.707D-01
 -2.191D-04  7.675D-01
 -2.691D-04  7.638D-01
 -3.198D-04  7.591D-01
 -3.715D-04  7.542D-01
 -4.264D-04  7.475D-01
 -4.826D-04  7.419D-01
 -5.460D-04  7.318D-01
 -6.079D-04  7.265D-01
 -6.866D-04  7.106D-01
 -7.527D-04  7.080D-01
 -8.611D-04  6.820D-01
 -9.235D-04  6.866D-01
 -1.092D-03  6.432D-01
 -1.128D-03  6.627D-01
 -1.427D-03  5.906D-01
 -1.373D-03  6.372D-01
 -1.970D-03  5.206D-01
 -1.668D-03  6.112D-01
 -3.019D-03  4.300D-01
 -2.015D-03  5.866D-01
 -5.856D-03  3.169D-01
 -2.401D-03  5.671D-01
 -1.045D-04  7.738D-01
 -1.580D-04  7.715D-01
 -2.061D-04  7.687D-01
 -2.529D-04  7.653D-01
 -2.998D-04  7.615D-01
 -3.481D-04  7.566D-01
 -3.978D-04  7.518D-01
 -4.511D-04  7.447D-01
 -5.052D-04  7.395D-01
 -5.675D-04  7.286D-01
 -6.265D-04  7.242D-01
 -7.052D-04  7.068D-01
 -7.667D-04  7.060D-01
 -8.763D-04  6.773D-01
 -9.312D-04  6.850D-01
 -1.103D-03  6.371D-01
 -1.127D-03  6.617D-01
 -1.431D-03  5.828D-01
 -1.359D-03  6.367D-01
 -1.963D-03  5.103D-01
 -1.636D-03  6.113D-01
 -2.984D-03  4.162D-01
 -1.960D-03  5.873D-01
 -5.726D-03  2.978D-01
 -2.316D-03  5.684D-01
 -9.873D-05  7.741D-01
 -1.491D-04  7.722D-01
 -1.943D-04  7.697D-01
 -2.381D-04  7.668D-01
 -2.820D-04  7.633D-01
 -3.267D-04  7.595D-01
 -3.733D-04  7.543D-01
 -4.210D-04  7.498D-01
 -4.731D-04  7.421D-01
 -5.251D-04  7.375D-01
 -5.867D-04  7.257D-01
 -6.428D-04  7.225D-01
 -7.215D-04  7.033D-01
 -7.784D-04  7.046D-01
 -8.894D-04  6.730D-01
 -9.368D-04  6.841D-01
 -1.112D-03  6.316D-01
 -1.124D-03  6.614D-01
 -1.434D-03  5.755D-01
 -1.345D-03  6.370D-01
 -1.953D-03  5.007D-01
 -1.605D-03  6.123D-01
 -2.946D-03  4.033D-01
 -1.907D-03  5.889D-01
 -5.592D-03  2.795D-01
 -2.237D-03  5.707D-01
 -9.345D-05  7.744D-01
 -1.410D-04  7.727D-01
 -1.836D-04  7.706D-01
 -2.248D-04  7.680D-01
 -2.659D-04  7.651D-01
 -3.077D-04  7.614D-01
 -3.505D-04  7.577D-01
 -3.957D-04  7.523D-01
 -4.418D-04  7.481D-01
 -4.928D-04  7.399D-01
 -5.428D-04  7.360D-01
 -6.038D-04  7.231D-01
 -6.569D-04  7.212D-01
 -7.359D-04  7.002D-01
 -7.881D-04  7.038D-01
 -9.006D-04  6.691D-01
 -9.405D-04  6.838D-01
 -1.119D-03  6.266D-01
 -1.119D-03  6.617D-01
 -1.434D-03  5.689D-01
 -1.329D-03  6.381D-01
 -1.941D-03  4.918D-01
 -1.575D-03  6.140D-01
 -2.904D-03  3.911D-01
 -1.856D-03  5.913D-01
 -5.457D-03  2.620D-01
 -2.162D-03  5.737D-01
 -8.861D-05  7.745D-01
 -1.336D-04  7.731D-01
 -1.739D-04  7.713D-01
 -2.127D-04  7.691D-01
 -2.513D-04  7.665D-01
 -2.903D-04  7.636D-01
 -3.306D-04  7.598D-01
 -3.719D-04  7.562D-01
 -4.159D-04  7.505D-01
 -4.603D-04  7.467D-01
 -5.105D-04  7.380D-01
 -5.584D-04  7.349D-01
 -6.191D-04  7.208D-01
 -6.692D-04  7.205D-01
 -7.485D-04  6.975D-01
 -7.960D-04  7.035D-01
 -9.100D-04  6.656D-01
 -9.427D-04  6.841D-01
 -1.124D-03  6.220D-01
 -1.114D-03  6.626D-01
 -1.432D-03  5.628D-01
 -1.313D-03  6.397D-01
 -1.926D-03  4.836D-01
 -1.544D-03  6.164D-01
 -2.860D-03  3.798D-01
 -1.808D-03  5.944D-01
 -5.321D-03  2.455D-01
 -2.092D-03  5.775D-01
 -8.416D-05  7.746D-01
 -1.269D-04  7.734D-01
 -1.649D-04  7.718D-01
 -2.016D-04  7.700D-01
 -2.379D-04  7.678D-01
 -2.747D-04  7.651D-01
 -3.122D-04  7.623D-01
 -3.512D-04  7.583D-01
 -3.910D-04  7.550D-01
 -4.340D-04  7.490D-01
 -4.769D-04  7.457D-01
 -5.265D-04  7.363D-01
 -5.723D-04  7.341D-01
 -6.327D-04  7.188D-01
 -6.798D-04  7.201D-01
 -7.595D-04  6.950D-01
 -8.024D-04  7.036D-01
 -9.179D-04  6.624D-01
 -9.435D-04  6.848D-01
 -1.128D-03  6.178D-01
 -1.107D-03  6.640D-01
 -1.429D-03  5.573D-01
 -1.296D-03  6.418D-01
 -1.910D-03  4.761D-01
 -1.515D-03  6.193D-01
 -2.814D-03  3.693D-01
 -1.762D-03  5.981D-01
 -5.184D-03  2.298D-01
 -2.027D-03  5.819D-01
 -8.007D-05  7.745D-01
 -1.206D-04  7.735D-01
 -1.567D-04  7.722D-01
 -1.914D-04  7.707D-01
 -2.258D-04  7.688D-01
 -2.603D-04  7.667D-01
 -2.957D-04  7.639D-01
 -3.318D-04  7.613D-01
 -3.698D-04  7.571D-01
 -4.083D-04  7.541D-01
 -4.505D-04  7.477D-01
 -4.919D-04  7.450D-01
 -5.408D-04  7.348D-01
 -5.846D-04  7.337D-01
 -6.449D-04  7.171D-01
 -6.888D-04  7.201D-01
 -7.691D-04  6.928D-01
 -8.074D-04  7.042D-01
 -9.243D-04  6.596D-01
 -9.432D-04  6.860D-01
 -1.130D-03  6.141D-01
 -1.100D-03  6.659D-01
 -1.424D-03  5.523D-01
 -1.280D-03  6.445D-01
 -1.892D-03  4.693D-01
 -1.486D-03  6.227D-01
 -2.767D-03  3.596D-01
 -1.718D-03  6.023D-01
 -5.048D-03  2.150D-01
 -1.965D-03  5.867D-01
 -7.628D-05  7.744D-01
 -1.149D-04  7.736D-01
 -1.492D-04  7.725D-01
 -1.821D-04  7.712D-01
 -2.146D-04  7.697D-01
 -2.473D-04  7.678D-01
 -2.804D-04  7.658D-01
 -3.147D-04  7.629D-01
 -3.496D-04  7.604D-01
 -3.866D-04  7.560D-01
 -4.240D-04  7.535D-01
 -4.654D-04  7.466D-01
 -5.053D-04  7.446D-01
 -5.538D-04  7.335D-01
 -5.954D-04  7.337D-01
 -6.557D-04  7.156D-01
 -6.966D-04  7.205D-01
 -7.775D-04  6.909D-01
 -8.112D-04  7.050D-01
 -9.295D-04  6.570D-01
 -9.419D-04  6.875D-01
 -1.131D-03  6.107D-01
 -1.092D-03  6.681D-01
 -1.417D-03  5.477D-01
 -1.263D-03  6.475D-01
 -1.872D-03  4.631D-01
 -1.458D-03  6.265D-01
 -2.719D-03  3.507D-01
 -1.676D-03  6.068D-01
 -4.912D-03  2.011D-01
 -1.907D-03  5.920D-01
 -7.277D-05  7.742D-01
 -1.095D-04  7.735D-01
 -1.422D-04  7.727D-01
 -1.734D-04  7.716D-01
 -2.043D-04  7.703D-01
 -2.352D-04  7.688D-01
 -2.666D-04  7.669D-01
 -2.986D-04  7.650D-01
 -3.319D-04  7.620D-01
 -3.658D-04  7.598D-01
 -4.020D-04  7.551D-01
 -4.381D-04  7.530D-01
 -4.790D-04  7.456D-01
 -5.173D-04  7.444D-01
 -5.655D-04  7.324D-01
 -6.050D-04  7.338D-01
 -6.654D-04  7.142D-01
 -7.032D-04  7.211D-01
 -7.847D-04  6.891D-01
 -8.140D-04  7.062D-01
 -9.336D-04  6.547D-01
 -9.398D-04  6.893D-01
 -1.130D-03  6.077D-01
 -1.083D-03  6.706D-01
 -1.410D-03  5.437D-01
 -1.246D-03  6.507D-01
 -1.851D-03  4.575D-01
 -1.431D-03  6.306D-01
 -2.669D-03  3.426D-01
 -1.636D-03  6.117D-01
 -4.778D-03  1.881D-01
 -1.852D-03  5.976D-01
 -6.952D-05  7.739D-01
 -1.046D-04  7.734D-01
 -1.357D-04  7.727D-01
 -1.655D-04  7.718D-01
 -1.948D-04  7.708D-01
 -2.241D-04  7.695D-01
 -2.538D-04  7.681D-01
 -2.842D-04  7.661D-01
 -3.152D-04  7.644D-01
 -3.476D-04  7.612D-01
 -3.805D-04  7.593D-01
 -4.160D-04  7.544D-01
 -4.510D-04  7.528D-01
 -4.913D-04  7.448D-01
 -5.281D-04  7.444D-01
 -5.760D-04  7.314D-01
 -6.135D-04  7.342D-01
 -6.739D-04  7.130D-01
 -7.087D-04  7.219D-01
 -7.908D-04  6.876D-01
 -8.159D-04  7.076D-01
 -9.366D-04  6.527D-01
 -9.370D-04  6.913D-01
 -1.129D-03  6.049D-01
 -1.074D-03  6.733D-01
 -1.401D-03  5.400D-01
 -1.230D-03  6.542D-01
 -1.830D-03  4.525D-01
 -1.405D-03  6.348D-01
 -2.620D-03  3.352D-01
 -1.598D-03  6.167D-01
 -4.646D-03  1.760D-01
 -1.801D-03  6.033D-01
 -6.649D-05  7.735D-01
 -1.000D-04  7.731D-01
 -1.297D-04  7.725D-01
 -1.581D-04  7.719D-01
 -1.860D-04  7.710D-01
 -2.138D-04  7.701D-01
 -2.421D-04  7.688D-01
 -2.707D-04  7.675D-01
 -3.002D-04  7.654D-01
 -3.303D-04  7.639D-01
 -3.620D-04  7.606D-01
 -3.939D-04  7.590D-01
 -4.288D-04  7.537D-01
 -4.626D-04  7.526D-01
 -5.025D-04  7.440D-01
 -5.378D-04  7.446D-01
 -5.855D-04  7.306D-01
 -6.209D-04  7.347D-01
 -6.815D-04  7.119D-01
 -7.133D-04  7.229D-01
 -7.960D-04  6.861D-01
 -8.169D-04  7.091D-01
 -9.387D-04  6.508D-01
 -9.336D-04  6.934D-01
 -1.126D-03  6.025D-01
 -1.065D-03  6.762D-01
 -1.392D-03  5.368D-01
 -1.213D-03  6.578D-01
 -1.807D-03  4.480D-01
 -1.379D-03  6.392D-01
 -2.570D-03  3.285D-01
 -1.562D-03  6.219D-01
 -4.516D-03  1.647D-01
 -1.752D-03  6.092D-01
 -6.367D-05  7.730D-01
 -9.575D-05  7.727D-01
 -1.241D-04  7.723D-01
 -1.512D-04  7.718D-01
 -1.778D-04  7.712D-01
 -2.044D-04  7.704D-01
 -2.311D-04  7.695D-01
 -2.584D-04  7.681D-01
 -2.862D-04  7.670D-01
 -3.149D-04  7.648D-01
 -3.442D-04  7.635D-01
 -3.752D-04  7.600D-01
 -4.062D-04  7.588D-01
 -4.406D-04  7.531D-01
 -4.733D-04  7.527D-01
 -5.128D-04  7.434D-01
 -5.466D-04  7.449D-01
 -5.941D-04  7.297D-01
 -6.274D-04  7.354D-01
 -6.882D-04  7.108D-01
 -7.171D-04  7.240D-01
 -8.004D-04  6.848D-01
 -8.173D-04  7.107D-01
 -9.399D-04  6.491D-01
 -9.297D-04  6.956D-01
 -1.123D-03  6.003D-01
 -1.056D-03  6.791D-01
 -1.381D-03  5.339D-01
 -1.197D-03  6.615D-01
 -1.784D-03  4.441D-01
 -1.355D-03  6.437D-01
 -2.519D-03  3.225D-01
 -1.527D-03  6.271D-01
 -4.388D-03  1.543D-01
 -1.707D-03  6.151D-01
 -6.103D-05  7.724D-01
 -9.176D-05  7.722D-01
 -1.189D-04  7.720D-01
 -1.448D-04  7.716D-01
 -1.702D-04  7.711D-01
 -1.955D-04  7.706D-01
 -2.210D-04  7.697D-01
 -2.469D-04  7.689D-01
 -2.734D-04  7.676D-01
 -3.003D-04  7.665D-01
 -3.285D-04  7.643D-01
 -3.569D-04  7.632D-01
 -3.874D-04  7.595D-01
 -4.174D-04  7.587D-01
 -4.514D-04  7.525D-01
 -4.829D-04  7.528D-01
 -5.221D-04  7.427D-01
 -5.544D-04  7.453D-01
 -6.018D-04  7.289D-01
 -6.331D-04  7.361D-01
 -6.940D-04  7.098D-01
 -7.202D-04  7.251D-01
 -8.039D-04  6.835D-01
 -8.171D-04  7.124D-01
 -9.404D-04  6.475D-01
 -9.254D-04  6.979D-01
 -1.119D-03  5.983D-01
 -1.046D-03  6.820D-01
 -1.370D-03  5.313D-01
 -1.182D-03  6.652D-01
 -1.760D-03  4.405D-01
 -1.331D-03  6.481D-01
 -2.470D-03  3.171D-01
 -1.494D-03  6.323D-01
 -4.264D-03  1.447D-01
 -1.664D-03  6.208D-01
 -5.857D-05  7.718D-01
 -8.803D-05  7.717D-01
 -1.141D-04  7.715D-01
 -1.388D-04  7.713D-01
 -1.631D-04  7.709D-01
 -1.873D-04  7.705D-01
 -2.116D-04  7.700D-01
 -2.363D-04  7.692D-01
 -2.614D-04  7.684D-01
 -2.872D-04  7.670D-01
 -3.134D-04  7.662D-01
 -3.409D-04  7.638D-01
 -3.686D-04  7.630D-01
 -3.985D-04  7.590D-01
 -4.277D-04  7.586D-01
 -4.612D-04  7.520D-01
 -4.917D-04  7.529D-01
 -5.306D-04  7.420D-01
 -5.614D-04  7.457D-01
 -6.088D-04  7.281D-01
 -6.380D-04  7.368D-01
 -6.991D-04  7.089D-01
 -7.226D-04  7.263D-01
 -8.067D-04  6.823D-01
 -8.164D-04  7.140D-01
 -9.402D-04  6.460D-01
 -9.207D-04  7.001D-01
 -1.114D-03  5.964D-01
 -1.037D-03  6.849D-01
 -1.359D-03  5.290D-01
 -1.166D-03  6.687D-01
 -1.736D-03  4.374D-01
 -1.309D-03  6.524D-01
 -2.420D-03  3.123D-01
 -1.463D-03  6.373D-01
 -4.141D-03  1.358D-01
 -1.623D-03  6.265D-01
 -5.625D-05  7.711D-01
 -8.453D-05  7.710D-01
 -1.095D-04  7.709D-01
 -1.332D-04  7.708D-01
 -1.565D-04  7.706D-01
 -1.796D-04  7.703D-01
 -2.029D-04  7.699D-01
 -2.264D-04  7.694D-01
 -2.503D-04  7.686D-01
 -2.747D-04  7.680D-01
 -2.999D-04  7.665D-01
 -3.255D-04  7.658D-01
 -3.524D-04  7.633D-01
 -3.794D-04  7.627D-01
 -4.089D-04  7.584D-01
 -4.372D-04  7.585D-01
 -4.703D-04  7.514D-01
 -4.996D-04  7.530D-01
 -5.383D-04  7.414D-01
 -5.677D-04  7.461D-01
 -6.150D-04  7.273D-01
 -6.422D-04  7.376D-01
 -7.036D-04  7.079D-01
 -7.244D-04  7.274D-01
 -8.089D-04  6.811D-01
 -8.151D-04  7.156D-01
 -9.393D-04  6.445D-01
 -9.158D-04  7.023D-01
 -1.109D-03  5.947D-01
 -1.027D-03  6.877D-01
 -1.346D-03  5.269D-01
 -1.151D-03  6.722D-01
 -1.712D-03  4.347D-01
 -1.287D-03  6.566D-01
 -2.371D-03  3.081D-01
 -1.434D-03  6.421D-01
 -4.022D-03  1.278D-01
 -1.585D-03  6.319D-01
 -5.408D-05  7.703D-01
 -8.125D-05  7.703D-01
 -1.052D-04  7.703D-01
 -1.280D-04  7.702D-01
 -1.503D-04  7.701D-01
 -1.724D-04  7.699D-01
 -1.947D-04  7.697D-01
 -2.172D-04  7.693D-01
 -2.400D-04  7.689D-01
 -2.633D-04  7.681D-01
 -2.870D-04  7.676D-01
 -3.117D-04  7.660D-01
 -3.366D-04  7.655D-01
 -3.631D-04  7.627D-01
 -3.893D-04  7.625D-01
 -4.184D-04  7.579D-01
 -4.458D-04  7.585D-01
 -4.787D-04  7.507D-01
 -5.069D-04  7.532D-01
 -5.454D-04  7.406D-01
 -5.733D-04  7.464D-01
 -6.206D-04  7.264D-01
 -6.459D-04  7.382D-01
 -7.074D-04  7.068D-01
 -7.256D-04  7.284D-01
 -8.105D-04  6.799D-01
 -8.135D-04  7.171D-01
 -9.379D-04  6.431D-01
 -9.106D-04  7.043D-01
 -1.103D-03  5.931D-01
 -1.018D-03  6.903D-01
 -1.334D-03  5.250D-01
 -1.136D-03  6.755D-01
 -1.687D-03  4.323D-01
 -1.266D-03  6.605D-01
 -2.322D-03  3.043D-01
 -1.405D-03  6.468D-01
 -3.907D-03  1.204D-01
 -1.549D-03  6.370D-01
 -5.204D-05  7.694D-01
 -7.817D-05  7.695D-01
 -1.012D-04  7.695D-01
 -1.231D-04  7.695D-01
 -1.445D-04  7.695D-01
 -1.657D-04  7.695D-01
 -1.870D-04  7.693D-01
 -2.085D-04  7.691D-01
 -2.304D-04  7.687D-01
 -2.525D-04  7.684D-01
 -2.753D-04  7.675D-01
 -2.985D-04  7.671D-01
 -3.226D-04  7.654D-01
 -3.469D-04  7.652D-01
 -3.730D-04  7.622D-01
 -3.985D-04  7.623D-01
 -4.272D-04  7.572D-01
 -4.538D-04  7.583D-01
 -4.864D-04  7.500D-01
 -5.135D-04  7.532D-01
 -5.518D-04  7.398D-01
 -5.783D-04  7.467D-01
 -6.256D-04  7.254D-01
 -6.490D-04  7.388D-01
 -7.106D-04  7.057D-01
 -7.264D-04  7.294D-01
 -8.115D-04  6.786D-01
 -8.116D-04  7.184D-01
 -9.360D-04  6.417D-01
 -9.053D-04  7.062D-01
 -1.097D-03  5.915D-01
 -1.008D-03  6.927D-01
 -1.321D-03  5.233D-01
 -1.122D-03  6.785D-01
 -1.663D-03  4.302D-01
 -1.246D-03  6.642D-01
 -2.274D-03  3.011D-01
 -1.378D-03  6.511D-01
 -3.794D-03  1.137D-01
 -1.515D-03  6.418D-01
 -5.012D-05  7.685D-01
 -7.527D-05  7.686D-01
 -9.745D-05  7.687D-01
 -1.185D-04  7.687D-01
 -1.390D-04  7.688D-01
 -1.594D-04  7.688D-01
 -1.798D-04  7.688D-01
 -2.004D-04  7.686D-01
 -2.213D-04  7.685D-01
 -2.426D-04  7.681D-01
 -2.642D-04  7.679D-01
 -2.865D-04  7.669D-01
 -3.091D-04  7.667D-01
 -3.328D-04  7.648D-01
 -3.565D-04  7.648D-01
 -3.822D-04  7.615D-01
 -4.070D-04  7.620D-01
 -4.354D-04  7.565D-01
 -4.611D-04  7.581D-01
 -4.934D-04  7.492D-01
 -5.194D-04  7.532D-01
 -5.576D-04  7.388D-01
 -5.827D-04  7.469D-01
 -6.300D-04  7.243D-01
 -6.516D-04  7.392D-01
 -7.133D-04  7.044D-01
 -7.268D-04  7.301D-01
 -8.121D-04  6.772D-01
 -8.093D-04  7.196D-01
 -9.336D-04  6.403D-01
 -8.998D-04  7.078D-01
 -1.091D-03  5.900D-01
 -9.991D-04  6.949D-01
 -1.308D-03  5.218D-01
 -1.108D-03  6.813D-01
 -1.638D-03  4.283D-01
 -1.226D-03  6.676D-01
 -2.227D-03  2.982D-01
 -1.353D-03  6.550D-01
 -3.684D-03  1.077D-01
 -1.482D-03  6.463D-01
 -4.830D-05  7.674D-01
 -7.253D-05  7.676D-01
 -9.389D-05  7.677D-01
 -1.141D-04  7.678D-01
 -1.339D-04  7.679D-01
 -1.535D-04  7.681D-01
 -1.731D-04  7.681D-01
 -1.928D-04  7.681D-01
 -2.129D-04  7.680D-01
 -2.331D-04  7.679D-01
 -2.539D-04  7.674D-01
 -2.750D-04  7.673D-01
 -2.969D-04  7.662D-01
 -3.189D-04  7.661D-01
 -3.423D-04  7.641D-01
 -3.654D-04  7.643D-01
 -3.907D-04  7.607D-01
 -4.148D-04  7.616D-01
 -4.429D-04  7.556D-01
 -4.678D-04  7.578D-01
 -4.999D-04  7.482D-01
 -5.249D-04  7.530D-01
 -5.629D-04  7.377D-01
 -5.866D-04  7.469D-01
 -6.339D-04  7.231D-01
 -6.537D-04  7.395D-01
 -7.155D-04  7.031D-01
 -7.268D-04  7.307D-01
 -8.121D-04  6.758D-01
 -8.068D-04  7.206D-01
 -9.308D-04  6.388D-01
 -8.942D-04  7.092D-01
 -1.084D-03  5.886D-01
 -9.899D-04  6.968D-01
 -1.294D-03  5.203D-01
 -1.094D-03  6.838D-01
 -1.614D-03  4.267D-01
 -1.207D-03  6.707D-01
 -2.180D-03  2.958D-01
 -1.328D-03  6.587D-01
 -3.578D-03  1.023D-01
 -1.452D-03  6.503D-01
 -4.659D-05  7.664D-01
 -6.995D-05  7.665D-01
 -9.053D-05  7.667D-01
 -1.100D-04  7.668D-01
 -1.290D-04  7.670D-01
 -1.479D-04  7.672D-01
 -1.667D-04  7.673D-01
 -1.857D-04  7.673D-01
 -2.049D-04  7.674D-01
 -2.244D-04  7.672D-01
 -2.442D-04  7.672D-01
 -2.645D-04  7.667D-01
 -2.851D-04  7.667D-01
 -3.066D-04  7.655D-01
 -3.281D-04  7.655D-01
 -3.511D-04  7.633D-01
 -3.736D-04  7.637D-01
 -3.986D-04  7.598D-01
 -4.221D-04  7.610D-01
 -4.499D-04  7.546D-01
 -4.739D-04  7.574D-01
 -5.058D-04  7.471D-01
 -5.297D-04  7.527D-01
 -5.677D-04  7.364D-01
 -5.900D-04  7.468D-01
 -6.373D-04  7.217D-01
 -6.554D-04  7.396D-01
 -7.173D-04  7.016D-01
 -7.265D-04  7.311D-01
 -8.118D-04  6.743D-01
 -8.040D-04  7.213D-01
 -9.275D-04  6.372D-01
 -8.885D-04  7.104D-01
 -1.076D-03  5.870D-01
 -9.807D-04  6.985D-01
 -1.281D-03  5.188D-01
 -1.081D-03  6.859D-01
 -1.590D-03  4.252D-01
 -1.189D-03  6.734D-01
 -2.135D-03  2.937D-01
 -1.304D-03  6.619D-01
 -3.475D-03  9.748D-02
 -1.422D-03  6.539D-01
 -4.497D-05  7.652D-01
 -6.751D-05  7.654D-01
 -8.736D-05  7.656D-01
 -1.061D-04  7.658D-01
 -1.245D-04  7.660D-01
 -1.426D-04  7.662D-01
 -1.607D-04  7.663D-01
 -1.790D-04  7.665D-01
 -1.974D-04  7.665D-01
 -2.161D-04  7.666D-01
 -2.351D-04  7.664D-01
 -2.545D-04  7.665D-01
 -2.744D-04  7.659D-01
 -2.945D-04  7.659D-01
 -3.156D-04  7.646D-01
 -3.367D-04  7.648D-01
 -3.593D-04  7.623D-01
 -3.813D-04  7.630D-01
 -4.060D-04  7.588D-01
 -4.288D-04  7.604D-01
 -4.563D-04  7.534D-01
 -4.796D-04  7.568D-01
 -5.113D-04  7.458D-01
 -5.342D-04  7.522D-01
 -5.720D-04  7.350D-01
 -5.930D-04  7.464D-01
 -6.402D-04  7.202D-01
 -6.567D-04  7.394D-01
 -7.186D-04  7.000D-01
 -7.259D-04  7.312D-01
 -8.110D-04  6.726D-01
 -8.010D-04  7.218D-01
 -9.240D-04  6.356D-01
 -8.828D-04  7.112D-01
 -1.069D-03  5.855D-01
 -9.716D-04  6.998D-01
 -1.267D-03  5.175D-01
 -1.068D-03  6.877D-01
 -1.566D-03  4.239D-01
 -1.172D-03  6.757D-01
 -2.090D-03  2.919D-01
 -1.282D-03  6.646D-01
 -3.375D-03  9.319D-02
 -1.395D-03  6.570D-01
 -4.344D-05  7.640D-01
 -6.520D-05  7.642D-01
 -8.435D-05  7.644D-01
 -1.025D-04  7.646D-01
 -1.201D-04  7.648D-01
 -1.376D-04  7.651D-01
 -1.551D-04  7.653D-01
 -1.726D-04  7.654D-01
 -1.904D-04  7.656D-01
 -2.083D-04  7.657D-01
 -2.265D-04  7.658D-01
 -2.452D-04  7.655D-01
 -2.641D-04  7.657D-01
 -2.836D-04  7.649D-01
 -3.033D-04  7.651D-01
 -3.241D-04  7.636D-01
 -3.447D-04  7.640D-01
 -3.670D-04  7.612D-01
 -3.884D-04  7.622D-01
 -4.128D-04  7.576D-01
 -4.350D-04  7.596D-01
 -4.623D-04  7.521D-01
 -4.847D-04  7.561D-01
 -5.162D-04  7.443D-01
 -5.381D-04  7.515D-01
 -5.758D-04  7.334D-01
 -5.956D-04  7.459D-01
 -6.428D-04  7.185D-01
 -6.577D-04  7.391D-01
 -7.195D-04  6.982D-01
 -7.249D-04  7.311D-01
 -8.099D-04  6.707D-01
 -7.978D-04  7.220D-01
 -9.201D-04  6.338D-01
 -8.769D-04  7.118D-01
 -1.061D-03  5.839D-01
 -9.627D-04  7.008D-01
 -1.253D-03  5.161D-01
 -1.055D-03  6.892D-01
 -1.542D-03  4.227D-01
 -1.155D-03  6.776D-01
 -2.047D-03  2.904D-01
 -1.260D-03  6.670D-01
 -3.279D-03  8.940D-02
 -1.368D-03  6.597D-01
 -4.198D-05  7.627D-01
 -6.301D-05  7.629D-01
 -8.151D-05  7.631D-01
 -9.901D-05  7.634D-01
 -1.161D-04  7.636D-01
 -1.329D-04  7.639D-01
 -1.498D-04  7.641D-01
 -1.667D-04  7.644D-01
 -1.837D-04  7.645D-01
 -2.010D-04  7.647D-01
 -2.185D-04  7.647D-01
 -2.363D-04  7.649D-01
 -2.546D-04  7.645D-01
 -2.731D-04  7.647D-01
 -2.923D-04  7.639D-01
 -3.116D-04  7.641D-01
 -3.320D-04  7.624D-01
 -3.521D-04  7.630D-01
 -3.741D-04  7.600D-01
 -3.950D-04  7.612D-01
 -4.192D-04  7.562D-01
 -4.407D-04  7.586D-01
 -4.678D-04  7.506D-01
 -4.894D-04  7.551D-01
 -5.208D-04  7.426D-01
 -5.417D-04  7.506D-01
 -5.793D-04  7.316D-01
 -5.978D-04  7.451D-01
 -6.449D-04  7.165D-01
 -6.584D-04  7.385D-01
 -7.201D-04  6.962D-01
 -7.238D-04  7.307D-01
 -8.084D-04  6.688D-01
 -7.945D-04  7.219D-01
 -9.160D-04  6.319D-01
 -8.711D-04  7.120D-01
 -1.053D-03  5.822D-01
 -9.538D-04  7.014D-01
 -1.240D-03  5.147D-01
 -1.043D-03  6.902D-01
 -1.518D-03  4.215D-01
 -1.139D-03  6.790D-01
 -2.004D-03  2.890D-01
 -1.240D-03  6.688D-01
 -3.186D-03  8.607D-02
 -1.343D-03  6.619D-01
 -4.060D-05  7.614D-01
 -6.093D-05  7.616D-01
 -7.881D-05  7.618D-01
 -9.572D-05  7.620D-01
 -1.122D-04  7.623D-01
 -1.285D-04  7.626D-01
 -1.447D-04  7.628D-01
 -1.610D-04  7.631D-01
 -1.774D-04  7.633D-01
 -1.940D-04  7.635D-01
 -2.109D-04  7.637D-01
 -2.281D-04  7.636D-01
 -2.455D-04  7.638D-01
 -2.634D-04  7.634D-01
 -2.815D-04  7.636D-01
 -3.004D-04  7.626D-01
 -3.193D-04  7.630D-01
 -3.394D-04  7.611D-01
 -3.591D-04  7.618D-01
 -3.808D-04  7.585D-01
 -4.012D-04  7.600D-01
 -4.251D-04  7.546D-01
 -4.460D-04  7.574D-01
 -4.728D-04  7.488D-01
 -4.937D-04  7.539D-01
 -5.249D-04  7.407D-01
 -5.448D-04  7.495D-01
 -5.823D-04  7.296D-01
 -5.997D-04  7.441D-01
 -6.467D-04  7.144D-01
 -6.587D-04  7.376D-01
 -7.203D-04  6.940D-01
 -7.224D-04  7.300D-01
 -8.066D-04  6.666D-01
 -7.910D-04  7.214D-01
 -9.115D-04  6.299D-01
 -8.652D-04  7.119D-01
 -1.045D-03  5.804D-01
 -9.451D-04  7.016D-01
 -1.226D-03  5.133D-01
 -1.031D-03  6.908D-01
 -1.495D-03  4.205D-01
 -1.123D-03  6.801D-01
 -1.962D-03  2.879D-01
 -1.220D-03  6.703D-01
 -3.095D-03  8.316D-02
 -1.319D-03  6.635D-01
 -3.929D-05  7.600D-01
 -5.896D-05  7.602D-01
 -7.625D-05  7.604D-01
 -9.260D-05  7.606D-01
 -1.085D-04  7.609D-01
 -1.242D-04  7.612D-01
 -1.399D-04  7.615D-01
 -1.556D-04  7.617D-01
 -1.715D-04  7.620D-01
 -1.875D-04  7.622D-01
 -2.037D-04  7.623D-01
 -2.202D-04  7.626D-01
 -2.370D-04  7.624D-01
 -2.541D-04  7.627D-01
 -2.717D-04  7.621D-01
 -2.894D-04  7.624D-01
 -3.080D-04  7.613D-01
 -3.265D-04  7.617D-01
 -3.463D-04  7.596D-01
 -3.656D-04  7.605D-01
 -3.870D-04  7.569D-01
 -4.069D-04  7.586D-01
 -4.306D-04  7.528D-01
 -4.508D-04  7.560D-01
 -4.775D-04  7.469D-01
 -4.976D-04  7.525D-01
 -5.286D-04  7.386D-01
 -5.476D-04  7.482D-01
 -5.850D-04  7.273D-01
 -6.012D-04  7.428D-01
 -6.481D-04  7.121D-01
 -6.588D-04  7.364D-01
 -7.202D-04  6.916D-01
 -7.207D-04  7.291D-01
 -8.046D-04  6.643D-01
 -7.874D-04  7.207D-01
 -9.069D-04  6.277D-01
 -8.592D-04  7.114D-01
 -1.037D-03  5.785D-01
 -9.365D-04  7.015D-01
 -1.212D-03  5.118D-01
 -1.019D-03  6.910D-01
 -1.472D-03  4.194D-01
 -1.108D-03  6.806D-01
 -1.922D-03  2.870D-01
 -1.201D-03  6.712D-01
 -3.008D-03  8.064D-02
 -1.296D-03  6.646D-01
 -3.804D-05  7.585D-01
 -5.708D-05  7.587D-01
 -7.382D-05  7.589D-01
 -8.963D-05  7.592D-01
 -1.050D-04  7.594D-01
 -1.202D-04  7.597D-01
 -1.353D-04  7.600D-01
 -1.505D-04  7.603D-01
 -1.658D-04  7.606D-01
 -1.813D-04  7.608D-01
 -1.969D-04  7.610D-01
 -2.128D-04  7.611D-01
 -2.289D-04  7.613D-01
 -2.454D-04  7.611D-01
 -2.621D-04  7.614D-01
 -2.795D-04  7.607D-01
 -2.969D-04  7.611D-01
 -3.152D-04  7.597D-01
 -3.333D-04  7.603D-01
 -3.528D-04  7.579D-01
 -3.716D-04  7.590D-01
 -3.928D-04  7.550D-01
 -4.122D-04  7.571D-01
 -4.356D-04  7.508D-01
 -4.553D-04  7.544D-01
 -4.818D-04  7.447D-01
 -5.011D-04  7.509D-01
 -5.320D-04  7.363D-01
 -5.501D-04  7.466D-01
 -5.874D-04  7.249D-01
 -6.025D-04  7.413D-01
 -6.492D-04  7.095D-01
 -6.586D-04  7.350D-01
 -7.198D-04  6.890D-01
 -7.189D-04  7.278D-01
 -8.023D-04  6.617D-01
 -7.837D-04  7.196D-01
 -9.020D-04  6.253D-01
 -8.533D-04  7.106D-01
 -1.028D-03  5.765D-01
 -9.280D-04  7.009D-01
 -1.198D-03  5.102D-01
 -1.008D-03  6.908D-01
 -1.449D-03  4.183D-01
 -1.093D-03  6.808D-01
 -1.882D-03  2.861D-01
 -1.182D-03  6.716D-01
 -2.924D-03  7.847D-02
 -1.273D-03  6.653D-01
 -3.686D-05  7.570D-01
 -5.530D-05  7.572D-01
 -7.150D-05  7.574D-01
 -8.681D-05  7.576D-01
 -1.017D-04  7.579D-01
 -1.164D-04  7.582D-01
 -1.310D-04  7.585D-01
 -1.457D-04  7.588D-01
 -1.605D-04  7.590D-01
 -1.753D-04  7.593D-01
 -1.904D-04  7.594D-01
 -2.057D-04  7.597D-01
 -2.213D-04  7.597D-01
 -2.371D-04  7.599D-01
 -2.533D-04  7.596D-01
 -2.697D-04  7.599D-01
 -2.868D-04  7.591D-01
 -3.038D-04  7.595D-01
 -3.219D-04  7.580D-01
 -3.396D-04  7.587D-01
 -3.589D-04  7.560D-01
 -3.773D-04  7.573D-01
 -3.983D-04  7.530D-01
 -4.171D-04  7.553D-01
 -4.404D-04  7.485D-01
 -4.594D-04  7.526D-01
 -4.857D-04  7.423D-01
 -5.043D-04  7.491D-01
 -5.351D-04  7.337D-01
 -5.522D-04  7.447D-01
 -5.894D-04  7.222D-01
 -6.034D-04  7.395D-01
 -6.500D-04  7.067D-01
 -6.582D-04  7.333D-01
 -7.191D-04  6.862D-01
 -7.169D-04  7.262D-01
 -7.997D-04  6.590D-01
 -7.799D-04  7.182D-01
 -8.969D-04  6.228D-01
 -8.473D-04  7.094D-01
 -1.019D-03  5.743D-01
 -9.196D-04  7.000D-01
 -1.184D-03  5.085D-01
 -9.968D-04  6.902D-01
 -1.427D-03  4.172D-01
 -1.079D-03  6.805D-01
 -1.843D-03  2.854D-01
 -1.165D-03  6.716D-01
 -2.843D-03  7.661D-02
 -1.252D-03  6.654D-01
 -3.572D-05  7.554D-01
 -5.360D-05  7.556D-01
 -6.929D-05  7.558D-01
 -8.412D-05  7.560D-01
 -9.853D-05  7.563D-01
 -1.128D-04  7.566D-01
 -1.269D-04  7.568D-01
 -1.411D-04  7.571D-01
 -1.554D-04  7.574D-01
 -1.698D-04  7.576D-01
 -1.843D-04  7.579D-01
 -1.991D-04  7.580D-01
 -2.141D-04  7.582D-01
 -2.294D-04  7.581D-01
 -2.448D-04  7.584D-01
 -2.608D-04  7.580D-01
 -2.769D-04  7.583D-01
 -2.937D-04  7.573D-01
 -3.104D-04  7.578D-01
 -3.282D-04  7.560D-01
 -3.455D-04  7.568D-01
 -3.646D-04  7.539D-01
 -3.826D-04  7.554D-01
 -4.033D-04  7.507D-01
 -4.217D-04  7.533D-01
 -4.447D-04  7.461D-01
 -4.631D-04  7.505D-01
 -4.893D-04  7.397D-01
 -5.072D-04  7.469D-01
 -5.378D-04  7.309D-01
 -5.541D-04  7.426D-01
 -5.911D-04  7.192D-01
 -6.041D-04  7.374D-01
 -6.505D-04  7.037D-01
 -6.576D-04  7.313D-01
 -7.181D-04  6.832D-01
 -7.147D-04  7.243D-01
 -7.968D-04  6.561D-01
 -7.759D-04  7.165D-01
 -8.916D-04  6.201D-01
 -8.414D-04  7.079D-01
 -1.011D-03  5.720D-01
 -9.113D-04  6.987D-01
 -1.170D-03  5.067D-01
 -9.859D-04  6.892D-01
 -1.404D-03  4.161D-01
 -1.065D-03  6.797D-01
 -1.806D-03  2.847D-01
 -1.148D-03  6.711D-01
 -2.764D-03  7.503D-02
 -1.232D-03  6.650D-01
 -3.465D-05  7.538D-01
 -5.197D-05  7.539D-01
 -6.719D-05  7.541D-01
 -8.156D-05  7.544D-01
 -9.552D-05  7.546D-01
 -1.093D-04  7.549D-01
 -1.230D-04  7.551D-01
 -1.367D-04  7.554D-01
 -1.505D-04  7.556D-01
 -1.644D-04  7.559D-01
 -1.785D-04  7.561D-01
 -1.927D-04  7.563D-01
 -2.072D-04  7.564D-01
 -2.219D-04  7.566D-01
 -2.369D-04  7.564D-01
 -2.521D-04  7.567D-01
 -2.678D-04  7.561D-01
 -2.836D-04  7.565D-01
 -3.001D-04  7.553D-01
 -3.165D-04  7.559D-01
 -3.341D-04  7.539D-01
 -3.511D-04  7.548D-01
 -3.699D-04  7.516D-01
 -3.875D-04  7.532D-01
 -4.080D-04  7.482D-01
 -4.259D-04  7.510D-01
 -4.487D-04  7.434D-01
 -4.666D-04  7.482D-01
 -4.926D-04  7.368D-01
 -5.097D-04  7.446D-01
 -5.402D-04  7.279D-01
 -5.557D-04  7.402D-01
 -5.925D-04  7.161D-01
 -6.046D-04  7.350D-01
 -6.507D-04  7.005D-01
 -6.567D-04  7.289D-01
 -7.169D-04  6.799D-01
 -7.124D-04  7.221D-01
 -7.938D-04  6.529D-01
 -7.719D-04  7.144D-01
 -8.862D-04  6.172D-01
 -8.354D-04  7.060D-01
 -1.002D-03  5.695D-01
 -9.032D-04  6.970D-01
 -1.157D-03  5.048D-01
 -9.752D-04  6.877D-01
 -1.383D-03  4.149D-01
 -1.051D-03  6.785D-01
 -1.769D-03  2.841D-01
 -1.131D-03  6.701D-01
 -2.689D-03  7.370D-02
 -1.212D-03  6.641D-01
 -3.362D-05  7.521D-01
 -5.043D-05  7.523D-01
 -6.518D-05  7.524D-01
 -7.911D-05  7.526D-01
 -9.264D-05  7.529D-01
 -1.060D-04  7.531D-01
 -1.193D-04  7.534D-01
 -1.325D-04  7.536D-01
 -1.459D-04  7.539D-01
 -1.594D-04  7.541D-01
 -1.729D-04  7.543D-01
 -1.867D-04  7.544D-01
 -2.007D-04  7.547D-01
 -2.149D-04  7.546D-01
 -2.293D-04  7.548D-01
 -2.441D-04  7.546D-01
 -2.590D-04  7.548D-01
 -2.745D-04  7.541D-01
 -2.899D-04  7.545D-01
 -3.062D-04  7.532D-01
 -3.223D-04  7.537D-01
 -3.396D-04  7.515D-01
 -3.563D-04  7.525D-01
 -3.749D-04  7.490D-01
 -3.920D-04  7.508D-01
 -4.124D-04  7.454D-01
 -4.298D-04  7.486D-01
 -4.524D-04  7.404D-01
 -4.697D-04  7.456D-01
 -4.955D-04  7.336D-01
 -5.120D-04  7.419D-01
 -5.423D-04  7.246D-01
 -5.570D-04  7.375D-01
 -5.936D-04  7.127D-01
 -6.048D-04  7.323D-01
 -6.507D-04  6.970D-01
 -6.557D-04  7.263D-01
 -7.154D-04  6.765D-01
 -7.099D-04  7.195D-01
 -7.906D-04  6.496D-01
 -7.678D-04  7.120D-01
 -8.806D-04  6.141D-01
 -8.294D-04  7.037D-01
 -9.932D-04  5.668D-01
 -8.950D-04  6.949D-01
 -1.143D-03  5.027D-01
 -9.647D-04  6.859D-01
 -1.361D-03  4.136D-01
 -1.038D-03  6.768D-01
 -1.733D-03  2.834D-01
 -1.115D-03  6.686D-01
 -2.616D-03  7.257D-02
 -1.193D-03  6.627D-01
 -3.263D-05  7.503D-01
 -4.895D-05  7.505D-01
 -6.327D-05  7.507D-01
 -7.678D-05  7.509D-01
 -8.990D-05  7.511D-01
 -1.028D-04  7.513D-01
 -1.157D-04  7.515D-01
 -1.286D-04  7.517D-01
 -1.415D-04  7.520D-01
 -1.545D-04  7.522D-01
 -1.677D-04  7.524D-01
 -1.810D-04  7.526D-01
 -1.945D-04  7.526D-01
 -2.082D-04  7.528D-01
 -2.221D-04  7.527D-01
 -2.363D-04  7.529D-01
 -2.508D-04  7.525D-01
 -2.655D-04  7.527D-01
 -2.807D-04  7.519D-01
 -2.959D-04  7.522D-01
 -3.120D-04  7.508D-01
 -3.277D-04  7.514D-01
 -3.448D-04  7.489D-01
 -3.611D-04  7.501D-01
 -3.796D-04  7.462D-01
 -3.963D-04  7.482D-01
 -4.164D-04  7.424D-01
 -4.333D-04  7.458D-01
 -4.558D-04  7.372D-01
 -4.725D-04  7.428D-01
 -4.982D-04  7.303D-01
 -5.140D-04  7.390D-01
 -5.441D-04  7.211D-01
 -5.580D-04  7.346D-01
 -5.944D-04  7.090D-01
 -6.047D-04  7.294D-01
 -6.504D-04  6.933D-01
 -6.544D-04  7.234D-01
 -7.137D-04  6.728D-01
 -7.073D-04  7.166D-01
 -7.871D-04  6.460D-01
 -7.636D-04  7.092D-01
 -8.748D-04  6.108D-01
 -8.234D-04  7.011D-01
 -9.843D-04  5.639D-01
 -8.870D-04  6.925D-01
 -1.129D-03  5.005D-01
 -9.544D-04  6.836D-01
 -1.340D-03  4.121D-01
 -1.025D-03  6.748D-01
 -1.698D-03  2.828D-01
 -1.099D-03  6.667D-01
 -2.545D-03  7.162D-02
 -1.175D-03  6.609D-01
 -3.169D-05  7.486D-01
 -4.753D-05  7.487D-01
 -6.144D-05  7.488D-01
 -7.455D-05  7.490D-01
 -8.728D-05  7.492D-01
 -9.983D-05  7.494D-01
 -1.123D-04  7.496D-01
 -1.248D-04  7.498D-01
 -1.373D-04  7.500D-01
 -1.499D-04  7.502D-01
 -1.626D-04  7.504D-01
 -1.755D-04  7.505D-01
 -1.886D-04  7.507D-01
 -2.018D-04  7.507D-01
 -2.153D-04  7.508D-01
 -2.290D-04  7.506D-01
 -2.429D-04  7.508D-01
 -2.572D-04  7.502D-01
 -2.716D-04  7.505D-01
 -2.866D-04  7.495D-01
 -3.015D-04  7.498D-01
 -3.174D-04  7.481D-01
 -3.328D-04  7.488D-01
 -3.497D-04  7.461D-01
 -3.657D-04  7.474D-01
 -3.839D-04  7.432D-01
 -4.002D-04  7.454D-01
 -4.202D-04  7.392D-01
 -4.366D-04  7.429D-01
 -4.589D-04  7.338D-01
 -4.751D-04  7.397D-01
 -5.005D-04  7.267D-01
 -5.157D-04  7.359D-01
 -5.456D-04  7.173D-01
 -5.588D-04  7.314D-01
 -5.950D-04  7.051D-01
 -6.045D-04  7.261D-01
 -6.499D-04  6.893D-01
 -6.530D-04  7.201D-01
 -7.118D-04  6.688D-01
 -7.045D-04  7.135D-01
 -7.835D-04  6.422D-01
 -7.593D-04  7.061D-01
 -8.690D-04  6.072D-01
 -8.174D-04  6.981D-01
 -9.753D-04  5.608D-01
 -8.791D-04  6.896D-01
 -1.116D-03  4.981D-01
 -9.443D-04  6.809D-01
 -1.320D-03  4.106D-01
 -1.013D-03  6.722D-01
 -1.664D-03  2.821D-01
 -1.084D-03  6.643D-01
 -2.477D-03  7.082D-02
 -1.157D-03  6.586D-01
 -3.079D-05  7.467D-01
 -4.618D-05  7.468D-01
 -5.968D-05  7.470D-01
 -7.242D-05  7.471D-01
 -8.478D-05  7.473D-01
 -9.695D-05  7.475D-01
 -1.091D-04  7.476D-01
 -1.212D-04  7.478D-01
 -1.333D-04  7.480D-01
 -1.455D-04  7.482D-01
 -1.578D-04  7.483D-01
 -1.703D-04  7.484D-01
 -1.829D-04  7.485D-01
 -1.957D-04  7.486D-01
 -2.088D-04  7.485D-01
 -2.220D-04  7.486D-01
 -2.355D-04  7.483D-01
 -2.491D-04  7.485D-01
 -2.632D-04  7.478D-01
 -2.774D-04  7.480D-01
 -2.921D-04  7.468D-01
 -3.068D-04  7.472D-01
 -3.225D-04  7.453D-01
 -3.376D-04  7.460D-01
 -3.543D-04  7.431D-01
 -3.699D-04  7.444D-01
 -3.880D-04  7.400D-01
 -4.039D-04  7.423D-01
 -4.237D-04  7.357D-01
 -4.396D-04  7.396D-01
 -4.617D-04  7.301D-01
 -4.773D-04  7.364D-01
 -5.026D-04  7.228D-01
 -5.172D-04  7.324D-01
 -5.469D-04  7.133D-01
 -5.594D-04  7.279D-01
 -5.954D-04  7.010D-01
 -6.040D-04  7.226D-01
 -6.491D-04  6.851D-01
 -6.514D-04  7.166D-01
 -7.097D-04  6.647D-01
 -7.016D-04  7.099D-01
 -7.797D-04  6.382D-01
 -7.549D-04  7.026D-01
 -8.630D-04  6.035D-01
 -8.114D-04  6.947D-01
 -9.664D-04  5.576D-01
 -8.712D-04  6.864D-01
 -1.103D-03  4.955D-01
 -9.344D-04  6.778D-01
 -1.300D-03  4.089D-01
 -1.001D-03  6.693D-01
 -1.631D-03  2.813D-01
 -1.070D-03  6.615D-01
 -2.411D-03  7.015D-02
 -1.140D-03  6.558D-01
 -2.993D-05  7.448D-01
 -4.488D-05  7.449D-01
 -5.800D-05  7.450D-01
 -7.037D-05  7.452D-01
 -8.238D-05  7.453D-01
 -9.420D-05  7.455D-01
 -1.059D-04  7.456D-01
 -1.177D-04  7.458D-01
 -1.295D-04  7.459D-01
 -1.413D-04  7.460D-01
 -1.533D-04  7.462D-01
 -1.653D-04  7.462D-01
 -1.775D-04  7.463D-01
 -1.900D-04  7.463D-01
 -2.025D-04  7.464D-01
 -2.153D-04  7.462D-01
 -2.283D-04  7.463D-01
 -2.416D-04  7.458D-01
 -2.550D-04  7.459D-01
 -2.689D-04  7.451D-01
 -2.828D-04  7.453D-01
 -2.974D-04  7.439D-01
 -3.118D-04  7.444D-01
 -3.272D-04  7.422D-01
 -3.421D-04  7.430D-01
 -3.586D-04  7.398D-01
 -3.739D-04  7.412D-01
 -3.917D-04  7.364D-01
 -4.072D-04  7.390D-01
 -4.268D-04  7.320D-01
 -4.423D-04  7.362D-01
 -4.643D-04  7.262D-01
 -4.794D-04  7.328D-01
 -5.045D-04  7.187D-01
 -5.184D-04  7.288D-01
 -5.480D-04  7.090D-01
 -5.597D-04  7.241D-01
 -5.955D-04  6.966D-01
 -6.034D-04  7.188D-01
 -6.481D-04  6.807D-01
 -6.496D-04  7.128D-01
 -7.074D-04  6.603D-01
 -6.986D-04  7.061D-01
 -7.757D-04  6.339D-01
 -7.505D-04  6.989D-01
 -8.569D-04  5.996D-01
 -8.054D-04  6.911D-01
 -9.573D-04  5.541D-01
 -8.634D-04  6.828D-01
 -1.089D-03  4.927D-01
 -9.246D-04  6.744D-01
 -1.280D-03  4.071D-01
 -9.888D-04  6.660D-01
 -1.599D-03  2.805D-01
 -1.055D-03  6.583D-01
 -2.348D-03  6.956D-02
 -1.123D-03  6.525D-01
 -2.910D-05  7.429D-01
 -4.364D-05  7.430D-01
 -5.640D-05  7.430D-01
 -6.842D-05  7.432D-01
 -8.008D-05  7.433D-01
 -9.157D-05  7.434D-01
 -1.030D-04  7.435D-01
 -1.144D-04  7.436D-01
 -1.258D-04  7.437D-01
 -1.373D-04  7.439D-01
 -1.489D-04  7.439D-01
 -1.606D-04  7.440D-01
 -1.724D-04  7.440D-01
 -1.844D-04  7.441D-01
 -1.966D-04  7.440D-01
 -2.089D-04  7.440D-01
 -2.215D-04  7.437D-01
 -2.343D-04  7.437D-01
 -2.474D-04  7.431D-01
 -2.606D-04  7.432D-01
 -2.743D-04  7.422D-01
 -2.879D-04  7.424D-01
 -3.023D-04  7.409D-01
 -3.164D-04  7.413D-01
 -3.317D-04  7.389D-01
 -3.463D-04  7.398D-01
 -3.626D-04  7.363D-01
 -3.775D-04  7.378D-01
 -3.952D-04  7.327D-01
 -4.103D-04  7.354D-01
 -4.298D-04  7.281D-01
 -4.448D-04  7.324D-01
 -4.666D-04  7.220D-01
 -4.811D-04  7.289D-01
 -5.061D-04  7.143D-01
 -5.194D-04  7.248D-01
 -5.488D-04  7.045D-01
 -5.599D-04  7.200D-01
 -5.954D-04  6.920D-01
 -6.026D-04  7.147D-01
 -6.470D-04  6.761D-01
 -6.477D-04  7.086D-01
 -7.049D-04  6.557D-01
 -6.955D-04  7.020D-01
 -7.716D-04  6.295D-01
 -7.460D-04  6.948D-01
 -8.507D-04  5.954D-01
 -7.993D-04  6.870D-01
 -9.483D-04  5.505D-01
 -8.557D-04  6.789D-01
 -1.076D-03  4.898D-01
 -9.150D-04  6.705D-01
 -1.260D-03  4.051D-01
 -9.771D-04  6.622D-01
 -1.568D-03  2.795D-01
 -1.042D-03  6.546D-01
 -2.287D-03  6.904D-02
 -1.107D-03  6.489D-01
 -2.831D-05  7.409D-01
 -4.245D-05  7.409D-01
 -5.486D-05  7.410D-01
 -6.654D-05  7.411D-01
 -7.788D-05  7.412D-01
 -8.904D-05  7.413D-01
 -1.001D-04  7.414D-01
 -1.112D-04  7.415D-01
 -1.223D-04  7.415D-01
 -1.334D-04  7.416D-01
 -1.447D-04  7.417D-01
 -1.560D-04  7.417D-01
 -1.675D-04  7.417D-01
 -1.791D-04  7.416D-01
 -1.909D-04  7.416D-01
 -2.029D-04  7.414D-01
 -2.150D-04  7.414D-01
 -2.274D-04  7.410D-01
 -2.400D-04  7.410D-01
 -2.529D-04  7.402D-01
 -2.658D-04  7.403D-01
 -2.793D-04  7.391D-01
 -2.928D-04  7.393D-01
 -3.070D-04  7.376D-01
 -3.208D-04  7.380D-01
 -3.359D-04  7.354D-01
 -3.502D-04  7.363D-01
 -3.663D-04  7.325D-01
 -3.809D-04  7.342D-01
 -3.984D-04  7.287D-01
 -4.132D-04  7.316D-01
 -4.324D-04  7.239D-01
 -4.470D-04  7.285D-01
 -4.686D-04  7.176D-01
 -4.827D-04  7.248D-01
 -5.075D-04  7.098D-01
 -5.202D-04  7.206D-01
 -5.494D-04  6.998D-01
 -5.598D-04  7.157D-01
 -5.951D-04  6.872D-01
 -6.016D-04  7.103D-01
 -6.456D-04  6.712D-01
 -6.457D-04  7.042D-01
 -7.023D-04  6.509D-01
 -6.922D-04  6.976D-01
 -7.674D-04  6.248D-01
 -7.414D-04  6.904D-01
 -8.444D-04  5.910D-01
 -7.933D-04  6.827D-01
 -9.393D-04  5.466D-01
 -8.480D-04  6.746D-01
 -1.063D-03  4.866D-01
 -9.055D-04  6.663D-01
 -1.241D-03  4.029D-01
 -9.656D-04  6.581D-01
 -1.537D-03  2.785D-01
 -1.028D-03  6.505D-01
 -2.228D-03  6.857D-02
 -1.091D-03  6.448D-01
 -2.755D-05  7.388D-01
 -4.131D-05  7.389D-01
 -5.338D-05  7.389D-01
 -6.475D-05  7.390D-01
 -7.577D-05  7.391D-01
 -8.662D-05  7.391D-01
 -9.739D-05  7.392D-01
 -1.081D-04  7.392D-01
 -1.189D-04  7.393D-01
 -1.297D-04  7.393D-01
 -1.407D-04  7.393D-01
 -1.517D-04  7.393D-01
 -1.628D-04  7.393D-01
 -1.741D-04  7.392D-01
 -1.855D-04  7.391D-01
 -1.971D-04  7.390D-01
 -2.089D-04  7.387D-01
 -2.208D-04  7.386D-01
 -2.330D-04  7.381D-01
 -2.453D-04  7.380D-01
 -2.581D-04  7.371D-01
 -2.708D-04  7.372D-01
 -2.841D-04  7.358D-01
 -2.973D-04  7.360D-01
 -3.114D-04  7.340D-01
 -3.250D-04  7.345D-01
 -3.399D-04  7.316D-01
 -3.538D-04  7.326D-01
 -3.698D-04  7.285D-01
 -3.841D-04  7.303D-01
 -4.014D-04  7.245D-01
 -4.158D-04  7.275D-01
 -4.349D-04  7.194D-01
 -4.490D-04  7.242D-01
 -4.705D-04  7.130D-01
 -4.840D-04  7.204D-01
 -5.086D-04  7.049D-01
 -5.208D-04  7.161D-01
 -5.497D-04  6.948D-01
 -5.596D-04  7.111D-01
 -5.945D-04  6.821D-01
 -6.004D-04  7.056D-01
 -6.440D-04  6.661D-01
 -6.435D-04  6.995D-01
 -6.994D-04  6.458D-01
 -6.889D-04  6.928D-01
 -7.630D-04  6.199D-01
 -7.368D-04  6.856D-01
 -8.380D-04  5.864D-01
 -7.872D-04  6.780D-01
 -9.302D-04  5.425D-01
 -8.403D-04  6.700D-01
 -1.050D-03  4.833D-01
 -8.961D-04  6.617D-01
 -1.222D-03  4.005D-01
 -9.543D-04  6.536D-01
 -1.507D-03  2.773D-01
 -1.015D-03  6.461D-01
 -2.171D-03  6.811D-02
 -1.076D-03  6.403D-01
 -2.682D-05  7.367D-01
 -4.022D-05  7.368D-01
 -5.196D-05  7.368D-01
 -6.302D-05  7.368D-01
 -7.374D-05  7.369D-01
 -8.430D-05  7.369D-01
 -9.477D-05  7.369D-01
 -1.052D-04  7.370D-01
 -1.157D-04  7.370D-01
 -1.262D-04  7.369D-01
 -1.368D-04  7.369D-01
 -1.475D-04  7.369D-01
 -1.583D-04  7.368D-01
 -1.692D-04  7.367D-01
 -1.803D-04  7.366D-01
 -1.915D-04  7.363D-01
 -2.029D-04  7.362D-01
 -2.145D-04  7.358D-01
 -2.263D-04  7.356D-01
 -2.383D-04  7.350D-01
 -2.504D-04  7.349D-01
 -2.630D-04  7.338D-01
 -2.755D-04  7.338D-01
 -2.887D-04  7.323D-01
 -3.016D-04  7.324D-01
 -3.155D-04  7.303D-01
 -3.288D-04  7.307D-01
 -3.435D-04  7.276D-01
 -3.572D-04  7.287D-01
 -3.730D-04  7.243D-01
 -3.870D-04  7.262D-01
 -4.041D-04  7.201D-01
 -4.181D-04  7.232D-01
 -4.370D-04  7.147D-01
 -4.508D-04  7.198D-01
 -4.720D-04  7.081D-01
 -4.851D-04  7.158D-01
 -5.095D-04  6.999D-01
 -5.212D-04  7.113D-01
 -5.499D-04  6.896D-01
 -5.591D-04  7.063D-01
 -5.938D-04  6.768D-01
 -5.991D-04  7.007D-01
 -6.422D-04  6.607D-01
 -6.411D-04  6.945D-01
 -6.965D-04  6.405D-01
 -6.854D-04  6.878D-01
 -7.585D-04  6.148D-01
 -7.321D-04  6.806D-01
 -8.315D-04  5.816D-01
 -7.812D-04  6.730D-01
 -9.212D-04  5.382D-01
 -8.327D-04  6.650D-01
 -1.038D-03  4.797D-01
 -8.868D-04  6.568D-01
 -1.203D-03  3.980D-01
 -9.432D-04  6.488D-01
 -1.478D-03  2.760D-01
 -1.002D-03  6.413D-01
 -2.116D-03  6.765D-02
 -1.061D-03  6.354D-01
 -2.612D-05  7.346D-01
 -3.916D-05  7.346D-01
 -5.059D-05  7.346D-01
 -6.136D-05  7.346D-01
 -7.180D-05  7.346D-01
 -8.207D-05  7.346D-01
 -9.225D-05  7.346D-01
 -1.024D-04  7.346D-01
 -1.126D-04  7.346D-01
 -1.228D-04  7.346D-01
 -1.331D-04  7.345D-01
 -1.435D-04  7.344D-01
 -1.540D-04  7.343D-01
 -1.646D-04  7.342D-01
 -1.753D-04  7.339D-01
 -1.862D-04  7.338D-01
 -1.973D-04  7.334D-01
 -2.084D-04  7.332D-01
 -2.199D-04  7.327D-01
 -2.314D-04  7.325D-01
 -2.433D-04  7.316D-01
 -2.552D-04  7.315D-01
 -2.676D-04  7.303D-01
 -2.799D-04  7.302D-01
 -2.929D-04  7.285D-01
 -3.056D-04  7.287D-01
 -3.193D-04  7.263D-01
 -3.324D-04  7.268D-01
 -3.470D-04  7.234D-01
 -3.604D-04  7.245D-01
 -3.760D-04  7.198D-01
 -3.896D-04  7.218D-01
 -4.066D-04  7.154D-01
 -4.203D-04  7.187D-01
 -4.390D-04  7.098D-01
 -4.523D-04  7.151D-01
 -4.734D-04  7.030D-01
 -4.860D-04  7.109D-01
 -5.102D-04  6.946D-01
 -5.214D-04  7.063D-01
 -5.498D-04  6.842D-01
 -5.585D-04  7.012D-01
 -5.929D-04  6.713D-01
 -5.976D-04  6.955D-01
 -6.403D-04  6.552D-01
 -6.387D-04  6.892D-01
 -6.933D-04  6.350D-01
 -6.819D-04  6.825D-01
 -7.538D-04  6.094D-01
 -7.273D-04  6.753D-01
 -8.250D-04  5.766D-01
 -7.751D-04  6.677D-01
 -9.121D-04  5.337D-01
 -8.252D-04  6.597D-01
 -1.025D-03  4.760D-01
 -8.777D-04  6.516D-01
 -1.185D-03  3.953D-01
 -9.324D-04  6.435D-01
 -1.450D-03  2.745D-01
 -9.889D-04  6.361D-01
 -2.063D-03  6.717D-02
 -1.046D-03  6.301D-01
 -2.545D-05  7.324D-01
 -3.815D-05  7.324D-01
 -4.928D-05  7.324D-01
 -5.977D-05  7.324D-01
 -6.993D-05  7.324D-01
 -7.992D-05  7.323D-01
 -8.983D-05  7.323D-01
 -9.972D-05  7.322D-01
 -1.096D-04  7.322D-01
 -1.196D-04  7.321D-01
 -1.296D-04  7.320D-01
 -1.396D-04  7.318D-01
 -1.498D-04  7.317D-01
 -1.601D-04  7.315D-01
 -1.705D-04  7.313D-01
 -1.811D-04  7.310D-01
 -1.918D-04  7.308D-01
 -2.027D-04  7.303D-01
 -2.137D-04  7.300D-01
 -2.250D-04  7.293D-01
 -2.363D-04  7.291D-01
 -2.480D-04  7.281D-01
 -2.598D-04  7.279D-01
 -2.720D-04  7.265D-01
 -2.841D-04  7.264D-01
 -2.969D-04  7.246D-01
 -3.094D-04  7.247D-01
 -3.230D-04  7.221D-01
 -3.358D-04  7.226D-01
 -3.502D-04  7.190D-01
 -3.633D-04  7.201D-01
 -3.788D-04  7.151D-01
 -3.921D-04  7.172D-01
 -4.089D-04  7.104D-01
 -4.222D-04  7.139D-01
 -4.407D-04  7.047D-01
 -4.537D-04  7.101D-01
 -4.746D-04  6.977D-01
 -4.867D-04  7.058D-01
 -5.107D-04  6.891D-01
 -5.214D-04  7.011D-01
 -5.496D-04  6.785D-01
 -5.577D-04  6.958D-01
 -5.918D-04  6.655D-01
 -5.959D-04  6.900D-01
 -6.382D-04  6.494D-01
 -6.361D-04  6.837D-01
 -6.900D-04  6.293D-01
 -6.782D-04  6.769D-01
 -7.491D-04  6.039D-01
 -7.225D-04  6.697D-01
 -8.184D-04  5.714D-01
 -7.690D-04  6.620D-01
 -9.031D-04  5.290D-01
 -8.177D-04  6.541D-01
 -1.013D-03  4.720D-01
 -8.686D-04  6.460D-01
 -1.167D-03  3.923D-01
 -9.216D-04  6.380D-01
 -1.423D-03  2.729D-01
 -9.764D-04  6.305D-01
 -2.012D-03  6.665D-02
 -1.032D-03  6.245D-01
 -2.480D-05  7.302D-01
 -3.717D-05  7.302D-01
 -4.802D-05  7.301D-01
 -5.823D-05  7.301D-01
 -6.813D-05  7.300D-01
 -7.786D-05  7.300D-01
 -8.751D-05  7.299D-01
 -9.713D-05  7.298D-01
 -1.068D-04  7.297D-01
 -1.164D-04  7.296D-01
 -1.262D-04  7.294D-01
 -1.360D-04  7.293D-01
 -1.459D-04  7.290D-01
 -1.558D-04  7.288D-01
 -1.660D-04  7.285D-01
 -1.762D-04  7.283D-01
 -1.866D-04  7.278D-01
 -1.971D-04  7.275D-01
 -2.079D-04  7.270D-01
 -2.187D-04  7.266D-01
 -2.298D-04  7.258D-01
 -2.410D-04  7.255D-01
 -2.525D-04  7.244D-01
 -2.641D-04  7.241D-01
 -2.761D-04  7.226D-01
 -2.881D-04  7.224D-01
 -3.007D-04  7.203D-01
 -3.130D-04  7.205D-01
 -3.263D-04  7.176D-01
 -3.389D-04  7.181D-01
 -3.532D-04  7.143D-01
 -3.660D-04  7.155D-01
 -3.813D-04  7.102D-01
 -3.943D-04  7.124D-01
 -4.109D-04  7.053D-01
 -4.239D-04  7.089D-01
 -4.423D-04  6.993D-01
 -4.548D-04  7.049D-01
 -4.755D-04  6.921D-01
 -4.872D-04  7.005D-01
 -5.110D-04  6.833D-01
 -5.212D-04  6.956D-01
 -5.491D-04  6.726D-01
 -5.568D-04  6.902D-01
 -5.905D-04  6.595D-01
 -5.941D-04  6.843D-01
 -6.359D-04  6.434D-01
 -6.333D-04  6.779D-01
 -6.866D-04  6.234D-01
 -6.745D-04  6.711D-01
 -7.442D-04  5.981D-01
 -7.176D-04  6.638D-01
 -8.118D-04  5.660D-01
 -7.629D-04  6.561D-01
 -8.940D-04  5.240D-01
 -8.102D-04  6.482D-01
 -1.000D-03  4.678D-01
 -8.596D-04  6.401D-01
 -1.150D-03  3.892D-01
 -9.111D-04  6.321D-01
 -1.396D-03  2.711D-01
 -9.641D-04  6.246D-01
 -1.963D-03  6.607D-02
 -1.018D-03  6.185D-01
 -2.417D-05  7.279D-01
 -3.624D-05  7.279D-01
 -4.681D-05  7.278D-01
 -5.676D-05  7.277D-01
 -6.640D-05  7.277D-01
 -7.588D-05  7.276D-01
 -8.527D-05  7.275D-01
 -9.464D-05  7.273D-01
 -1.040D-04  7.272D-01
 -1.134D-04  7.270D-01
 -1.229D-04  7.269D-01
 -1.324D-04  7.266D-01
 -1.420D-04  7.264D-01
 -1.517D-04  7.261D-01
 -1.616D-04  7.258D-01
 -1.715D-04  7.254D-01
 -1.816D-04  7.251D-01
 -1.918D-04  7.245D-01
 -2.022D-04  7.241D-01
 -2.128D-04  7.234D-01
 -2.234D-04  7.230D-01
 -2.344D-04  7.221D-01
 -2.454D-04  7.217D-01
 -2.568D-04  7.204D-01
 -2.681D-04  7.201D-01
 -2.800D-04  7.184D-01
 -2.918D-04  7.182D-01
 -3.043D-04  7.159D-01
 -3.163D-04  7.160D-01
 -3.295D-04  7.130D-01
 -3.419D-04  7.135D-01
 -3.559D-04  7.094D-01
 -3.685D-04  7.106D-01
 -3.836D-04  7.051D-01
 -3.963D-04  7.073D-01
 -4.128D-04  6.999D-01
 -4.254D-04  7.036D-01
 -4.436D-04  6.937D-01
 -4.557D-04  6.995D-01
 -4.762D-04  6.863D-01
 -4.875D-04  6.949D-01
 -5.111D-04  6.774D-01
 -5.208D-04  6.898D-01
 -5.485D-04  6.665D-01
 -5.557D-04  6.843D-01
 -5.891D-04  6.534D-01
 -5.922D-04  6.783D-01
 -6.335D-04  6.372D-01
 -6.305D-04  6.718D-01
 -6.830D-04  6.172D-01
 -6.706D-04  6.649D-01
 -7.393D-04  5.922D-01
 -7.127D-04  6.576D-01
 -8.050D-04  5.603D-01
 -7.567D-04  6.499D-01
 -8.850D-04  5.189D-01
 -8.027D-04  6.420D-01
 -9.879D-04  4.634D-01
 -8.508D-04  6.339D-01
 -1.133D-03  3.858D-01
 -9.007D-04  6.259D-01
 -1.370D-03  2.691D-01
 -9.521D-04  6.184D-01
 -1.915D-03  6.541D-02
 -1.004D-03  6.122D-01
 -2.357D-05  7.256D-01
 -3.533D-05  7.255D-01
 -4.564D-05  7.254D-01
 -5.534D-05  7.254D-01
 -6.473D-05  7.252D-01
 -7.397D-05  7.251D-01
 -8.312D-05  7.250D-01
 -9.224D-05  7.248D-01
 -1.014D-04  7.246D-01
 -1.105D-04  7.244D-01
 -1.197D-04  7.242D-01
 -1.290D-04  7.240D-01
 -1.384D-04  7.236D-01
 -1.478D-04  7.233D-01
 -1.574D-04  7.229D-01
 -1.670D-04  7.226D-01
 -1.768D-04  7.221D-01
 -1.867D-04  7.217D-01
 -1.968D-04  7.210D-01
 -2.070D-04  7.206D-01
 -2.174D-04  7.197D-01
 -2.279D-04  7.192D-01
 -2.387D-04  7.181D-01
 -2.496D-04  7.177D-01
 -2.608D-04  7.162D-01
 -2.720D-04  7.159D-01
 -2.837D-04  7.140D-01
 -2.952D-04  7.138D-01
 -3.076D-04  7.113D-01
 -3.194D-04  7.114D-01
 -3.325D-04  7.081D-01
 -3.446D-04  7.086D-01
 -3.585D-04  7.042D-01
 -3.708D-04  7.055D-01
 -3.858D-04  6.997D-01
 -3.981D-04  7.020D-01
 -4.144D-04  6.943D-01
 -4.267D-04  6.981D-01
 -4.447D-04  6.879D-01
 -4.565D-04  6.938D-01
 -4.768D-04  6.803D-01
 -4.877D-04  6.891D-01
 -5.110D-04  6.712D-01
 -5.203D-04  6.839D-01
 -5.477D-04  6.602D-01
 -5.544D-04  6.782D-01
 -5.875D-04  6.470D-01
 -5.901D-04  6.721D-01
 -6.310D-04  6.308D-01
 -6.275D-04  6.655D-01
 -6.793D-04  6.109D-01
 -6.667D-04  6.586D-01
 -7.342D-04  5.860D-01
 -7.077D-04  6.512D-01
 -7.983D-04  5.544D-01
 -7.506D-04  6.435D-01
 -8.760D-04  5.135D-01
 -7.953D-04  6.355D-01
 -9.757D-04  4.588D-01
 -8.420D-04  6.274D-01
 -1.116D-03  3.822D-01
 -8.904D-04  6.194D-01
 -1.345D-03  2.669D-01
 -9.402D-04  6.118D-01
 -1.869D-03  6.466D-02
 -9.907D-04  6.056D-01
