 -7.012D-03  7.800D-01
 -3.639D-03  7.770D-01
 -6.297D-03  7.688D-01
 -1.927D-03  7.762D-01
 -4.132D-03  7.592D-01
 -5.789D-03  7.546D-01
 -1.256D-03  7.723D-01
 -2.111D-03  7.529D-01
 -4.601D-03  7.401D-01
 -5.371D-03  7.375D-01
 -8.484D-04  7.693D-01
 -1.480D-03  7.413D-01
 -2.235D-03  7.287D-01
 -5.015D-03  7.196D-01
 -5.006D-03  7.174D-01
 -6.163D-04  7.646D-01
 -9.955D-04  7.308D-01
 -1.687D-03  7.112D-01
 -2.307D-03  7.026D-01
 -5.369D-03  6.973D-01
 -4.677D-03  6.945D-01
 -4.592D-04  7.601D-01
 -7.458D-04  7.170D-01
 -1.115D-03  6.944D-01
 -1.872D-03  6.808D-01
 -2.336D-03  6.743D-01
 -5.663D-03  6.731D-01
 -4.377D-03  6.687D-01
 -3.551D-04  7.546D-01
 -5.558D-04  7.034D-01
 -8.648D-04  6.736D-01
 -1.207D-03  6.578D-01
 -2.035D-03  6.493D-01
 -2.333D-03  6.433D-01
 -5.900D-03  6.472D-01
 -4.100D-03  6.398D-01
 -2.796D-04  7.493D-01
 -4.360D-04  6.873D-01
 -6.403D-04  6.523D-01
 -9.711D-04  6.315D-01
 -1.273D-03  6.196D-01
 -2.175D-03  6.163D-01
 -2.305D-03  6.095D-01
 -6.085D-03  6.194D-01
 -3.842D-03  6.079D-01
 -2.253D-04  7.432D-01
 -3.431D-04  6.711D-01
 -5.111D-04  6.280D-01
 -7.103D-04  6.031D-01
 -1.064D-03  5.892D-01
 -1.316D-03  5.793D-01
 -2.294D-03  5.818D-01
 -2.258D-03  5.727D-01
 -6.223D-03  5.900D-01
 -3.600D-03  5.727D-01
 -1.840D-04  7.371D-01
 -2.780D-04  6.531D-01
 -4.007D-04  6.028D-01
 -5.785D-04  5.720D-01
 -7.655D-04  5.533D-01
 -1.145D-03  5.458D-01
 -1.339D-03  5.362D-01
 -2.392D-03  5.456D-01
 -2.196D-03  5.327D-01
 -6.318D-03  5.588D-01
 -3.374D-03  5.343D-01
 -1.526D-04  7.306D-01
 -2.263D-04  6.348D-01
 -3.275D-04  5.750D-01
 -4.503D-04  5.383D-01
 -6.375D-04  5.168D-01
 -8.067D-04  5.016D-01
 -1.213D-03  5.010D-01
 -1.346D-03  4.899D-01
 -2.471D-03  5.076D-01
 -2.124D-03  4.891D-01
 -6.374D-03  5.261D-01
 -3.160D-03  4.923D-01
 -1.278D-04  7.242D-01
 -1.877D-04  6.150D-01
 -2.657D-04  5.460D-01
 -3.721D-04  5.022D-01
 -4.911D-04  4.743D-01
 -6.881D-04  4.608D-01
 -8.349D-04  4.471D-01
 -1.269D-03  4.543D-01
 -1.338D-03  4.399D-01
 -2.532D-03  4.678D-01
 -2.045D-03  4.418D-01
 -6.396D-03  4.919D-01
 -2.957D-03  4.466D-01
 -1.083D-04  7.175D-01
 -1.565D-04  5.949D-01
 -2.211D-04  5.146D-01
 -3.002D-04  4.629D-01
 -4.112D-04  4.310D-01
 -5.230D-04  4.085D-01
 -7.305D-04  4.032D-01
 -8.515D-04  3.890D-01
 -1.314D-03  4.056D-01
 -1.319D-03  3.859D-01
 -2.575D-03  4.262D-01
 -1.959D-03  3.904D-01
 -6.387D-03  4.564D-01
 -2.766D-03  3.968D-01
 -9.256D-05  7.109D-01
 -1.321D-04  5.737D-01
 -1.835D-04  4.818D-01
 -2.512D-04  4.212D-01
 -3.293D-04  3.810D-01
 -4.444D-04  3.591D-01
 -5.465D-04  3.395D-01
 -7.652D-04  3.433D-01
 -8.579D-04  3.264D-01
 -1.349D-03  3.547D-01
 -1.291D-03  3.273D-01
 -2.603D-03  3.829D-01
 -1.870D-03  3.345D-01
 -6.351D-03  4.195D-01
 -2.584D-03  3.427D-01
 -7.975D-05  7.042D-01
 -1.121D-04  5.521D-01
 -1.548D-04  4.468D-01
 -2.074D-04  3.757D-01
 -2.776D-04  3.297D-01
 -3.525D-04  2.970D-01
 -4.720D-04  2.849D-01
 -5.619D-04  2.658D-01
 -7.925D-04  2.805D-01
 -8.553D-04  2.586D-01
 -1.374D-03  3.013D-01
 -1.255D-03  2.634D-01
 -2.616D-03  3.377D-01
 -1.779D-03  2.736D-01
 -6.290D-03  3.814D-01
 -2.412D-03  2.836D-01
 -6.918D-05  6.977D-01
 -9.595D-05  5.297D-01
 -1.306D-04  4.101D-01
 -1.754D-04  3.275D-01
 -2.277D-04  2.706D-01
 -2.998D-04  2.368D-01
 -3.699D-04  2.086D-01
 -4.941D-04  2.072D-01
 -5.702D-04  1.862D-01
 -8.129D-04  2.144D-01
 -8.451D-04  1.846D-01
 -1.390D-03  2.455D-01
 -1.213D-03  1.936D-01
 -2.616D-03  2.908D-01
 -1.686D-03  2.069D-01
 -6.209D-03  3.421D-01
 -2.248D-03  2.190D-01
 -6.041D-05  6.911D-01
 -8.247D-05  5.069D-01
 -1.114D-04  3.712D-01
 -1.470D-04  2.749D-01
 -1.932D-04  2.094D-01
 -2.440D-04  1.621D-01
 -3.179D-04  1.400D-01
 -3.818D-04  1.135D-01
 -5.109D-04  1.249D-01
 -5.719D-04  9.917D-02
 -8.270D-04  1.446D-01
 -8.283D-04  1.034D-01
 -1.398D-03  1.868D-01
 -1.166D-03  1.169D-01
 -2.604D-03  2.420D-01
 -1.593D-03  1.337D-01
 -6.109D-03  3.018D-01
 -2.092D-03  1.481D-01
 -5.305D-05  6.847D-01
 -7.138D-05  4.834D-01
 -9.506D-05  3.303D-01
 -1.253D-04  2.189D-01
 -1.609D-04  1.389D-01
 -2.080D-04  8.777D-02
 -2.562D-04  4.645D-02
 -3.320D-04  3.720D-02
 -3.885D-04  9.339D-03
 -5.230D-04  3.712D-02
 -5.679D-04  2.986D-03
 -8.352D-04  7.043D-02
 -8.061D-04  1.337D-02
 -1.398D-03  1.252D-01
 -1.115D-03  3.194D-02
 -2.582D-03  1.914D-01
 -1.500D-03  5.277D-02
 -5.994D-03  2.604D-01
 -1.944D-03  6.986D-02
 -4.684D-05  6.784D-01
 -6.200D-05  4.597D-01
 -8.180D-05  2.872D-01
 -1.062D-04  1.574D-01
 -1.372D-04  6.468D-02
 -1.720D-04 -4.237D-03
 -2.198D-04 -4.154D-02
 -2.645D-04 -8.020D-02
 -3.424D-04 -7.381D-02
 -3.906D-04 -1.065D-01
 -5.305D-04 -5.745D-02
 -5.589D-04 -1.045D-01
 -8.381D-04 -8.563D-03
 -7.793D-04 -8.720D-02
 -1.392D-03  6.047D-02
 -1.061D-03 -6.276D-02
 -2.550D-03  1.388D-01
 -1.409D-03 -3.719D-02
 -5.865D-03  2.181D-01
 -1.803D-03 -1.699D-02
 -4.154D-05  6.724D-01
 -5.414D-05  4.354D-01
 -7.043D-05  2.416D-01
 -9.106D-05  9.172D-02
 -1.155D-04 -2.145D-02
 -1.469D-04 -9.857D-02
 -1.802D-04 -1.606D-01
 -2.286D-04 -1.825D-01
 -2.691D-04 -2.222D-01
 -3.492D-04 -1.954D-01
 -3.884D-04 -2.376D-01
 -5.340D-04 -1.601D-01
 -5.456D-04 -2.263D-01
 -8.361D-04 -9.311D-02
 -7.489D-04 -2.008D-01
 -1.379D-03 -7.793D-03
 -1.006D-03 -1.694D-01
 -2.509D-03  8.427D-02
 -1.319D-03 -1.381D-01
 -5.725D-03  1.748D-01
 -1.669D-03 -1.142D-01
 -3.702D-05  6.665D-01
 -4.743D-05  4.109D-01
 -6.101D-05  1.935D-01
 -7.778D-05  1.891D-02
 -9.883D-05 -1.137D-01
 -1.228D-04 -2.160D-01
 -1.544D-04 -2.780D-01
 -1.855D-04 -3.372D-01
 -2.346D-04 -3.397D-01
 -2.703D-04 -3.852D-01
 -3.527D-04 -3.303D-01
 -3.825D-04 -3.885D-01
 -5.337D-04 -2.725D-01
 -5.286D-04 -3.663D-01
 -8.296D-04 -1.840D-01
 -7.155D-04 -3.308D-01
 -1.360D-03 -7.991D-02
 -9.491D-04 -2.907D-01
 -2.462D-03  2.761D-02
 -1.231D-03 -2.524D-01
 -5.575D-03  1.306D-01
 -1.542D-03 -2.240D-01
 -3.311D-05  6.608D-01
 -4.173D-05  3.859D-01
 -5.288D-05  1.425D-01
 -6.698D-05 -5.979D-02
 -8.376D-05 -2.221D-01
 -1.049D-04 -3.408D-01
 -1.279D-04 -4.377D-01
 -1.596D-04 -4.820D-01
 -1.882D-04 -5.436D-01
 -2.381D-04 -5.191D-01
 -2.685D-04 -5.771D-01
 -3.533D-04 -4.824D-01
 -3.735D-04 -5.661D-01
 -5.301D-04 -3.967D-01
 -5.087D-04 -5.300D-01
 -8.192D-04 -2.824D-01
 -6.800D-04 -4.819D-01
 -1.337D-03 -1.563D-01
 -8.920D-04 -4.308D-01
 -2.407D-03 -3.128D-02
 -1.145D-03 -3.837D-01
 -5.418D-03  8.544D-02
 -1.421D-03 -3.497D-01
 -2.974D-05  6.554D-01
 -3.681D-05  3.608D-01
 -4.605D-05  8.848D-02
 -5.752D-05 -1.480D-01
 -7.182D-05 -3.413D-01
 -8.824D-05 -4.990D-01
 -1.094D-04 -6.045D-01
 -1.310D-04 -7.024D-01
 -1.629D-04 -7.226D-01
 -1.885D-04 -7.940D-01
 -2.392D-04 -7.288D-01
 -2.640D-04 -8.102D-01
 -3.513D-04 -6.567D-01
 -3.618D-04 -7.805D-01
 -5.235D-04 -5.355D-01
 -4.865D-04 -7.260D-01
 -8.053D-04 -3.896D-01
 -6.429D-04 -6.611D-01
 -1.309D-03 -2.376D-01
 -8.349D-04 -5.955D-01
 -2.348D-03 -9.257D-02
 -1.062D-03 -5.368D-01
 -5.256D-03  3.941D-02
 -1.307D-03 -4.955D-01
 -2.680D-05  6.502D-01
 -3.259D-05  3.353D-01
 -4.013D-05  3.089D-02
 -4.968D-05 -2.448D-01
 -6.112D-05 -4.844D-01
 -7.546D-05 -6.750D-01
 -9.126D-05 -8.379D-01
 -1.124D-04 -9.277D-01
 -1.322D-04 -1.025D+00
 -1.643D-04 -1.015D+00
 -1.861D-04 -1.066D+00
 -2.384D-04 -9.816D-01
 -2.565D-04 -1.061D+00
 -3.471D-04 -8.605D-01
 -3.475D-04 -1.028D+00
 -5.143D-04 -6.926D-01
 -4.626D-04 -9.676D-01
 -7.883D-04 -5.071D-01
 -6.051D-04 -8.789D-01
 -1.278D-03 -3.244D-01
 -7.785D-04 -7.932D-01
 -2.284D-03 -1.565D-01
 -9.816D-04 -7.189D-01
 -5.089D-03 -7.530D-03
 -1.199D-03 -6.680D-01
 -2.423D-05  6.453D-01
 -2.892D-05  3.097D-01
 -3.509D-05 -3.047D-02
 -4.281D-05 -3.552D-01
 -5.246D-05 -6.473D-01
 -6.370D-05 -9.070D-01
 -7.779D-05 -1.070D+00
 -9.209D-05 -1.170D+00
 -1.127D-04 -1.204D+00
 -1.300D-04 -1.274D+00
 -1.621D-04 -1.229D+00
 -1.799D-04 -1.300D+00
 -2.335D-04 -1.175D+00
 -2.449D-04 -1.276D+00
 -3.400D-04 -1.069D+00
 -3.282D-04 -1.224D+00
 -5.030D-04 -8.733D-01
 -4.334D-04 -1.157D+00
 -7.688D-04 -6.373D-01
 -5.640D-04 -1.087D+00
 -1.244D-03 -4.174D-01
 -7.223D-04 -1.019D+00
 -2.216D-03 -2.232D-01
 -9.050D-04 -9.413D-01
 -4.919D-03 -5.541D-02
 -1.098D-03 -8.770D-01
 -2.197D-05  6.406D-01
 -2.574D-05  2.839D-01
 -3.070D-05 -9.639D-02
 -3.704D-05 -4.790D-01
 -4.476D-05 -8.503D-01
 -5.420D-05 -1.123D+00
 -6.429D-05 -1.289D+00
 -7.770D-05 -1.392D+00
 -9.052D-05 -1.469D+00
 -1.108D-04 -1.471D+00
 -1.255D-04 -1.530D+00
 -1.578D-04 -1.462D+00
 -1.714D-04 -1.532D+00
 -2.264D-04 -1.391D+00
 -2.309D-04 -1.496D+00
 -3.288D-04 -1.240D+00
 -3.068D-04 -1.439D+00
 -4.890D-04 -1.063D+00
 -4.023D-04 -1.374D+00
 -7.470D-04 -7.831D-01
 -5.200D-04 -1.284D+00
 -1.206D-03 -5.179D-01
 -6.616D-04 -1.197D+00
 -2.146D-03 -2.932D-01
 -8.252D-04 -1.122D+00
 -4.747D-03 -1.043D-01
 -9.967D-04 -1.069D+00
 -1.998D-05  6.362D-01
 -2.296D-05  2.579D-01
 -2.693D-05 -1.672D-01
 -3.198D-05 -6.237D-01
 -3.840D-05 -1.079D+00
 -4.526D-05 -1.337D+00
 -5.395D-05 -1.501D+00
 -6.303D-05 -1.630D+00
 -7.591D-05 -1.688D+00
 -8.709D-05 -1.777D+00
 -1.070D-04 -1.742D+00
 -1.192D-04 -1.817D+00
 -1.516D-04 -1.694D+00
 -1.610D-04 -1.798D+00
 -2.170D-04 -1.579D+00
 -2.148D-04 -1.741D+00
 -3.157D-04 -1.428D+00
 -2.834D-04 -1.658D+00
 -4.703D-04 -1.211D+00
 -3.694D-04 -1.568D+00
 -7.234D-04 -9.485D-01
 -4.751D-04 -1.480D+00
 -1.167D-03 -6.270D-01
 -6.017D-04 -1.398D+00
 -2.073D-03 -3.666D-01
 -7.470D-04 -1.322D+00
 -4.574D-03 -1.542D-01
 -8.974D-04 -1.255D+00
 -1.822D-05  6.320D-01
 -2.053D-05  2.317D-01
 -2.362D-05 -2.440D-01
 -2.770D-05 -7.914D-01
 -3.245D-05 -1.262D+00
 -3.801D-05 -1.542D+00
 -4.415D-05 -1.755D+00
 -5.243D-05 -1.888D+00
 -6.060D-05 -2.021D+00
 -7.312D-05 -2.046D+00
 -8.277D-05 -2.149D+00
 -1.024D-04 -2.058D+00
 -1.120D-04 -2.169D+00
 -1.444D-04 -1.963D+00
 -1.498D-04 -2.116D+00
 -2.061D-04 -1.805D+00
 -1.983D-04 -2.024D+00
 -3.005D-04 -1.599D+00
 -2.597D-04 -1.916D+00
 -4.499D-04 -1.381D+00
 -3.361D-04 -1.806D+00
 -6.967D-04 -1.107D+00
 -4.299D-04 -1.697D+00
 -1.126D-03 -7.465D-01
 -5.423D-04 -1.591D+00
 -1.998D-03 -4.440D-01
 -6.705D-04 -1.501D+00
 -4.402D-03 -2.052D-01
 -8.022D-04 -1.437D+00
 -1.666D-05  6.282D-01
 -1.839D-05  2.054D-01
 -2.077D-05 -3.275D-01
 -2.396D-05 -9.949D-01
 -2.748D-05 -1.468D+00
 -3.141D-05 -1.788D+00
 -3.667D-05 -2.033D+00
 -4.231D-05 -2.272D+00
 -5.032D-05 -2.408D+00
 -5.562D-05 -2.165D+00
 -6.778D-05 -2.210D+00
 -7.354D-05 -2.014D+00
 -9.542D-05 -2.287D+00
 -9.880D-05 -2.028D+00
 -1.363D-04 -2.313D+00
 -1.335D-04 -2.150D+00
 -1.947D-04 -2.060D+00
 -1.810D-04 -2.379D+00
 -2.840D-04 -1.802D+00
 -2.358D-04 -2.254D+00
 -4.274D-04 -1.529D+00
 -3.039D-04 -2.091D+00
 -6.657D-04 -1.238D+00
 -3.868D-04 -1.945D+00
 -1.084D-03 -8.784D-01
 -4.853D-04 -1.820D+00
 -1.922D-03 -5.260D-01
 -5.971D-04 -1.717D+00
 -4.230D-03 -2.573D-01
 -7.113D-04 -1.638D+00
 -1.527D-05  6.246D-01
 -1.651D-05  1.789D-01
 -1.826D-05 -4.192D-01
 -2.065D-05 -1.177D+00
 -2.302D-05 -1.668D+00
 -2.615D-05 -2.063D+00
 -2.976D-05 -2.400D+00
 -3.280D-05 -1.984D+00
 -3.591D-05 -1.737D+00
 -4.222D-05 -1.680D+00
 -4.646D-05 -1.573D+00
 -5.748D-05 -1.634D+00
 -6.171D-05 -1.541D+00
 -8.144D-05 -1.719D+00
 -8.266D-05 -1.566D+00
 -1.197D-04 -1.958D+00
 -1.110D-04 -1.640D+00
 -1.829D-04 -2.400D+00
 -1.494D-04 -1.772D+00
 -2.673D-04 -2.022D+00
 -2.005D-04 -1.969D+00
 -4.036D-04 -1.694D+00
 -2.680D-04 -2.252D+00
 -6.335D-04 -1.386D+00
 -3.455D-04 -2.280D+00
 -1.040D-03 -1.026D+00
 -4.316D-04 -2.100D+00
 -1.846D-03 -6.131D-01
 -5.293D-04 -1.960D+00
 -4.060D-03 -3.108D-01
 -6.278D-04 -1.864D+00
 -1.402D-05  6.212D-01
 -1.484D-05  1.523D-01
 -1.608D-05 -5.204D-01
 -1.768D-05 -1.353D+00
 -1.930D-05 -1.907D+00
 -2.144D-05 -2.415D+00
 -2.230D-05 -1.797D+00
 -2.390D-05 -1.544D+00
 -2.698D-05 -1.200D+00
 -2.940D-05 -8.299D-01
 -3.514D-05 -8.265D-01
 -3.798D-05 -5.827D-01
 -4.834D-05 -8.452D-01
 -5.038D-05 -5.682D-01
 -6.937D-05 -1.148D+00
 -6.771D-05 -6.978D-01
 -1.030D-04 -1.591D+00
 -9.143D-05 -9.391D-01
 -1.585D-04 -1.931D+00
 -1.234D-04 -1.287D+00
 -2.500D-04 -2.306D+00
 -1.651D-04 -1.569D+00
 -3.795D-04 -1.877D+00
 -2.187D-04 -1.722D+00
 -5.998D-04 -1.519D+00
 -2.879D-04 -1.940D+00
 -9.940D-04 -1.157D+00
 -3.743D-04 -2.221D+00
 -1.770D-03 -7.061D-01
 -4.666D-04 -2.293D+00
 -3.892D-03 -3.656D-01
 -5.500D-04 -2.161D+00
 -1.291D-05  6.181D-01
 -1.337D-05  1.256D-01
 -1.416D-05 -6.335D-01
 -1.511D-05 -1.532D+00
 -1.608D-05 -2.205D+00
 -1.615D-05 -1.820D+00
 -1.643D-05 -1.246D+00
 -1.756D-05 -6.382D-01
 -1.877D-05 -2.318D-01
 -2.158D-05 -9.704D-02
 -2.374D-05  2.312D-01
 -2.879D-05  1.030D-01
 -3.111D-05  4.026D-01
 -3.976D-05 -5.711D-02
 -4.125D-05  3.408D-01
 -5.762D-05 -3.389D-01
 -5.489D-05  1.202D-01
 -8.727D-05 -8.703D-01
 -7.344D-05 -1.545D-01
 -1.370D-04 -1.610D+00
 -9.890D-05 -4.197D-01
 -2.237D-04 -2.138D+00
 -1.333D-04 -7.676D-01
 -3.554D-04 -2.083D+00
 -1.781D-04 -1.192D+00
 -5.651D-04 -1.657D+00
 -2.344D-04 -1.560D+00
 -9.444D-04 -1.270D+00
 -3.016D-04 -1.708D+00
 -1.693D-03 -8.061D-01
 -3.811D-04 -1.889D+00
 -3.727D-03 -4.220D-01
 -4.605D-04 -2.031D+00
 -1.191D-05  6.153D-01
 -1.207D-05  9.881D-02
 -1.248D-05 -7.608D-01
 -1.283D-05 -1.717D+00
 -1.300D-05 -2.224D+00
 -1.209D-05 -1.342D+00
 -1.201D-05 -3.881D-01
 -1.256D-05  2.703D-01
 -1.402D-05  7.135D-01
 -1.521D-05  1.108D+00
 -1.787D-05  1.164D+00
 -1.937D-05  1.412D+00
 -2.405D-05  1.211D+00
 -2.535D-05  1.463D+00
 -3.361D-05  9.914D-01
 -3.371D-05  1.357D+00
 -4.879D-05  5.040D-01
 -4.505D-05  1.141D+00
 -7.288D-05 -2.026D-01
 -6.027D-05  8.301D-01
 -1.168D-04 -9.606D-01
 -8.044D-05  4.296D-01
 -1.937D-04 -1.765D+00
 -1.060D-04 -4.783D-02
 -3.315D-04 -2.343D+00
 -1.412D-04 -3.767D-01
 -5.300D-04 -1.815D+00
 -1.867D-04 -7.518D-01
 -8.945D-04 -1.396D+00
 -2.430D-04 -1.171D+00
 -1.618D-03 -9.142D-01
 -3.072D-04 -1.530D+00
 -3.565D-03 -4.801D-01
 -3.685D-04 -1.597D+00
 -1.100D-05  6.127D-01
 -1.090D-05  7.188D-02
 -1.099D-05 -9.066D-01
 -1.088D-05 -1.931D+00
 -9.880D-06 -1.737D+00
 -8.903D-06 -4.773D-01
 -8.807D-06  5.517D-01
 -9.301D-06  1.241D+00
 -1.010D-05  1.760D+00
 -1.171D-05  2.004D+00
 -1.299D-05  2.322D+00
 -1.548D-05  2.269D+00
 -1.692D-05  2.507D+00
 -2.098D-05  2.201D+00
 -2.218D-05  2.488D+00
 -2.891D-05  1.883D+00
 -2.910D-05  2.336D+00
 -4.084D-05  1.359D+00
 -3.820D-05  2.068D+00
 -6.223D-05  6.299D-01
 -4.951D-05  1.726D+00
 -9.827D-05 -3.284D-01
 -6.479D-05  1.346D+00
 -1.681D-04 -1.438D+00
 -8.612D-05  9.441D-01
 -2.973D-04 -2.203D+00
 -1.137D-04  4.737D-01
 -4.962D-04 -1.976D+00
 -1.471D-04 -3.991D-02
 -8.443D-04 -1.516D+00
 -1.907D-04 -3.711D-01
 -1.543D-03 -1.032D+00
 -2.412D-04 -6.808D-01
 -3.407D-03 -5.400D-01
 -2.910D-04 -9.069D-01
 -1.019D-05  6.103D-01
 -9.868D-06  4.487D-02
 -9.697D-06 -1.076D+00
 -9.188D-06 -2.190D+00
 -7.536D-06 -1.193D+00
 -6.606D-06  3.783D-01
 -6.480D-06  1.466D+00
 -7.062D-06  2.250D+00
 -7.907D-06  2.681D+00
 -8.760D-06  3.048D+00
 -1.039D-05  3.123D+00
 -1.189D-05  3.315D+00
 -1.405D-05  3.202D+00
 -1.565D-05  3.387D+00
 -1.861D-05  3.085D+00
 -2.028D-05  3.324D+00
 -2.534D-05  2.757D+00
 -2.583D-05  3.174D+00
 -3.615D-05  2.195D+00
 -3.220D-05  2.969D+00
 -5.226D-05  1.396D+00
 -4.243D-05  2.632D+00
 -8.406D-05  3.845D-01
 -5.509D-05  2.252D+00
 -1.429D-04 -7.546D-01
 -7.080D-05  1.810D+00
 -2.585D-04 -1.849D+00
 -9.055D-05  1.362D+00
 -4.624D-04 -2.170D+00
 -1.183D-04  9.336D-01
 -7.937D-04 -1.628D+00
 -1.519D-04  4.800D-01
 -1.470D-03 -1.161D+00
 -1.890D-04  5.298D-02
 -3.253D-03 -6.021D-01
 -2.260D-04 -1.747D-01
 -9.452D-06  6.082D-01
 -8.944D-06  1.774D-02
 -8.509D-06 -1.216D+00
 -7.672D-06 -2.385D+00
 -5.595D-06 -4.016D-01
 -4.923D-06  1.294D+00
 -5.072D-06  2.438D+00
 -5.582D-06  3.093D+00
 -6.518D-06  3.519D+00
 -7.555D-06  3.753D+00
 -8.409D-06  4.039D+00
 -9.892D-06  4.038D+00
 -1.136D-05  4.157D+00
 -1.319D-05  4.033D+00
 -1.484D-05  4.160D+00
 -1.786D-05  3.813D+00
 -1.861D-05  4.119D+00
 -2.411D-05  3.441D+00
 -2.385D-05  3.934D+00
 -3.144D-05  2.969D+00
 -3.066D-05  3.663D+00
 -4.654D-05  2.171D+00
 -3.861D-05  3.366D+00
 -7.140D-05  1.123D+00
 -4.726D-05  3.061D+00
 -1.210D-04 -2.279D-01
 -5.965D-05  2.683D+00
 -2.261D-04 -1.634D+00
 -7.632D-05  2.255D+00
 -4.304D-04 -2.407D+00
 -9.623D-05  1.791D+00
 -7.436D-04 -1.755D+00
 -1.197D-04  1.359D+00
 -1.393D-03 -1.252D+00
 -1.501D-04  1.003D+00
 -3.103D-03 -6.665D-01
 -1.786D-04  7.665D-01
 -8.783D-06  6.063D-01
 -8.116D-06 -9.461D-03
 -7.444D-06 -1.349D+00
 -5.956D-06 -1.877D+00
 -4.247D-06  4.167D-01
 -3.841D-06  2.218D+00
 -4.137D-06  3.222D+00
 -4.676D-06  3.883D+00
 -5.603D-06  4.179D+00
 -6.774D-06  4.366D+00
 -8.010D-06  4.448D+00
 -9.155D-06  4.612D+00
 -1.075D-05  4.548D+00
 -1.196D-05  4.702D+00
 -1.418D-05  4.484D+00
 -1.544D-05  4.667D+00
 -1.830D-05  4.311D+00
 -1.966D-05  4.550D+00
 -2.250D-05  4.109D+00
 -2.452D-05  4.394D+00
 -3.052D-05  3.565D+00
 -2.975D-05  4.230D+00
 -4.043D-05  2.891D+00
 -3.474D-05  4.091D+00
 -6.240D-05  1.817D+00
 -4.352D-05  3.755D+00
 -1.045D-04  4.867D-01
 -5.412D-05  3.388D+00
 -1.940D-04 -1.009D+00
 -6.501D-05  3.044D+00
 -3.852D-04 -2.251D+00
 -8.025D-05  2.655D+00
 -6.950D-04 -1.887D+00
 -1.000D-04  2.249D+00
 -1.316D-03 -1.348D+00
 -1.217D-04  1.868D+00
 -2.957D-03 -7.334D-01
 -1.414D-04  1.624D+00
 -8.174D-06  6.045D-01
 -7.374D-06 -3.678D-02
 -6.498D-06 -1.498D+00
 -4.668D-06 -1.591D+00
 -3.191D-06  1.291D+00
 -3.045D-06  3.033D+00
 -3.403D-06  4.012D+00
 -4.336D-06  4.362D+00
 -5.074D-06  4.736D+00
 -6.485D-06  4.711D+00
 -8.121D-06  4.685D+00
 -9.595D-06  4.684D+00
 -1.132D-05  4.705D+00
 -1.284D-05  4.684D+00
 -1.480D-05  4.710D+00
 -1.616D-05  4.677D+00
 -1.859D-05  4.692D+00
 -1.894D-05  4.722D+00
 -2.252D-05  4.673D+00
 -2.358D-05  4.482D+00
 -2.620D-05  4.681D+00
 -2.908D-05  4.121D+00
 -2.897D-05  4.755D+00
 -3.909D-05  3.442D+00
 -3.569D-05  4.489D+00
 -5.516D-05  2.507D+00
 -4.255D-05  4.254D+00
 -8.913D-05  1.144D+00
 -4.858D-05  4.075D+00
 -1.656D-04 -4.834D-01
 -5.908D-05  3.733D+00
 -3.365D-04 -1.927D+00
 -7.203D-05  3.356D+00
 -6.481D-04 -2.029D+00
 -8.466D-05  3.031D+00
 -1.241D-03 -1.452D+00
 -1.000D-04  2.726D+00
 -2.815D-03 -8.034D-01
 -1.173D-04  2.505D+00
 -7.619D-06  6.030D-01
 -6.708D-06 -6.417D-02
 -5.654D-06 -1.623D+00
 -3.566D-06 -7.737D-01
 -2.535D-06  2.148D+00
 -2.609D-06  3.743D+00
 -3.239D-06  4.426D+00
 -4.213D-06  4.685D+00
 -5.566D-06  4.695D+00
 -6.884D-06  4.774D+00
 -8.980D-06  4.563D+00
 -1.174D-05  4.314D+00
 -1.339D-05  4.352D+00
 -1.657D-05  4.179D+00
 -1.718D-05  4.387D+00
 -2.113D-05  4.186D+00
 -1.957D-05  4.624D+00
 -2.508D-05  4.291D+00
 -2.252D-05  4.704D+00
 -2.794D-05  4.492D+00
 -2.591D-05  4.652D+00
 -2.957D-05  4.771D+00
 -2.971D-05  4.495D+00
 -3.471D-05  4.675D+00
 -3.583D-05  4.041D+00
 -3.912D-05  4.640D+00
 -5.046D-05  3.088D+00
 -4.187D-05  4.695D+00
 -7.846D-05  1.785D+00
 -4.889D-05  4.482D+00
 -1.425D-04  6.107D-02
 -5.717D-05  4.224D+00
 -2.957D-04 -1.718D+00
 -6.394D-05  4.043D+00
 -6.022D-04 -2.195D+00
 -7.599D-05  3.723D+00
 -1.168D-03 -1.551D+00
 -8.998D-05  3.413D+00
 -2.679D-03 -8.767D-01
 -1.023D-04  3.233D+00
 -7.113D-06  6.017D-01
 -6.109D-06 -9.167D-02
 -4.904D-06 -1.770D+00
 -2.719D-06 -1.644D-01
 -2.002D-06  2.950D+00
 -2.375D-06  4.250D+00
 -3.231D-06  4.660D+00
 -4.365D-06  4.779D+00
 -6.961D-06  4.212D+00
 -9.481D-06  3.962D+00
 -1.240D-05  3.764D+00
 -1.488D-05  3.718D+00
 -1.820D-05  3.606D+00
 -2.029D-05  3.664D+00
 -2.416D-05  3.565D+00
 -2.525D-05  3.723D+00
 -3.004D-05  3.592D+00
 -2.905D-05  3.889D+00
 -3.553D-05  3.671D+00
 -3.061D-05  4.207D+00
 -4.026D-05  3.799D+00
 -2.888D-05  4.741D+00
 -4.378D-05  3.984D+00
 -3.250D-05  4.626D+00
 -4.555D-05  4.242D+00
 -3.730D-05  4.335D+00
 -4.484D-05  4.613D+00
 -4.733D-05  3.625D+00
 -4.843D-05  4.661D+00
 -6.955D-05  2.419D+00
 -5.325D-05  4.610D+00
 -1.229D-04  7.174D-01
 -5.557D-05  4.666D+00
 -2.563D-04 -1.238D+00
 -6.376D-05  4.447D+00
 -5.595D-04 -2.390D+00
 -7.313D-05  4.206D+00
 -1.095D-03 -1.640D+00
 -8.095D-05  4.050D+00
 -2.546D-03 -9.537D-01
 -8.775D-05  3.981D+00
 -6.650D-06  6.005D-01
 -5.569D-06 -1.192D-01
 -4.250D-06 -1.926D+00
 -2.119D-06  7.116D-01
 -1.752D-06  3.593D+00
 -2.187D-06  4.701D+00
 -3.407D-06  4.689D+00
 -6.077D-06  3.948D+00
 -8.777D-06  3.635D+00
 -1.178D-05  3.433D+00
 -1.467D-05  3.346D+00
 -1.809D-05  3.248D+00
 -2.097D-05  3.248D+00
 -2.488D-05  3.180D+00
 -2.736D-05  3.244D+00
 -3.194D-05  3.172D+00
 -3.339D-05  3.306D+00
 -3.905D-05  3.204D+00
 -3.840D-05  3.439D+00
 -4.593D-05  3.268D+00
 -4.142D-05  3.667D+00
 -5.225D-05  3.363D+00
 -4.089D-05  4.062D+00
 -5.766D-05  3.491D+00
 -3.582D-05  4.702D+00
 -6.173D-05  3.658D+00
 -3.777D-05  4.639D+00
 -6.397D-05  3.877D+00
 -4.551D-05  4.063D+00
 -6.382D-05  4.167D+00
 -6.292D-05  2.970D+00
 -6.051D-05  4.569D+00
 -1.051D-04  1.284D+00
 -6.363D-05  4.630D+00
 -2.202D-04 -7.261D-01
 -6.866D-05  4.581D+00
 -5.122D-04 -2.460D+00
 -7.100D-05  4.628D+00
 -1.025D-03 -1.737D+00
 -7.857D-05  4.495D+00
 -2.419D-03 -1.035D+00
 -8.810D-05  4.355D+00
 -6.225D-06  5.996D-01
 -5.082D-06 -1.469D-01
 -3.673D-06 -2.107D+00
 -1.631D-06  1.455D+00
 -1.557D-06  4.142D+00
 -2.370D-06  4.672D+00
 -4.659D-06  3.898D+00
 -7.384D-06  3.464D+00
 -1.037D-05  3.226D+00
 -1.343D-05  3.104D+00
 -1.688D-05  3.004D+00
 -2.016D-05  2.972D+00
 -2.408D-05  2.914D+00
 -2.734D-05  2.933D+00
 -3.183D-05  2.885D+00
 -3.466D-05  2.948D+00
 -3.995D-05  2.891D+00
 -4.170D-05  3.009D+00
 -4.822D-05  2.922D+00
 -4.782D-05  3.120D+00
 -5.639D-05  2.976D+00
 -5.210D-05  3.299D+00
 -6.417D-05  3.050D+00
 -5.315D-05  3.589D+00
 -7.125D-05  3.146D+00
 -4.865D-05  4.106D+00
 -7.727D-05  3.268D+00
 -4.297D-05  4.602D+00
 -8.184D-05  3.420D+00
 -4.568D-05  4.387D+00
 -8.455D-05  3.609D+00
 -5.948D-05  3.454D+00
 -8.496D-05  3.846D+00
 -9.445D-05  1.888D+00
 -8.263D-05  4.150D+00
 -1.891D-04 -3.112D-01
 -7.711D-05  4.548D+00
 -4.491D-04 -2.122D+00
 -8.017D-05  4.607D+00
 -9.570D-04 -1.845D+00
 -8.628D-05  4.555D+00
 -2.296D-03 -1.121D+00
 -9.201D-05  4.552D+00
 -5.836D-06  5.987D-01
 -4.642D-06 -1.747D-01
 -3.172D-06 -2.333D+00
 -1.342D-06  2.240D+00
 -1.420D-06  4.610D+00
 -2.961D-06  4.160D+00
 -5.617D-06  3.433D+00
 -8.512D-06  3.113D+00
 -1.158D-05  2.947D+00
 -1.497D-05  2.833D+00
 -1.840D-05  2.777D+00
 -2.229D-05  2.720D+00
 -2.594D-05  2.712D+00
 -3.037D-05  2.673D+00
 -3.398D-05  2.700D+00
 -3.906D-05  2.662D+00
 -4.220D-05  2.724D+00
 -4.818D-05  2.674D+00
 -5.018D-05  2.782D+00
 -5.754D-05  2.704D+00
 -5.732D-05  2.878D+00
 -6.692D-05  2.750D+00
 -6.275D-05  3.025D+00
 -7.605D-05  2.810D+00
 -6.516D-05  3.254D+00
 -8.465D-05  2.886D+00
 -6.251D-05  3.634D+00
 -9.241D-05  2.980D+00
 -5.105D-05  4.381D+00
 -9.900D-05  3.093D+00
 -4.758D-05  4.568D+00
 -1.041D-04  3.229D+00
 -5.481D-05  3.948D+00
 -1.074D-04  3.393D+00
 -8.363D-05  2.455D+00
 -1.085D-04  3.589D+00
 -1.651D-04  2.988D-01
 -1.075D-04  3.822D+00
 -3.959D-04 -1.888D+00
 -1.045D-04  4.094D+00
 -8.930D-04 -1.946D+00
 -1.006D-04  4.385D+00
 -2.179D-03 -1.213D+00
 -1.001D-04  4.596D+00
 -5.478D-06  5.981D-01
 -4.245D-06 -2.025D-01
 -2.652D-06 -2.236D+00
 -1.095D-06  2.940D+00
 -1.527D-06  4.601D+00
 -3.687D-06  3.610D+00
 -6.428D-06  3.097D+00
 -9.394D-06  2.859D+00
 -1.266D-05  2.717D+00
 -1.609D-05  2.638D+00
 -1.988D-05  2.574D+00
 -2.368D-05  2.549D+00
 -2.801D-05  2.512D+00
 -3.201D-05  2.516D+00
 -3.694D-05  2.487D+00
 -4.086D-05  2.518D+00
 -4.652D-05  2.486D+00
 -4.993D-05  2.546D+00
 -5.660D-05  2.501D+00
 -5.881D-05  2.600D+00
 -6.699D-05  2.528D+00
 -6.691D-05  2.684D+00
 -7.749D-05  2.567D+00
 -7.339D-05  2.809D+00
 -8.787D-05  2.618D+00
 -7.702D-05  2.998D+00
 -9.787D-05  2.680D+00
 -7.593D-05  3.296D+00
 -1.072D-04  2.754D+00
 -6.696D-05  3.830D+00
 -1.156D-04  2.842D+00
 -5.254D-05  4.568D+00
 -1.228D-04  2.946D+00
 -5.605D-05  4.199D+00
 -1.285D-04  3.067D+00
 -7.672D-05  2.943D+00
 -1.325D-04  3.208D+00
 -1.430D-04  8.522D-01
 -1.349D-04  3.367D+00
 -3.492D-04 -1.711D+00
 -1.358D-04  3.541D+00
 -8.311D-04 -2.059D+00
 -1.365D-04  3.713D+00
 -2.063D-03 -1.297D+00
 -1.406D-04  3.827D+00
 -5.148D-06  5.975D-01
 -3.885D-06 -2.304D-01
 -2.145D-06 -1.864D+00
 -9.600D-07  3.537D+00
 -1.716D-06  4.402D+00
 -4.289D-06  3.232D+00
 -7.079D-06  2.848D+00
 -1.016D-05  2.652D+00
 -1.347D-05  2.542D+00
 -1.711D-05  2.466D+00
 -2.089D-05  2.425D+00
 -2.509D-05  2.385D+00
 -2.923D-05  2.376D+00
 -3.400D-05  2.350D+00
 -3.832D-05  2.361D+00
 -4.374D-05  2.338D+00
 -4.795D-05  2.371D+00
 -5.417D-05  2.342D+00
 -5.783D-05  2.400D+00
 -6.516D-05  2.357D+00
 -6.755D-05  2.450D+00
 -7.652D-05  2.382D+00
 -7.654D-05  2.524D+00
 -8.808D-05  2.416D+00
 -8.400D-05  2.633D+00
 -9.962D-05  2.459D+00
 -8.875D-05  2.792D+00
 -1.109D-04  2.510D+00
 -8.904D-05  3.037D+00
 -1.217D-04  2.571D+00
 -8.202D-05  3.450D+00
 -1.318D-04  2.642D+00
 -6.227D-05  4.314D+00
 -1.408D-04  2.724D+00
 -5.344D-05  4.587D+00
 -1.487D-04  2.818D+00
 -7.204D-05  3.394D+00
 -1.552D-04  2.924D+00
 -1.240D-04  1.372D+00
 -1.603D-04  3.041D+00
 -3.027D-04 -1.179D+00
 -1.645D-04  3.164D+00
 -7.716D-04 -2.186D+00
 -1.687D-04  3.282D+00
 -1.948D-03 -1.362D+00
 -1.763D-04  3.355D+00
 -4.844D-06  5.971D-01
 -3.558D-06 -2.584D-01
 -1.749D-06 -1.626D+00
 -8.544D-07  4.048D+00
 -2.204D-06  3.767D+00
 -4.780D-06  2.955D+00
 -7.633D-06  2.645D+00
 -1.076D-05  2.488D+00
 -1.419D-05  2.390D+00
 -1.785D-05  2.332D+00
 -2.186D-05  2.286D+00
 -2.598D-05  2.265D+00
 -3.057D-05  2.239D+00
 -3.503D-05  2.238D+00
 -4.023D-05  2.218D+00
 -4.485D-05  2.234D+00
 -5.074D-05  2.214D+00
 -5.522D-05  2.248D+00
 -6.198D-05  2.220D+00
 -6.586D-05  2.277D+00
 -7.382D-05  2.236D+00
 -7.636D-05  2.323D+00
 -8.610D-05  2.258D+00
 -8.619D-05  2.390D+00
 -9.864D-05  2.288D+00
 -9.456D-05  2.485D+00
 -1.113D-04  2.324D+00
 -1.003D-04  2.623D+00
 -1.237D-04  2.367D+00
 -1.019D-04  2.829D+00
 -1.359D-04  2.418D+00
 -9.654D-05  3.164D+00
 -1.474D-04  2.476D+00
 -7.975D-05  3.797D+00
 -1.582D-04  2.542D+00
 -6.086D-05  4.481D+00
 -1.679D-04  2.617D+00
 -6.589D-05  3.864D+00
 -1.766D-04  2.700D+00
 -1.116D-04  1.926D+00
 -1.843D-04  2.790D+00
 -2.627D-04 -7.464D-01
 -1.912D-04  2.883D+00
 -7.163D-04 -2.330D+00
 -1.983D-04  2.968D+00
 -1.837D-03 -1.431D+00
 -2.087D-04  3.019D+00
 -4.563D-06  5.968D-01
 -3.262D-06 -2.864D-01
 -1.397D-06 -9.923D-01
 -7.941D-07  4.449D+00
 -2.595D-06  3.355D+00
 -5.194D-06  2.735D+00
 -8.074D-06  2.483D+00
 -1.126D-05  2.346D+00
 -1.472D-05  2.266D+00
 -1.851D-05  2.210D+00
 -2.249D-05  2.178D+00
 -2.687D-05  2.149D+00
 -3.130D-05  2.139D+00
 -3.628D-05  2.120D+00
 -4.104D-05  2.124D+00
 -4.666D-05  2.108D+00
 -5.155D-05  2.127D+00
 -5.791D-05  2.108D+00
 -6.262D-05  2.142D+00
 -6.991D-05  2.116D+00
 -7.397D-05  2.170D+00
 -8.255D-05  2.131D+00
 -8.521D-05  2.213D+00
 -9.568D-05  2.151D+00
 -9.582D-05  2.274D+00
 -1.091D-04  2.177D+00
 -1.050D-04  2.358D+00
 -1.228D-04  2.208D+00
 -1.118D-04  2.479D+00
 -1.363D-04  2.245D+00
 -1.145D-04  2.657D+00
 -1.497D-04  2.287D+00
 -1.106D-04  2.936D+00
 -1.626D-04  2.336D+00
 -9.616D-05  3.434D+00
 -1.749D-04  2.390D+00
 -6.362D-05  4.582D+00
 -1.864D-04  2.451D+00
 -6.720D-05  4.085D+00
 -1.970D-04  2.518D+00
 -9.905D-05  2.432D+00
 -2.068D-04  2.589D+00
 -2.269D-04 -3.781D-01
 -2.161D-04  2.661D+00
 -6.649D-04 -2.498D+00
 -2.259D-04  2.726D+00
 -1.731D-03 -1.504D+00
 -2.387D-04  2.763D+00
 -4.304D-06  5.966D-01
 -2.992D-06 -3.144D-01
 -1.117D-06 -4.547D-01
 -8.195D-07  4.528D+00
 -2.922D-06  3.051D+00
 -5.530D-06  2.558D+00
 -8.444D-06  2.344D+00
 -1.165D-05  2.229D+00
 -1.517D-05  2.156D+00
 -1.895D-05  2.111D+00
 -2.308D-05  2.076D+00
 -2.738D-05  2.058D+00
 -3.211D-05  2.038D+00
 -3.684D-05  2.035D+00
 -4.219D-05  2.020D+00
 -4.723D-05  2.028D+00
 -5.325D-05  2.014D+00
 -5.839D-05  2.034D+00
 -6.520D-05  2.016D+00
 -7.012D-05  2.050D+00
 -7.793D-05  2.025D+00
 -8.214D-05  2.078D+00
 -9.132D-05  2.038D+00
 -9.407D-05  2.117D+00
 -1.052D-04  2.057D+00
 -1.054D-04  2.172D+00
 -1.195D-04  2.079D+00
 -1.154D-04  2.248D+00
 -1.341D-04  2.107D+00
 -1.230D-04  2.355D+00
 -1.487D-04  2.138D+00
 -1.268D-04  2.510D+00
 -1.631D-04  2.174D+00
 -1.243D-04  2.749D+00
 -1.773D-04  2.215D+00
 -1.118D-04  3.156D+00
 -1.909D-04  2.260D+00
 -8.201D-05  4.030D+00
 -2.040D-04  2.311D+00
 -6.430D-05  4.433D+00
 -2.164D-04  2.365D+00
 -9.164D-05  2.867D+00
 -2.281D-04  2.422D+00
 -1.993D-04  1.789D-01
 -2.396D-04  2.479D+00
 -6.038D-04 -2.468D+00
 -2.515D-04  2.530D+00
 -1.629D-03 -1.581D+00
 -2.666D-04  2.558D+00
 -4.063D-06  5.965D-01
 -2.747D-06 -3.425D-01
 -8.985D-07  1.460D-01
 -8.289D-07  4.636D+00
 -3.193D-06  2.817D+00
 -5.810D-06  2.409D+00
 -8.730D-06  2.227D+00
 -1.197D-05  2.124D+00
 -1.549D-05  2.063D+00
 -1.934D-05  2.019D+00
 -2.343D-05  1.993D+00
 -2.788D-05  1.970D+00
 -3.248D-05  1.960D+00
 -3.755D-05  1.945D+00
 -4.257D-05  1.946D+00
 -4.828D-05  1.934D+00
 -5.357D-05  1.945D+00
 -5.998D-05  1.932D+00
 -6.535D-05  1.953D+00
 -7.259D-05  1.935D+00
 -7.769D-05  1.969D+00
 -8.599D-05  1.944D+00
 -9.032D-05  1.995D+00
 -1.001D-04  1.957D+00
 -1.029D-04  2.032D+00
 -1.147D-04  1.973D+00
 -1.149D-04  2.082D+00
 -1.298D-04  1.993D+00
 -1.256D-04  2.151D+00
 -1.452D-04  2.016D+00
 -1.341D-04  2.246D+00
 -1.607D-04  2.044D+00
 -1.388D-04  2.383D+00
 -1.762D-04  2.074D+00
 -1.376D-04  2.590D+00
 -1.914D-04  2.109D+00
 -1.269D-04  2.932D+00
 -2.064D-04  2.147D+00
 -1.003D-04  3.609D+00
 -2.208D-04  2.189D+00
 -7.015D-05  4.410D+00
 -2.348D-04  2.234D+00
 -8.582D-05  3.281D+00
 -2.482D-04  2.281D+00
 -1.743D-04  6.749D-01
 -2.615D-04  2.327D+00
 -5.339D-04 -2.188D+00
 -2.755D-04  2.368D+00
 -1.531D-03 -1.638D+00
 -2.924D-04  2.389D+00
 -3.840D-06  5.965D-01
 -2.524D-06 -3.706D-01
 -7.288D-07  8.064D-01
 -1.089D-06  3.928D+00
 -3.420D-06  2.627D+00
 -6.033D-06  2.284D+00
 -8.962D-06  2.124D+00
 -1.219D-05  2.035D+00
 -1.574D-05  1.977D+00
 -1.957D-05  1.941D+00
 -2.374D-05  1.913D+00
 -2.812D-05  1.898D+00
 -3.289D-05  1.881D+00
 -3.777D-05  1.877D+00
 -4.317D-05  1.865D+00
 -4.845D-05  1.870D+00
 -5.450D-05  1.859D+00
 -6.003D-05  1.871D+00
 -6.682D-05  1.859D+00
 -7.238D-05  1.880D+00
 -8.003D-05  1.863D+00
 -8.529D-05  1.897D+00
 -9.407D-05  1.871D+00
 -9.851D-05  1.921D+00
 -1.088D-04  1.883D+00
 -1.117D-04  1.955D+00
 -1.241D-04  1.898D+00
 -1.243D-04  2.001D+00
 -1.400D-04  1.915D+00
 -1.357D-04  2.064D+00
 -1.561D-04  1.936D+00
 -1.449D-04  2.150D+00
 -1.724D-04  1.959D+00
 -1.506D-04  2.272D+00
 -1.888D-04  1.986D+00
 -1.505D-04  2.454D+00
 -2.051D-04  2.015D+00
 -1.414D-04  2.747D+00
 -2.212D-04  2.048D+00
 -1.175D-04  3.295D+00
 -2.369D-04  2.083D+00
 -7.419D-05  4.451D+00
 -2.522D-04  2.121D+00
 -7.724D-05  3.749D+00
 -2.672D-04  2.159D+00
 -1.504D-04  1.136D+00
 -2.822D-04  2.197D+00
 -4.751D-04 -1.983D+00
 -2.979D-04  2.230D+00
 -1.437D-03 -1.699D+00
 -3.164D-04  2.246D+00
 -3.632D-06  5.966D-01
 -2.321D-06 -3.987D-01
 -5.874D-07  1.419D+00
 -1.298D-06  3.479D+00
 -3.606D-06  2.470D+00
 -6.214D-06  2.174D+00
 -9.132D-06  2.034D+00
 -1.237D-05  1.953D+00
 -1.590D-05  1.904D+00
 -1.975D-05  1.868D+00
 -2.387D-05  1.846D+00
 -2.834D-05  1.827D+00
 -3.300D-05  1.818D+00
 -3.808D-05  1.806D+00
 -4.322D-05  1.805D+00
 -4.893D-05  1.796D+00
 -5.445D-05  1.802D+00
 -6.084D-05  1.792D+00
 -6.658D-05  1.806D+00
 -7.372D-05  1.793D+00
 -7.946D-05  1.815D+00
 -8.751D-05  1.798D+00
 -9.290D-05  1.831D+00
 -1.021D-04  1.806D+00
 -1.066D-04  1.854D+00
 -1.175D-04  1.816D+00
 -1.204D-04  1.886D+00
 -1.334D-04  1.829D+00
 -1.335D-04  1.928D+00
 -1.499D-04  1.845D+00
 -1.456D-04  1.985D+00
 -1.667D-04  1.863D+00
 -1.555D-04  2.063D+00
 -1.838D-04  1.883D+00
 -1.620D-04  2.173D+00
 -2.011D-04  1.906D+00
 -1.630D-04  2.334D+00
 -2.183D-04  1.931D+00
 -1.554D-04  2.589D+00
 -2.353D-04  1.959D+00
 -1.338D-04  3.047D+00
 -2.522D-04  1.989D+00
 -8.658D-05  4.172D+00
 -2.687D-04  2.020D+00
 -7.886D-05  3.934D+00
 -2.851D-04  2.053D+00
 -1.364D-04  1.637D+00
 -3.016D-04  2.084D+00
 -4.221D-04 -1.830D+00
 -3.188D-04  2.110D+00
 -1.346D-03 -1.764D+00
 -3.388D-04  2.122D+00
 -3.440D-06  5.967D-01
 -2.136D-06 -4.268D-01
 -4.999D-07  2.040D+00
 -1.471D-06  3.155D+00
 -3.759D-06  2.336D+00
 -6.352D-06  2.079D+00
 -9.260D-06  1.953D+00
 -1.247D-05  1.882D+00
 -1.600D-05  1.835D+00
 -1.982D-05  1.805D+00
 -2.397D-05  1.782D+00
 -2.836D-05  1.769D+00
 -3.312D-05  1.755D+00
 -3.804D-05  1.750D+00
 -4.342D-05  1.741D+00
 -4.880D-05  1.742D+00
 -5.481D-05  1.734D+00
 -6.055D-05  1.741D+00
 -6.725D-05  1.732D+00
 -7.319D-05  1.746D+00
 -8.067D-05  1.734D+00
 -8.656D-05  1.756D+00
 -9.500D-05  1.739D+00
 -1.005D-04  1.772D+00
 -1.102D-04  1.746D+00
 -1.147D-04  1.793D+00
 -1.260D-04  1.755D+00
 -1.289D-04  1.822D+00
 -1.426D-04  1.767D+00
 -1.427D-04  1.861D+00
 -1.596D-04  1.781D+00
 -1.552D-04  1.914D+00
 -1.771D-04  1.796D+00
 -1.658D-04  1.985D+00
 -1.949D-04  1.814D+00
 -1.731D-04  2.084D+00
 -2.129D-04  1.834D+00
 -1.751D-04  2.229D+00
 -2.309D-04  1.855D+00
 -1.689D-04  2.453D+00
 -2.489D-04  1.879D+00
 -1.493D-04  2.844D+00
 -2.667D-04  1.905D+00
 -1.065D-04  3.713D+00
 -2.844D-04  1.931D+00
 -7.615D-05  4.228D+00
 -3.020D-04  1.958D+00
 -1.224D-04  2.097D+00
 -3.197D-04  1.984D+00
 -3.707D-04 -1.439D+00
 -3.383D-04  2.005D+00
 -1.260D-03 -1.832D+00
 -3.595D-04  2.015D+00
 -3.260D-06  5.970D-01
 -1.966D-06 -4.548D-01
 -4.126D-07  2.641D+00
 -1.617D-06  2.904D+00
 -3.882D-06  2.221D+00
 -6.457D-06  1.993D+00
 -9.340D-06  1.882D+00
 -1.254D-05  1.816D+00
 -1.604D-05  1.775D+00
 -1.985D-05  1.746D+00
 -2.394D-05  1.727D+00
 -2.837D-05  1.711D+00
 -3.302D-05  1.702D+00
 -3.806D-05  1.692D+00
 -4.322D-05  1.690D+00
 -4.888D-05  1.682D+00
 -5.448D-05  1.686D+00
 -6.079D-05  1.678D+00
 -6.672D-05  1.686D+00
 -7.373D-05  1.677D+00
 -7.983D-05  1.692D+00
 -8.764D-05  1.680D+00
 -9.366D-05  1.702D+00
 -1.025D-04  1.684D+00
 -1.080D-04  1.717D+00
 -1.181D-04  1.691D+00
 -1.227D-04  1.737D+00
 -1.345D-04  1.699D+00
 -1.374D-04  1.764D+00
 -1.516D-04  1.710D+00
 -1.516D-04  1.800D+00
 -1.692D-04  1.721D+00
 -1.647D-04  1.848D+00
 -1.872D-04  1.735D+00
 -1.759D-04  1.913D+00
 -2.056D-04  1.750D+00
 -1.839D-04  2.004D+00
 -2.242D-04  1.768D+00
 -1.868D-04  2.134D+00
 -2.430D-04  1.786D+00
 -1.818D-04  2.334D+00
 -2.618D-04  1.807D+00
 -1.642D-04  2.672D+00
 -2.805D-04  1.828D+00
 -1.249D-04  3.376D+00
 -2.991D-04  1.851D+00
 -7.829D-05  4.334D+00
 -3.178D-04  1.874D+00
 -1.084D-04  2.549D+00
 -3.367D-04  1.895D+00
 -3.257D-04 -1.041D+00
 -3.564D-04  1.912D+00
 -1.179D-03 -1.896D+00
 -3.787D-04  1.919D+00
 -3.093D-06  5.973D-01
 -1.811D-06 -4.826D-01
 -3.721D-07  3.117D+00
 -1.738D-06  2.703D+00
 -3.980D-06  2.120D+00
 -6.529D-06  1.918D+00
 -9.389D-06  1.816D+00
 -1.255D-05  1.757D+00
 -1.603D-05  1.718D+00
 -1.980D-05  1.693D+00
 -2.389D-05  1.673D+00
 -2.824D-05  1.661D+00
 -3.293D-05  1.650D+00
 -3.782D-05  1.645D+00
 -4.313D-05  1.637D+00
 -4.852D-05  1.637D+00
 -5.444D-05  1.630D+00
 -6.025D-05  1.634D+00
 -6.683D-05  1.627D+00
 -7.294D-05  1.636D+00
 -8.023D-05  1.627D+00
 -8.648D-05  1.642D+00
 -9.460D-05  1.630D+00
 -1.007D-04  1.652D+00
 -1.099D-04  1.634D+00
 -1.155D-04  1.666D+00
 -1.260D-04  1.640D+00
 -1.306D-04  1.685D+00
 -1.428D-04  1.647D+00
 -1.457D-04  1.710D+00
 -1.604D-04  1.656D+00
 -1.603D-04  1.744D+00
 -1.784D-04  1.667D+00
 -1.739D-04  1.788D+00
 -1.970D-04  1.679D+00
 -1.856D-04  1.848D+00
 -2.160D-04  1.692D+00
 -1.943D-04  1.930D+00
 -2.352D-04  1.707D+00
 -1.981D-04  2.048D+00
 -2.546D-04  1.723D+00
 -1.943D-04  2.227D+00
 -2.741D-04  1.740D+00
 -1.784D-04  2.524D+00
 -2.936D-04  1.759D+00
 -1.422D-04  3.113D+00
 -3.131D-04  1.778D+00
 -8.392D-05  4.314D+00
 -3.327D-04  1.797D+00
 -1.036D-04  2.899D+00
 -3.525D-04  1.815D+00
 -2.854D-04 -6.957D-01
 -3.733D-04  1.829D+00
 -1.102D-03 -1.960D+00
 -3.965D-04  1.833D+00
 -2.937D-06  5.976D-01
 -1.670D-06 -5.104D-01
 -3.210D-07  3.649D+00
 -1.840D-06  2.535D+00
 -4.055D-06  2.030D+00
 -6.576D-06  1.849D+00
 -9.403D-06  1.757D+00
 -1.254D-05  1.702D+00
 -1.597D-05  1.668D+00
 -1.972D-05  1.643D+00
 -2.374D-05  1.626D+00
 -2.809D-05  1.613D+00
 -3.268D-05  1.605D+00
 -3.763D-05  1.596D+00
 -4.275D-05  1.593D+00
 -4.830D-05  1.587D+00
 -5.390D-05  1.588D+00
 -6.008D-05  1.582D+00
 -6.607D-05  1.587D+00
 -7.291D-05  1.580D+00
 -7.918D-05  1.590D+00
 -8.675D-05  1.581D+00
 -9.312D-05  1.596D+00
 -1.015D-04  1.583D+00
 -1.078D-04  1.605D+00
 -1.172D-04  1.587D+00
 -1.229D-04  1.619D+00
 -1.337D-04  1.592D+00
 -1.384D-04  1.636D+00
 -1.510D-04  1.599D+00
 -1.538D-04  1.660D+00
 -1.689D-04  1.607D+00
 -1.688D-04  1.691D+00
 -1.875D-04  1.616D+00
 -1.829D-04  1.732D+00
 -2.065D-04  1.626D+00
 -1.951D-04  1.787D+00
 -2.259D-04  1.638D+00
 -2.043D-04  1.863D+00
 -2.457D-04  1.650D+00
 -2.089D-04  1.970D+00
 -2.656D-04  1.664D+00
 -2.063D-04  2.132D+00
 -2.857D-04  1.679D+00
 -1.920D-04  2.395D+00
 -3.059D-04  1.695D+00
 -1.585D-04  2.897D+00
 -3.262D-04  1.711D+00
 -8.674D-05  4.373D+00
 -3.466D-04  1.727D+00
 -9.569D-05  3.289D+00
 -3.673D-04  1.742D+00
 -2.499D-04 -3.312D-01
 -3.889D-04  1.753D+00
 -1.029D-03 -2.028D+00
 -4.129D-04  1.756D+00
 -2.791D-06  5.980D-01
 -1.540D-06 -5.379D-01
 -3.050D-07  3.954D+00
 -1.925D-06  2.394D+00
 -4.110D-06  1.950D+00
 -6.598D-06  1.786D+00
 -9.393D-06  1.702D+00
 -1.249D-05  1.653D+00
 -1.589D-05  1.620D+00
 -1.957D-05  1.598D+00
 -2.357D-05  1.581D+00
 -2.784D-05  1.570D+00
 -3.244D-05  1.560D+00
 -3.725D-05  1.555D+00
 -4.244D-05  1.548D+00
 -4.777D-05  1.547D+00
 -5.357D-05  1.541D+00
 -5.935D-05  1.544D+00
 -6.577D-05  1.538D+00
 -7.193D-05  1.544D+00
 -7.901D-05  1.537D+00
 -8.542D-05  1.547D+00
 -9.325D-05  1.538D+00
 -9.972D-05  1.553D+00
 -1.084D-04  1.540D+00
 -1.147D-04  1.562D+00
 -1.245D-04  1.543D+00
 -1.302D-04  1.574D+00
 -1.414D-04  1.548D+00
 -1.460D-04  1.591D+00
 -1.590D-04  1.554D+00
 -1.618D-04  1.613D+00
 -1.773D-04  1.560D+00
 -1.772D-04  1.642D+00
 -1.962D-04  1.568D+00
 -1.916D-04  1.679D+00
 -2.157D-04  1.577D+00
 -2.042D-04  1.730D+00
 -2.355D-04  1.587D+00
 -2.140D-04  1.800D+00
 -2.557D-04  1.598D+00
 -2.194D-04  1.899D+00
 -2.762D-04  1.610D+00
 -2.177D-04  2.045D+00
 -2.968D-04  1.622D+00
 -2.050D-04  2.281D+00
 -3.176D-04  1.636D+00
 -1.739D-04  2.716D+00
 -3.385D-04  1.649D+00
 -1.083D-04  3.850D+00
 -3.596D-04  1.663D+00
 -8.906D-05  3.643D+00
 -3.811D-04  1.675D+00
 -2.217D-04  1.385D-01
 -4.034D-04  1.684D+00
 -9.586D-04 -2.101D+00
 -4.280D-04  1.685D+00
 -2.655D-06  5.984D-01
 -1.421D-06 -5.652D-01
 -2.814D-07  4.311D+00
 -1.994D-06  2.271D+00
 -4.147D-06  1.878D+00
 -6.602D-06  1.729D+00
 -9.356D-06  1.652D+00
 -1.241D-05  1.606D+00
 -1.576D-05  1.576D+00
 -1.941D-05  1.554D+00
 -2.334D-05  1.540D+00
 -2.758D-05  1.528D+00
 -3.207D-05  1.521D+00
 -3.690D-05  1.513D+00
 -4.193D-05  1.510D+00
 -4.735D-05  1.504D+00
 -5.287D-05  1.504D+00
 -5.889D-05  1.499D+00
 -6.485D-05  1.502D+00
 -7.149D-05  1.497D+00
 -7.780D-05  1.503D+00
 -8.511D-05  1.496D+00
 -9.164D-05  1.507D+00
 -9.971D-05  1.497D+00
 -1.063D-04  1.512D+00
 -1.152D-04  1.499D+00
 -1.216D-04  1.521D+00
 -1.316D-04  1.502D+00
 -1.374D-04  1.533D+00
 -1.489D-04  1.506D+00
 -1.535D-04  1.548D+00
 -1.668D-04  1.511D+00
 -1.695D-04  1.569D+00
 -1.855D-04  1.517D+00
 -1.852D-04  1.595D+00
 -2.047D-04  1.524D+00
 -2.000D-04  1.630D+00
 -2.245D-04  1.531D+00
 -2.130D-04  1.678D+00
 -2.447D-04  1.540D+00
 -2.234D-04  1.742D+00
 -2.653D-04  1.549D+00
 -2.294D-04  1.832D+00
 -2.862D-04  1.559D+00
 -2.287D-04  1.966D+00
 -3.073D-04  1.570D+00
 -2.174D-04  2.178D+00
 -3.286D-04  1.581D+00
 -1.886D-04  2.561D+00
 -3.501D-04  1.592D+00
 -1.278D-04  3.480D+00
 -3.717D-04  1.604D+00
 -8.912D-05  3.832D+00
 -3.939D-04  1.614D+00
 -1.958D-04  5.585D-01
 -4.169D-04  1.621D+00
 -8.929D-04 -2.179D+00
 -4.420D-04  1.621D+00
 -2.527D-06  5.989D-01
 -1.313D-06 -5.922D-01
 -2.901D-07  4.348D+00
 -2.050D-06  2.164D+00
 -4.170D-06  1.812D+00
 -6.586D-06  1.676D+00
 -9.301D-06  1.605D+00
 -1.231D-05  1.563D+00
 -1.561D-05  1.534D+00
 -1.920D-05  1.515D+00
 -2.309D-05  1.500D+00
 -2.725D-05  1.491D+00
 -3.172D-05  1.482D+00
 -3.642D-05  1.477D+00
 -4.147D-05  1.471D+00
 -4.669D-05  1.469D+00
 -5.233D-05  1.464D+00
 -5.803D-05  1.465D+00
 -6.426D-05  1.460D+00
 -7.037D-05  1.464D+00
 -7.722D-05  1.459D+00
 -8.366D-05  1.465D+00
 -9.120D-05  1.458D+00
 -9.783D-05  1.469D+00
 -1.061D-04  1.459D+00
 -1.128D-04  1.474D+00
 -1.220D-04  1.461D+00
 -1.284D-04  1.482D+00
 -1.387D-04  1.463D+00
 -1.444D-04  1.493D+00
 -1.562D-04  1.467D+00
 -1.608D-04  1.508D+00
 -1.744D-04  1.471D+00
 -1.771D-04  1.527D+00
 -1.934D-04  1.476D+00
 -1.931D-04  1.552D+00
 -2.129D-04  1.481D+00
 -2.081D-04  1.584D+00
 -2.330D-04  1.488D+00
 -2.215D-04  1.628D+00
 -2.535D-04  1.495D+00
 -2.323D-04  1.687D+00
 -2.745D-04  1.503D+00
 -2.390D-04  1.771D+00
 -2.957D-04  1.511D+00
 -2.391D-04  1.893D+00
 -3.172D-04  1.520D+00
 -2.291D-04  2.086D+00
 -3.389D-04  1.530D+00
 -2.024D-04  2.425D+00
 -3.609D-04  1.539D+00
 -1.457D-04  3.193D+00
 -3.831D-04  1.549D+00
 -8.540D-05  4.108D+00
 -4.057D-04  1.556D+00
 -1.710D-04  9.599D-01
 -4.292D-04  1.562D+00
 -8.323D-04 -2.261D+00
 -4.548D-04  1.561D+00
 -2.408D-06  5.994D-01
 -1.213D-06 -6.189D-01
 -2.947D-07  4.407D+00
 -2.094D-06  2.069D+00
 -4.179D-06  1.752D+00
 -6.557D-06  1.627D+00
 -9.226D-06  1.562D+00
 -1.219D-05  1.522D+00
 -1.543D-05  1.496D+00
 -1.898D-05  1.477D+00
 -2.279D-05  1.464D+00
 -2.691D-05  1.454D+00
 -3.128D-05  1.447D+00
 -3.596D-05  1.440D+00
 -4.086D-05  1.437D+00
 -4.612D-05  1.432D+00
 -5.153D-05  1.431D+00
 -5.736D-05  1.427D+00
 -6.322D-05  1.429D+00
 -6.965D-05  1.424D+00
 -7.590D-05  1.428D+00
 -8.295D-05  1.422D+00
 -8.950D-05  1.430D+00
 -9.724D-05  1.422D+00
 -1.040D-04  1.433D+00
 -1.125D-04  1.423D+00
 -1.192D-04  1.438D+00
 -1.286D-04  1.424D+00
 -1.350D-04  1.446D+00
 -1.456D-04  1.426D+00
 -1.513D-04  1.456D+00
 -1.633D-04  1.429D+00
 -1.679D-04  1.469D+00
 -1.819D-04  1.433D+00
 -1.844D-04  1.487D+00
 -2.010D-04  1.437D+00
 -2.006D-04  1.510D+00
 -2.208D-04  1.442D+00
 -2.159D-04  1.541D+00
 -2.412D-04  1.447D+00
 -2.297D-04  1.581D+00
 -2.620D-04  1.453D+00
 -2.409D-04  1.636D+00
 -2.832D-04  1.459D+00
 -2.481D-04  1.714D+00
 -3.047D-04  1.467D+00
 -2.491D-04  1.826D+00
 -3.266D-04  1.474D+00
 -2.403D-04  2.001D+00
 -3.486D-04  1.482D+00
 -2.156D-04  2.305D+00
 -3.709D-04  1.490D+00
 -1.625D-04  2.962D+00
 -3.936D-04  1.497D+00
 -8.717D-05  4.198D+00
 -4.166D-04  1.503D+00
 -1.552D-04  1.391D+00
 -4.406D-04  1.507D+00
 -7.746D-04 -2.352D+00
 -4.665D-04  1.505D+00
 -2.296D-06  5.999D-01
 -1.121D-06 -6.451D-01
 -3.476D-07  3.993D+00
 -2.127D-06  1.984D+00
 -4.177D-06  1.697D+00
 -6.513D-06  1.582D+00
 -9.138D-06  1.521D+00
 -1.205D-05  1.484D+00
 -1.524D-05  1.459D+00
 -1.872D-05  1.443D+00
 -2.248D-05  1.430D+00
 -2.651D-05  1.421D+00
 -3.084D-05  1.413D+00
 -3.541D-05  1.408D+00
 -4.030D-05  1.403D+00
 -4.538D-05  1.401D+00
 -5.084D-05  1.396D+00
 -5.640D-05  1.396D+00
 -6.243D-05  1.392D+00
 -6.843D-05  1.394D+00
 -7.505D-05  1.390D+00
 -8.142D-05  1.394D+00
 -8.866D-05  1.388D+00
 -9.531D-05  1.396D+00
 -1.032D-04  1.388D+00
 -1.100D-04  1.399D+00
 -1.187D-04  1.388D+00
 -1.255D-04  1.404D+00
 -1.351D-04  1.390D+00
 -1.415D-04  1.411D+00
 -1.523D-04  1.391D+00
 -1.580D-04  1.420D+00
 -1.703D-04  1.394D+00
 -1.748D-04  1.433D+00
 -1.890D-04  1.396D+00
 -1.916D-04  1.449D+00
 -2.084D-04  1.400D+00
 -2.079D-04  1.471D+00
 -2.284D-04  1.404D+00
 -2.235D-04  1.499D+00
 -2.490D-04  1.408D+00
 -2.375D-04  1.537D+00
 -2.700D-04  1.413D+00
 -2.491D-04  1.588D+00
 -2.914D-04  1.418D+00
 -2.568D-04  1.660D+00
 -3.132D-04  1.424D+00
 -2.586D-04  1.764D+00
 -3.353D-04  1.430D+00
 -2.510D-04  1.924D+00
 -3.577D-04  1.437D+00
 -2.280D-04  2.198D+00
 -3.803D-04  1.443D+00
 -1.782D-04  2.768D+00
 -4.033D-04  1.449D+00
 -9.263D-05  4.170D+00
 -4.267D-04  1.454D+00
 -1.411D-04  1.785D+00
 -4.510D-04  1.456D+00
 -7.199D-04 -2.452D+00
 -4.771D-04  1.453D+00
 -2.190D-06  6.004D-01
 -1.037D-06 -6.707D-01
 -4.114D-07  3.546D+00
 -2.152D-06  1.908D+00
 -4.164D-06  1.646D+00
 -6.459D-06  1.540D+00
 -9.035D-06  1.483D+00
 -1.189D-05  1.448D+00
 -1.503D-05  1.425D+00
 -1.845D-05  1.409D+00
 -2.214D-05  1.397D+00
 -2.612D-05  1.388D+00
 -3.035D-05  1.382D+00
 -3.487D-05  1.376D+00
 -3.963D-05  1.372D+00
 -4.471D-05  1.368D+00
 -4.996D-05  1.367D+00
 -5.559D-05  1.363D+00
 -6.131D-05  1.363D+00
 -6.751D-05  1.359D+00
 -7.365D-05  1.362D+00
 -8.043D-05  1.357D+00
 -8.691D-05  1.362D+00
 -9.433D-05  1.356D+00
 -1.011D-04  1.364D+00
 -1.092D-04  1.356D+00
 -1.160D-04  1.367D+00
 -1.249D-04  1.356D+00
 -1.317D-04  1.371D+00
 -1.415D-04  1.357D+00
 -1.479D-04  1.378D+00
 -1.589D-04  1.358D+00
 -1.646D-04  1.386D+00
 -1.771D-04  1.359D+00
 -1.815D-04  1.398D+00
 -1.960D-04  1.362D+00
 -1.984D-04  1.413D+00
 -2.156D-04  1.364D+00
 -2.150D-04  1.433D+00
 -2.357D-04  1.367D+00
 -2.307D-04  1.460D+00
 -2.565D-04  1.371D+00
 -2.450D-04  1.495D+00
 -2.777D-04  1.375D+00
 -2.569D-04  1.543D+00
 -2.993D-04  1.379D+00
 -2.651D-04  1.609D+00
 -3.213D-04  1.384D+00
 -2.676D-04  1.705D+00
 -3.436D-04  1.389D+00
 -2.610D-04  1.852D+00
 -3.662D-04  1.394D+00
 -2.398D-04  2.100D+00
 -3.891D-04  1.399D+00
 -1.929D-04  2.602D+00
 -4.123D-04  1.403D+00
 -9.384D-05  4.258D+00
 -4.360D-04  1.407D+00
 -1.261D-04  2.181D+00
 -4.605D-04  1.408D+00
 -6.679D-04 -2.563D+00
 -4.868D-04  1.404D+00
 -2.091D-06  6.010D-01
 -9.592D-07 -6.958D-01
 -4.647D-07  3.218D+00
 -2.168D-06  1.838D+00
 -4.142D-06  1.599D+00
 -6.394D-06  1.500D+00
 -8.923D-06  1.447D+00
 -1.173D-05  1.415D+00
 -1.481D-05  1.393D+00
 -1.816D-05  1.378D+00
 -2.179D-05  1.366D+00
 -2.568D-05  1.358D+00
 -2.986D-05  1.351D+00
 -3.427D-05  1.347D+00
 -3.899D-05  1.342D+00
 -4.391D-05  1.339D+00
 -4.917D-05  1.335D+00
 -5.458D-05  1.335D+00
 -6.038D-05  1.331D+00
 -6.624D-05  1.332D+00
 -7.260D-05  1.328D+00
 -7.885D-05  1.331D+00
 -8.580D-05  1.326D+00
 -9.237D-05  1.331D+00
 -9.994D-05  1.325D+00
 -1.067D-04  1.333D+00
 -1.150D-04  1.325D+00
 -1.219D-04  1.336D+00
 -1.310D-04  1.325D+00
 -1.377D-04  1.340D+00
 -1.477D-04  1.325D+00
 -1.541D-04  1.346D+00
 -1.653D-04  1.326D+00
 -1.710D-04  1.354D+00
 -1.837D-04  1.327D+00
 -1.880D-04  1.365D+00
 -2.027D-04  1.329D+00
 -2.051D-04  1.379D+00
 -2.224D-04  1.330D+00
 -2.218D-04  1.398D+00
 -2.427D-04  1.333D+00
 -2.377D-04  1.422D+00
 -2.636D-04  1.336D+00
 -2.522D-04  1.455D+00
 -2.849D-04  1.339D+00
 -2.644D-04  1.499D+00
 -3.067D-04  1.342D+00
 -2.730D-04  1.561D+00
 -3.288D-04  1.346D+00
 -2.761D-04  1.650D+00
 -3.513D-04  1.349D+00
 -2.706D-04  1.786D+00
 -3.741D-04  1.353D+00
 -2.509D-04  2.012D+00
 -3.971D-04  1.357D+00
 -2.068D-04  2.458D+00
 -4.206D-04  1.360D+00
 -1.120D-04  3.845D+00
 -4.445D-04  1.362D+00
 -1.172D-04  2.519D+00
 -4.692D-04  1.363D+00
 -6.080D-04 -2.438D+00
 -4.956D-04  1.358D+00
 -1.998D-06  6.015D-01
 -8.879D-07 -7.201D-01
 -5.097D-07  2.963D+00
 -2.178D-06  1.774D+00
 -4.113D-06  1.554D+00
 -6.321D-06  1.462D+00
 -8.801D-06  1.413D+00
 -1.155D-05  1.382D+00
 -1.457D-05  1.362D+00
 -1.786D-05  1.348D+00
 -2.142D-05  1.337D+00
 -2.525D-05  1.329D+00
 -2.933D-05  1.323D+00
 -3.369D-05  1.317D+00
 -3.828D-05  1.314D+00
 -4.317D-05  1.310D+00
 -4.825D-05  1.308D+00
 -5.367D-05  1.305D+00
 -5.922D-05  1.305D+00
 -6.518D-05  1.301D+00
 -7.116D-05  1.303D+00
 -7.767D-05  1.299D+00
 -8.402D-05  1.302D+00
 -9.112D-05  1.297D+00
 -9.777D-05  1.302D+00
 -1.055D-04  1.296D+00
 -1.123D-04  1.303D+00
 -1.208D-04  1.295D+00
 -1.277D-04  1.306D+00
 -1.369D-04  1.294D+00
 -1.437D-04  1.310D+00
 -1.538D-04  1.295D+00
 -1.602D-04  1.315D+00
 -1.716D-04  1.295D+00
 -1.771D-04  1.323D+00
 -1.900D-04  1.296D+00
 -1.943D-04  1.333D+00
 -2.092D-04  1.297D+00
 -2.115D-04  1.346D+00
 -2.290D-04  1.298D+00
 -2.283D-04  1.363D+00
 -2.494D-04  1.300D+00
 -2.443D-04  1.386D+00
 -2.704D-04  1.302D+00
 -2.590D-04  1.417D+00
 -2.918D-04  1.304D+00
 -2.715D-04  1.458D+00
 -3.137D-04  1.306D+00
 -2.805D-04  1.516D+00
 -3.359D-04  1.309D+00
 -2.842D-04  1.598D+00
 -3.585D-04  1.312D+00
 -2.796D-04  1.724D+00
 -3.814D-04  1.314D+00
 -2.614D-04  1.931D+00
 -4.046D-04  1.317D+00
 -2.199D-04  2.331D+00
 -4.281D-04  1.319D+00
 -1.311D-04  3.472D+00
 -4.522D-04  1.320D+00
 -1.104D-04  2.837D+00
 -4.770D-04  1.320D+00
 -5.483D-04 -2.235D+00
 -5.035D-04  1.315D+00
 -1.910D-06  6.021D-01
 -8.224D-07 -7.436D-01
 -5.480D-07  2.755D+00
 -2.181D-06  1.716D+00
 -4.077D-06  1.513D+00
 -6.241D-06  1.427D+00
 -8.671D-06  1.381D+00
 -1.137D-05  1.352D+00
 -1.433D-05  1.333D+00
 -1.755D-05  1.319D+00
 -2.104D-05  1.309D+00
 -2.479D-05  1.301D+00
 -2.880D-05  1.295D+00
 -3.305D-05  1.291D+00
 -3.759D-05  1.286D+00
 -4.234D-05  1.284D+00
 -4.740D-05  1.280D+00
 -5.262D-05  1.279D+00
 -5.820D-05  1.276D+00
 -6.387D-05  1.276D+00
 -6.998D-05  1.273D+00
 -7.606D-05  1.274D+00
 -8.272D-05  1.270D+00
 -8.916D-05  1.274D+00
 -9.639D-05  1.268D+00
 -1.031D-04  1.274D+00
 -1.110D-04  1.267D+00
 -1.178D-04  1.275D+00
 -1.264D-04  1.266D+00
 -1.333D-04  1.277D+00
 -1.427D-04  1.266D+00
 -1.494D-04  1.281D+00
 -1.598D-04  1.265D+00
 -1.661D-04  1.286D+00
 -1.776D-04  1.265D+00
 -1.831D-04  1.293D+00
 -1.962D-04  1.266D+00
 -2.004D-04  1.302D+00
 -2.155D-04  1.266D+00
 -2.176D-04  1.314D+00
 -2.353D-04  1.267D+00
 -2.345D-04  1.330D+00
 -2.558D-04  1.268D+00
 -2.507D-04  1.352D+00
 -2.768D-04  1.269D+00
 -2.655D-04  1.380D+00
 -2.983D-04  1.270D+00
 -2.782D-04  1.419D+00
 -3.202D-04  1.272D+00
 -2.876D-04  1.473D+00
 -3.425D-04  1.274D+00
 -2.918D-04  1.550D+00
 -3.652D-04  1.276D+00
 -2.880D-04  1.666D+00
 -3.881D-04  1.277D+00
 -2.713D-04  1.856D+00
 -4.114D-04  1.279D+00
 -2.321D-04  2.217D+00
 -4.351D-04  1.280D+00
 -1.486D-04  3.183D+00
 -4.592D-04  1.280D+00
 -1.014D-04  3.187D+00
 -4.841D-04  1.279D+00
 -4.945D-04 -2.067D+00
 -5.105D-04  1.273D+00
 -1.828D-06  6.027D-01
 -7.620D-07 -7.662D-01
 -5.804D-07  2.581D+00
 -2.178D-06  1.662D+00
 -4.035D-06  1.473D+00
 -6.155D-06  1.393D+00
 -8.535D-06  1.350D+00
 -1.118D-05  1.323D+00
 -1.408D-05  1.305D+00
 -1.724D-05  1.292D+00
 -2.065D-05  1.282D+00
 -2.433D-05  1.275D+00
 -2.825D-05  1.269D+00
 -3.244D-05  1.264D+00
 -3.685D-05  1.261D+00
 -4.155D-05  1.257D+00
 -4.645D-05  1.255D+00
 -5.166D-05  1.252D+00
 -5.701D-05  1.252D+00
 -6.274D-05  1.248D+00
 -6.852D-05  1.249D+00
 -7.477D-05  1.245D+00
 -8.094D-05  1.247D+00
 -8.773D-05  1.243D+00
 -9.424D-05  1.247D+00
 -1.016D-04  1.241D+00
 -1.084D-04  1.247D+00
 -1.163D-04  1.240D+00
 -1.233D-04  1.248D+00
 -1.319D-04  1.239D+00
 -1.389D-04  1.250D+00
 -1.484D-04  1.238D+00
 -1.551D-04  1.253D+00
 -1.655D-04  1.237D+00
 -1.718D-04  1.257D+00
 -1.835D-04  1.237D+00
 -1.889D-04  1.264D+00
 -2.021D-04  1.236D+00
 -2.062D-04  1.272D+00
 -2.215D-04  1.236D+00
 -2.235D-04  1.283D+00
 -2.414D-04  1.237D+00
 -2.405D-04  1.298D+00
 -2.619D-04  1.237D+00
 -2.567D-04  1.318D+00
 -2.829D-04  1.238D+00
 -2.717D-04  1.345D+00
 -3.044D-04  1.238D+00
 -2.846D-04  1.381D+00
 -3.264D-04  1.239D+00
 -2.942D-04  1.431D+00
 -3.487D-04  1.240D+00
 -2.990D-04  1.503D+00
 -3.714D-04  1.241D+00
 -2.960D-04  1.611D+00
 -3.944D-04  1.242D+00
 -2.806D-04  1.787D+00
 -4.177D-04  1.243D+00
 -2.437D-04  2.114D+00
 -4.414D-04  1.243D+00
 -1.647D-04  2.949D+00
 -4.655D-04  1.242D+00
 -9.621D-05  3.455D+00
 -4.904D-04  1.240D+00
 -4.454D-04 -1.926D+00
 -5.168D-04  1.234D+00
 -1.750D-06  6.032D-01
 -7.063D-07 -7.876D-01
 -6.077D-07  2.432D+00
 -2.171D-06  1.611D+00
 -3.989D-06  1.436D+00
 -6.063D-06  1.362D+00
 -8.394D-06  1.321D+00
 -1.098D-05  1.295D+00
 -1.382D-05  1.278D+00
 -1.691D-05  1.266D+00
 -2.026D-05  1.256D+00
 -2.385D-05  1.250D+00
 -2.771D-05  1.244D+00
 -3.179D-05  1.240D+00
 -3.614D-05  1.235D+00
 -4.071D-05  1.233D+00
 -4.556D-05  1.230D+00
 -5.059D-05  1.228D+00
 -5.594D-05  1.225D+00
 -6.141D-05  1.225D+00
 -6.727D-05  1.222D+00
 -7.315D-05  1.223D+00
 -7.952D-05  1.219D+00
 -8.578D-05  1.221D+00
 -9.268D-05  1.217D+00
 -9.925D-05  1.221D+00
 -1.067D-04  1.215D+00
 -1.135D-04  1.220D+00
 -1.216D-04  1.213D+00
 -1.286D-04  1.221D+00
 -1.373D-04  1.212D+00
 -1.443D-04  1.223D+00
 -1.539D-04  1.211D+00
 -1.606D-04  1.226D+00
 -1.711D-04  1.210D+00
 -1.774D-04  1.230D+00
 -1.892D-04  1.209D+00
 -1.945D-04  1.235D+00
 -2.079D-04  1.208D+00
 -2.119D-04  1.243D+00
 -2.272D-04  1.208D+00
 -2.292D-04  1.254D+00
 -2.472D-04  1.207D+00
 -2.462D-04  1.268D+00
 -2.677D-04  1.207D+00
 -2.625D-04  1.286D+00
 -2.887D-04  1.207D+00
 -2.775D-04  1.311D+00
 -3.102D-04  1.207D+00
 -2.906D-04  1.345D+00
 -3.321D-04  1.207D+00
 -3.005D-04  1.392D+00
 -3.544D-04  1.208D+00
 -3.057D-04  1.459D+00
 -3.771D-04  1.208D+00
 -3.035D-04  1.560D+00
 -4.001D-04  1.208D+00
 -2.892D-04  1.722D+00
 -4.234D-04  1.208D+00
 -2.545D-04  2.021D+00
 -4.471D-04  1.207D+00
 -1.797D-04  2.752D+00
 -4.712D-04  1.206D+00
 -9.526D-05  3.626D+00
 -4.960D-04  1.202D+00
 -4.019D-04 -1.777D+00
 -5.223D-04  1.196D+00
