 -1.813D-03  7.906D-01
 -2.295D-03  7.810D-01
 -1.773D-03  7.824D-01
 -3.735D-04  7.947D-01
 -3.770D-03  7.695D-01
 -1.672D-03  7.723D-01
 -6.071D-04  7.689D-01
 -5.373D-04  7.702D-01
 -4.922D-03  7.573D-01
 -1.558D-03  7.593D-01
 -1.411D-04  7.971D-01
 -1.146D-03  7.451D-01
 -6.405D-04  7.498D-01
 -5.812D-03  7.429D-01
 -1.448D-03  7.429D-01
 -2.541D-04  7.479D-01
 -2.340D-04  7.493D-01
 -1.643D-03  7.244D-01
 -6.975D-04  7.279D-01
 -6.500D-03  7.262D-01
 -1.345D-03  7.230D-01
 -6.954D-05  7.987D-01
 -5.128D-04  7.082D-01
 -3.106D-04  7.159D-01
 -2.074D-03  7.025D-01
 -7.236D-04  7.033D-01
 -7.028D-03  7.070D-01
 -1.250D-03  6.994D-01
 -1.312D-04  7.190D-01
 -1.229D-04  7.205D-01
 -7.722D-04  6.776D-01
 -3.670D-04  6.838D-01
 -2.439D-03  6.784D-01
 -7.292D-04  6.752D-01
 -7.430D-03  6.856D-01
 -1.163D-03  6.718D-01
 -3.986D-05  7.998D-01
 -2.742D-04  6.588D-01
 -1.728D-04  6.710D-01
 -1.012D-03  6.471D-01
 -4.055D-04  6.498D-01
 -2.742D-03  6.521D-01
 -7.213D-04  6.433D-01
 -7.729D-03  6.618D-01
 -1.082D-03  6.401D-01
 -7.642D-05  6.827D-01
 -7.224D-05  6.842D-01
 -4.252D-04  6.165D-01
 -2.141D-04  6.267D-01
 -1.225D-03  6.150D-01
 -4.295D-04  6.125D-01
 -2.991D-03  6.233D-01
 -7.044D-04  6.071D-01
 -7.942D-03  6.359D-01
 -1.007D-03  6.038D-01
 -2.519D-05  8.004D-01
 -1.625D-04  5.964D-01
 -1.049D-04  6.148D-01
 -5.704D-04  5.762D-01
 -2.460D-04  5.817D-01
 -1.410D-03  5.806D-01
 -4.421D-04  5.710D-01
 -3.191D-03  5.922D-01
 -6.815D-04  5.662D-01
 -8.084D-03  6.079D-01
 -9.379D-04  5.625D-01
 -4.816D-05  6.394D-01
 -4.577D-05  6.410D-01
 -2.566D-04  5.397D-01
 -1.338D-04  5.557D-01
 -7.035D-04  5.346D-01
 -2.690D-04  5.335D-01
 -1.567D-03  5.437D-01
 -4.459D-04  5.248D-01
 -3.347D-03  5.588D-01
 -6.545D-04  5.202D-01
 -8.164D-03  5.779D-01
 -8.728D-04  5.157D-01
 -1.704D-05  8.007D-01
 -1.029D-04  5.201D-01
 -6.755D-05  5.468D-01
 -3.494D-04  4.875D-01
 -1.576D-04  4.974D-01
 -8.216D-04  4.908D-01
 -2.843D-04  4.808D-01
 -1.697D-03  5.042D-01
 -4.429D-04  4.731D-01
 -3.465D-03  5.230D-01
 -6.249D-04  4.682D-01
 -8.192D-03  5.460D-01
 -8.115D-04  4.627D-01
 -3.205D-05  5.894D-01
 -3.056D-05  5.911D-01
 -1.642D-04  4.450D-01
 -8.769D-05  4.692D-01
 -4.361D-04  4.346D-01
 -1.760D-04  4.358D-01
 -9.239D-04  4.442D-01
 -2.931D-04  4.223D-01
 -1.803D-03  4.619D-01
 -4.348D-04  4.151D-01
 -3.550D-03  4.849D-01
 -5.937D-04  4.096D-01
 -8.175D-03  5.122D-01
 -7.538D-04  4.026D-01
 -1.213D-05  8.007D-01
 -6.813D-05  4.278D-01
 -4.536D-05  4.661D-01
 -2.256D-04  3.777D-01
 -1.049D-04  3.940D-01
 -5.142D-04  3.790D-01
 -1.893D-04  3.689D-01
 -1.010D-03  3.944D-01
 -2.964D-04  3.570D-01
 -1.886D-03  4.169D-01
 -4.226D-04  3.496D-01
 -3.604D-03  4.445D-01
 -5.614D-04  3.432D-01
 -8.120D-03  4.768D-01
 -6.991D-04  3.343D-01
 -2.220D-05  5.331D-01
 -2.121D-05  5.349D-01
 -1.092D-04  3.285D-01
 -5.943D-05  3.645D-01
 -2.837D-04  3.100D-01
 -1.188D-04  3.152D-01
 -5.825D-04  3.200D-01
 -1.980D-04  2.946D-01
 -1.082D-03  3.412D-01
 -2.953D-04  2.834D-01
 -1.948D-03  3.690D-01
 -4.073D-04  2.755D-01
 -3.633D-03  4.019D-01
 -5.286D-04  2.677D-01
 -8.031D-03  4.396D-01
 -6.473D-04  2.564D-01
 -8.970D-06  8.004D-01
 -4.657D-05  3.165D-01
 -3.140D-05  3.707D-01
 -1.508D-04  2.408D-01
 -7.177D-05  2.669D-01
 -3.364D-04  2.390D-01
 -1.292D-04  2.294D-01
 -6.408D-04  2.568D-01
 -2.027D-04  2.112D-01
 -1.138D-03  2.843D-01
 -2.905D-04  1.999D-01
 -1.992D-03  3.182D-01
 -3.898D-04  1.910D-01
 -3.638D-03  3.570D-01
 -4.958D-04  1.813D-01
 -7.915D-03  4.009D-01
 -5.980D-04  1.668D-01
 -1.584D-05  4.706D-01
 -1.516D-05  4.725D-01
 -7.460D-05  1.838D-01
 -4.125D-05  2.372D-01
 -1.904D-04  1.528D-01
 -8.192D-05  1.646D-01
 -3.828D-04  1.630D-01
 -1.365D-04  1.334D-01
 -6.890D-04  1.888D-01
 -2.039D-04  1.162D-01
 -1.182D-03  2.235D-01
 -2.828D-04  1.043D-01
 -2.019D-03  2.642D-01
 -3.706D-04  9.370D-02
 -3.622D-03  3.097D-01
 -4.630D-04  8.154D-02
 -7.774D-03  3.607D-01
 -5.512D-04  6.285D-02
 -6.843D-06  7.999D-01
 -3.254D-05  1.812D-01
 -2.222D-05  2.581D-01
 -1.032D-04  6.702D-02
 -5.002D-05  1.084D-01
 -2.264D-04  5.972D-02
 -8.973D-05  5.189D-02
 -4.223D-04  8.090D-02
 -1.408D-04  2.393D-02
 -7.276D-04  1.155D-01
 -2.022D-04  6.648D-03
 -1.213D-03  1.583D-01
 -2.727D-04 -6.647D-03
 -2.030D-03  2.069D-01
 -3.501D-04 -1.947D-02
 -3.590D-03  2.602D-01
 -4.307D-04 -3.500D-02
 -7.612D-03  3.190D-01
 -5.066D-04 -5.918D-02
 -1.157D-05  4.019D-01
 -1.108D-05  4.038D-01
 -5.188D-05 -7.585D-05
 -2.912D-05  8.004D-02
 -1.304D-04 -5.123D-02
 -5.731D-05 -2.828D-02
 -2.581D-04 -4.122D-02
 -9.526D-05 -7.631D-02
 -4.550D-04 -8.691D-03
 -1.424D-04 -1.031D-01
 -7.570D-04  3.594D-02
 -1.980D-04 -1.215D-01
 -1.232D-03  8.828D-02
 -2.608D-04 -1.370D-01
 -2.029D-03  1.460D-01
 -3.289D-04 -1.531D-01
 -3.541D-03  2.082D-01
 -3.990D-04 -1.732D-01
 -7.434D-03  2.758D-01
 -4.642D-04 -2.048D-01
 -5.352D-06  7.992D-01
 -2.309D-05  1.359D-02
 -1.598D-05  1.235D-01
 -7.162D-05 -1.616D-01
 -3.529D-05 -9.490D-02
 -1.551D-04 -1.785D-01
 -6.296D-05 -1.821D-01
 -2.850D-04 -1.526D-01
 -9.863D-05 -2.262D-01
 -4.809D-04 -1.072D-01
 -1.418D-04 -2.536D-01
 -7.778D-04 -5.067D-02
 -1.918D-04 -2.743D-01
 -1.242D-03  1.293D-02
 -2.474D-04 -2.932D-01
 -2.015D-03  8.135D-02
 -3.072D-04 -3.137D-01
 -3.480D-03  1.537D-01
 -3.680D-04 -3.402D-01
 -7.241D-03  2.313D-01
 -4.239D-04 -3.822D-01
 -8.599D-06  3.266D-01
 -8.248D-06  3.287D-01
 -3.648D-05 -2.429D-01
 -2.078D-05 -1.194D-01
 -9.037D-05 -3.290D-01
 -4.044D-05 -2.857D-01
 -1.767D-04 -3.203D-01
 -6.697D-05 -3.626D-01
 -3.070D-04 -2.771D-01
 -1.001D-04 -4.063D-01
 -5.004D-04 -2.164D-01
 -1.393D-04 -4.362D-01
 -7.908D-04 -1.455D-01
 -1.839D-04 -4.608D-01
 -1.242D-03 -6.846D-02
 -2.331D-04 -4.846D-01
 -1.992D-03  1.248D-02
 -2.853D-04 -5.117D-01
 -3.407D-03  9.649D-02
 -3.380D-04 -5.475D-01
 -7.037D-03  1.854D-01
 -3.858D-04 -6.045D-01
 -4.274D-06  7.982D-01
 -1.655D-05 -2.007D-01
 -1.162D-05 -4.013D-02
 -5.011D-05 -4.801D-01
 -2.508D-05 -3.679D-01
 -1.073D-04 -5.157D-01
 -4.442D-05 -5.093D-01
 -1.949D-04 -4.821D-01
 -6.942D-05 -5.833D-01
 -3.241D-04 -4.183D-01
 -9.978D-05 -6.298D-01
 -5.138D-04 -3.386D-01
 -1.351D-04 -6.647D-01
 -7.966D-04 -2.501D-01
 -1.749D-04 -6.954D-01
 -1.234D-03 -1.568D-01
 -2.181D-04 -7.270D-01
 -1.959D-03 -6.103D-02
 -2.637D-04 -7.642D-01
 -3.324D-03  3.648D-02
 -3.092D-04 -8.141D-01
 -6.823D-03  1.381D-01
 -3.495D-04 -8.768D-01
 -6.487D-06  2.443D-01
 -6.226D-06  2.466D-01
 -2.580D-05 -5.844D-01
 -1.493D-05 -3.836D-01
 -6.303D-05 -7.387D-01
 -2.865D-05 -6.539D-01
 -1.220D-04 -7.339D-01
 -4.723D-05 -7.873D-01
 -2.096D-04 -6.711D-01
 -7.047D-05 -8.654D-01
 -3.367D-04 -5.811D-01
 -9.811D-05 -9.193D-01
 -5.216D-04 -4.770D-01
 -1.297D-04 -9.511D-01
 -7.959D-04 -3.663D-01
 -1.645D-04 -9.699D-01
 -1.219D-03 -2.531D-01
 -2.020D-04 -9.893D-01
 -1.918D-03 -1.398D-01
 -2.407D-04 -1.012D+00
 -3.234D-03 -2.659D-02
 -2.788D-04 -1.044D+00
 -6.603D-03  8.931D-02
 -3.114D-04 -1.095D+00
 -3.474D-06  7.971D-01
 -1.193D-05 -4.884D-01
 -8.516D-06 -2.451D-01
 -3.522D-05 -9.698D-01
 -1.789D-05 -7.629D-01
 -7.447D-05 -1.018D+00
 -3.137D-05 -9.976D-01
 -1.342D-04 -9.899D-01
 -4.863D-05 -1.073D+00
 -2.209D-04 -8.981D-01
 -6.960D-05 -1.119D+00
 -3.450D-04 -7.722D-01
 -9.405D-05 -1.152D+00
 -5.245D-04 -6.358D-01
 -1.216D-04 -1.178D+00
 -7.896D-04 -4.966D-01
 -1.518D-04 -1.204D+00
 -1.197D-03 -3.589D-01
 -1.839D-04 -1.231D+00
 -1.871D-03 -2.244D-01
 -2.168D-04 -1.262D+00
 -3.137D-03 -9.299D-02
 -2.484D-04 -1.287D+00
 -6.377D-03  3.911D-02
 -2.747D-04 -1.328D+00
 -4.950D-06  1.541D-01
 -4.754D-06  1.567D-01
 -1.822D-05 -1.065D+00
 -1.076D-05 -7.587D-01
 -4.343D-05 -1.234D+00
 -2.016D-05 -1.133D+00
 -8.334D-05 -1.238D+00
 -3.275D-05 -1.272D+00
 -1.423D-04 -1.181D+00
 -4.847D-05 -1.347D+00
 -2.274D-04 -1.096D+00
 -6.715D-05 -1.381D+00
 -3.494D-04 -9.972D-01
 -8.855D-05 -1.406D+00
 -5.228D-04 -8.213D-01
 -1.124D-04 -1.426D+00
 -7.782D-04 -6.447D-01
 -1.381D-04 -1.446D+00
 -1.171D-03 -4.759D-01
 -1.652D-04 -1.467D+00
 -1.818D-03 -3.158D-01
 -1.926D-04 -1.493D+00
 -3.034D-03 -1.631D-01
 -2.185D-04 -1.530D+00
 -6.149D-03 -1.261D-02
 -2.394D-04 -1.589D+00
 -2.865D-06  7.957D-01
 -8.621D-06 -9.061D-01
 -6.268D-06 -5.133D-01
 -2.406D-05 -1.428D+00
 -1.260D-05 -1.229D+00
 -5.018D-05 -1.492D+00
 -2.151D-05 -1.452D+00
 -8.981D-05 -1.465D+00
 -3.302D-05 -1.549D+00
 -1.474D-04 -1.399D+00
 -4.703D-05 -1.608D+00
 -2.297D-04 -1.294D+00
 -6.337D-05 -1.649D+00
 -3.471D-04 -1.162D+00
 -8.182D-05 -1.681D+00
 -5.167D-04 -1.026D+00
 -1.021D-04 -1.706D+00
 -7.626D-04 -8.154D-01
 -1.239D-04 -1.728D+00
 -1.139D-03 -6.067D-01
 -1.466D-04 -1.752D+00
 -1.760D-03 -4.152D-01
 -1.693D-04 -1.783D+00
 -2.928D-03 -2.373D-01
 -1.905D-04 -1.827D+00
 -5.918D-03 -6.593D-02
 -2.070D-04 -1.904D+00
 -3.812D-06  5.472D-02
 -3.663D-06  5.752D-02
 -1.251D-05 -1.521D+00
 -7.680D-06 -1.208D+00
 -2.901D-05 -1.754D+00
 -1.377D-05 -1.605D+00
 -5.516D-05 -1.769D+00
 -2.202D-05 -1.786D+00
 -9.378D-05 -1.706D+00
 -3.238D-05 -1.879D+00
 -1.493D-04 -1.604D+00
 -4.472D-05 -1.939D+00
 -2.282D-04 -1.486D+00
 -5.888D-05 -1.983D+00
 -3.410D-04 -1.358D+00
 -7.469D-05 -2.020D+00
 -5.033D-04 -1.183D+00
 -9.188D-05 -2.053D+00
 -7.435D-04 -1.016D+00
 -1.101D-04 -2.088D+00
 -1.104D-03 -7.546D-01
 -1.288D-04 -2.129D+00
 -1.699D-03 -5.239D-01
 -1.475D-04 -2.181D+00
 -2.818D-03 -3.161D-01
 -1.636D-04 -2.168D+00
 -5.687D-03 -1.209D-01
 -1.708D-04 -1.890D+00
 -2.394D-06  7.942D-01
 -6.121D-06 -1.340D+00
 -4.624D-06 -8.884D-01
 -1.604D-05 -1.994D+00
 -8.623D-06 -1.707D+00
 -3.300D-05 -2.127D+00
 -1.440D-05 -2.029D+00
 -5.866D-05 -2.091D+00
 -2.190D-05 -2.216D+00
 -9.578D-05 -1.984D+00
 -3.108D-05 -2.337D+00
 -1.485D-04 -1.849D+00
 -4.119D-05 -2.229D+00
 -2.235D-04 -1.696D+00
 -5.237D-05 -2.106D+00
 -3.309D-04 -1.530D+00
 -6.458D-05 -2.007D+00
 -4.863D-04 -1.368D+00
 -7.752D-05 -1.916D+00
 -7.157D-04 -1.159D+00
 -9.083D-05 -1.826D+00
 -1.066D-03 -9.242D-01
 -1.040D-04 -1.732D+00
 -1.634D-03 -6.437D-01
 -1.161D-04 -1.627D+00
 -2.706D-03 -4.001D-01
 -1.259D-04 -1.504D+00
 -5.457D-03 -1.778D-01
 -1.313D-04 -1.357D+00
 -2.958D-06 -5.583D-02
 -2.843D-06 -5.268D-02
 -8.400D-06 -2.120D+00
 -5.339D-06 -1.655D+00
 -1.827D-05 -2.077D+00
 -9.210D-06 -2.280D+00
 -3.409D-05 -2.009D+00
 -1.380D-05 -1.989D+00
 -5.875D-05 -2.147D+00
 -1.944D-05 -1.770D+00
 -9.594D-05 -2.362D+00
 -2.619D-05 -1.656D+00
 -1.458D-04 -2.146D+00
 -3.392D-05 -1.581D+00
 -2.165D-04 -1.935D+00
 -4.248D-05 -1.523D+00
 -3.176D-04 -1.735D+00
 -5.183D-05 -1.474D+00
 -4.653D-04 -1.529D+00
 -6.166D-05 -1.428D+00
 -6.846D-04 -1.323D+00
 -7.162D-05 -1.347D+00
 -1.023D-03 -1.090D+00
 -8.113D-05 -1.166D+00
 -1.568D-03 -7.773D-01
 -8.969D-05 -9.617D-01
 -2.593D-03 -4.902D-01
 -9.622D-05 -7.149D-01
 -5.229D-03 -2.366D-01
 -9.847D-05 -3.847D-01
 -2.022D-06  7.925D-01
 -4.241D-06 -1.802D+00
 -3.367D-06 -1.288D+00
 -9.394D-06 -1.681D+00
 -5.771D-06 -2.361D+00
 -1.833D-05 -1.525D+00
 -8.374D-06 -1.630D+00
 -3.252D-05 -1.543D+00
 -1.205D-05 -1.419D+00
 -5.416D-05 -1.641D+00
 -1.648D-05 -1.085D+00
 -8.698D-05 -1.834D+00
 -2.165D-05 -8.838D-01
 -1.372D-04 -2.172D+00
 -2.746D-05 -7.386D-01
 -2.076D-04 -2.240D+00
 -3.380D-05 -6.184D-01
 -3.027D-04 -1.961D+00
 -4.054D-05 -5.078D-01
 -4.415D-04 -1.717D+00
 -4.749D-05 -3.974D-01
 -6.502D-04 -1.482D+00
 -5.443D-05 -2.811D-01
 -9.728D-04 -1.227D+00
 -6.119D-05 -1.575D-01
 -1.501D-03 -9.278D-01
 -6.713D-05 -1.256D-02
 -2.480D-03 -5.874D-01
 -7.178D-05  2.086D-01
 -5.003D-03 -2.976D-01
 -7.412D-05  6.193D-01
 -2.308D-06 -1.803D-01
 -2.219D-06 -1.767D-01
 -4.838D-06 -1.595D+00
 -3.644D-06 -2.282D+00
 -9.519D-06 -6.815D-01
 -5.097D-06 -1.402D+00
 -1.748D-05 -5.570D-01
 -7.248D-06 -5.984D-01
 -2.996D-05 -7.048D-01
 -1.002D-05 -2.647D-01
 -4.904D-05 -1.024D+00
 -1.339D-05 -8.563D-02
 -7.804D-05 -1.508D+00
 -1.725D-05  4.593D-02
 -1.212D-04 -1.705D+00
 -2.170D-05  2.088D-01
 -1.888D-04 -2.080D+00
 -2.652D-05  3.493D-01
 -2.861D-04 -2.252D+00
 -3.162D-05  4.825D-01
 -4.166D-04 -1.925D+00
 -3.687D-05  6.185D-01
 -6.132D-04 -1.644D+00
 -4.209D-05  7.657D-01
 -9.212D-04 -1.385D+00
 -4.702D-05  9.334D-01
 -1.431D-03 -1.090D+00
 -5.130D-05  1.133D+00
 -2.367D-03 -6.928D-01
 -5.457D-05  1.372D+00
 -4.781D-03 -3.610D-01
 -5.532D-05  1.712D+00
 -1.726D-06  7.906D-01
 -2.850D-06 -2.293D+00
 -2.401D-06 -1.691D+00
 -4.830D-06 -1.213D-01
 -3.142D-06 -1.151D+00
 -9.273D-06  3.725D-01
 -4.320D-06 -5.373D-02
 -1.630D-05  3.427D-01
 -6.176D-06  5.624D-01
 -2.680D-05  6.173D-02
 -8.427D-06  8.944D-01
 -4.293D-05 -2.444D-01
 -1.104D-05  1.104D+00
 -6.790D-05 -6.541D-01
 -1.403D-05  1.247D+00
 -1.064D-04 -1.252D+00
 -1.731D-05  1.366D+00
 -1.648D-04 -1.676D+00
 -2.082D-05  1.474D+00
 -2.584D-04 -2.127D+00
 -2.448D-05  1.581D+00
 -3.905D-04 -2.179D+00
 -2.838D-05  1.700D+00
 -5.749D-04 -1.830D+00
 -3.261D-05  1.839D+00
 -8.670D-04 -1.524D+00
 -3.673D-05  2.001D+00
 -1.354D-03 -1.209D+00
 -4.048D-05  2.198D+00
 -2.255D-03 -8.080D-01
 -4.336D-05  2.456D+00
 -4.563D-03 -4.271D-01
 -4.478D-05  2.803D+00
 -1.809D-06 -3.226D-01
 -1.740D-06 -3.185D-01
 -2.520D-06  2.208D-02
 -2.102D-06 -1.553D+00
 -4.861D-06  1.309D+00
 -2.654D-06  5.136D-01
 -8.816D-06  1.474D+00
 -3.744D-06  1.364D+00
 -1.496D-05  1.349D+00
 -5.252D-06  1.766D+00
 -2.418D-05  1.064D+00
 -7.179D-06  2.021D+00
 -3.808D-05  6.202D-01
 -9.375D-06  2.197D+00
 -5.834D-05  1.743D-02
 -1.182D-05  2.335D+00
 -9.090D-05 -4.844D-01
 -1.448D-05  2.456D+00
 -1.431D-04 -1.191D+00
 -1.737D-05  2.560D+00
 -2.241D-04 -1.728D+00
 -2.041D-05  2.665D+00
 -3.598D-04 -2.339D+00
 -2.351D-05  2.778D+00
 -5.368D-04 -2.036D+00
 -2.656D-05  2.906D+00
 -8.116D-04 -1.675D+00
 -2.940D-05  3.057D+00
 -1.276D-03 -1.343D+00
 -3.293D-05  3.204D+00
 -2.144D-03 -9.351D-01
 -3.642D-05  3.389D+00
 -4.349D-03 -4.961D-01
 -3.889D-05  3.675D+00
 -1.485D-06  7.885D-01
 -1.600D-06 -1.178D+00
 -1.686D-06 -2.231D+00
 -2.602D-06  1.955D+00
 -1.662D-06  7.056D-01
 -5.036D-06  2.493D+00
 -2.358D-06  2.032D+00
 -8.773D-06  2.498D+00
 -3.413D-06  2.614D+00
 -1.425D-05  2.287D+00
 -4.688D-06  2.918D+00
 -2.203D-05  1.932D+00
 -6.243D-06  3.101D+00
 -3.301D-05  1.471D+00
 -8.202D-06  3.206D+00
 -5.096D-05  9.332D-01
 -1.039D-05  3.295D+00
 -7.803D-05  2.071D-01
 -1.278D-05  3.377D+00
 -1.212D-04 -4.736D-01
 -1.536D-05  3.458D+00
 -1.941D-04 -1.338D+00
 -1.810D-05  3.544D+00
 -3.106D-04 -1.882D+00
 -2.093D-05  3.640D+00
 -4.983D-04 -2.297D+00
 -2.379D-05  3.751D+00
 -7.564D-04 -1.845D+00
 -2.656D-05  3.886D+00
 -1.198D-03 -1.479D+00
 -2.902D-05  4.058D+00
 -2.036D-03 -1.077D+00
 -3.177D-05  4.231D+00
 -4.141D-03 -5.685D-01
 -3.582D-05  4.370D+00
 -1.423D-06 -4.889D-01
 -1.369D-06 -4.840D-01
 -1.397D-06  2.078D+00
 -1.130D-06  1.185D-01
 -2.895D-06  3.245D+00
 -1.485D-06  2.515D+00
 -5.416D-06  3.404D+00
 -2.264D-06  3.266D+00
 -8.925D-06  3.324D+00
 -3.349D-06  3.598D+00
 -1.353D-05  3.128D+00
 -4.602D-06  3.811D+00
 -2.026D-05  2.794D+00
 -6.026D-06  3.963D+00
 -3.033D-05  2.325D+00
 -7.614D-06  4.084D+00
 -4.434D-05  1.720D+00
 -9.378D-06  4.184D+00
 -6.705D-05  1.051D+00
 -1.163D-05  4.212D+00
 -1.035D-04  1.879D-01
 -1.411D-05  4.245D+00
 -1.641D-04 -6.232D-01
 -1.679D-05  4.284D+00
 -2.690D-04 -1.611D+00
 -1.965D-05  4.333D+00
 -4.474D-04 -2.226D+00
 -2.264D-05  4.396D+00
 -7.027D-04 -2.030D+00
 -2.570D-05  4.477D+00
 -1.120D-03 -1.604D+00
 -2.868D-05  4.590D+00
 -1.922D-03 -1.192D+00
 -3.129D-05  4.758D+00
 -3.939D-03 -6.447D-01
 -3.582D-05  4.812D+00
 -1.289D-06  7.862D-01
 -8.722D-07  5.600D-01
 -1.038D-06 -1.715D+00
 -1.674D-06  3.726D+00
 -9.486D-07  2.633D+00
 -3.325D-06  4.184D+00
 -1.526D-06  3.776D+00
 -5.812D-06  4.193D+00
 -2.335D-06  4.213D+00
 -8.997D-06  4.107D+00
 -3.497D-06  4.343D+00
 -1.377D-05  3.822D+00
 -4.829D-06  4.447D+00
 -2.004D-05  3.472D+00
 -6.339D-06  4.531D+00
 -2.760D-05  3.085D+00
 -8.023D-06  4.604D+00
 -4.009D-05  2.528D+00
 -9.872D-06  4.672D+00
 -5.851D-05  1.806D+00
 -1.187D-05  4.741D+00
 -8.846D-05  9.974D-01
 -1.398D-05  4.815D+00
 -1.385D-04 -5.072D-02
 -1.659D-05  4.831D+00
 -2.292D-04 -9.729D-01
 -1.983D-05  4.798D+00
 -3.858D-04 -1.844D+00
 -2.341D-05  4.772D+00
 -6.495D-04 -2.259D+00
 -2.733D-05  4.758D+00
 -1.042D-03 -1.746D+00
 -3.155D-05  4.759D+00
 -1.808D-03 -1.300D+00
 -3.596D-05  4.790D+00
 -3.742D-03 -7.252D-01
 -4.055D-05  4.857D+00
 -1.122D-06 -6.882D-01
 -1.080D-06 -6.822D-01
 -9.121D-07  3.776D+00
 -6.450D-07  2.037D+00
 -2.235D-06  4.558D+00
 -9.863D-07  4.154D+00
 -4.154D-06  4.719D+00
 -1.753D-06  4.558D+00
 -6.827D-06  4.665D+00
 -2.622D-06  4.827D+00
 -1.035D-05  4.512D+00
 -3.986D-06  4.763D+00
 -1.466D-05  4.323D+00
 -5.560D-06  4.745D+00
 -1.928D-05  4.150D+00
 -7.357D-06  4.742D+00
 -2.715D-05  3.712D+00
 -9.382D-06  4.747D+00
 -3.720D-05  3.203D+00
 -1.164D-05  4.757D+00
 -5.217D-05  2.572D+00
 -1.412D-05  4.770D+00
 -7.640D-05  1.716D+00
 -1.682D-05  4.789D+00
 -1.189D-04  7.547D-01
 -1.972D-05  4.815D+00
 -1.930D-04 -3.815D-01
 -2.280D-05  4.850D+00
 -3.344D-04 -1.615D+00
 -2.739D-05  4.745D+00
 -5.944D-04 -2.412D+00
 -3.339D-05  4.574D+00
 -9.674D-04 -1.896D+00
 -4.064D-05  4.393D+00
 -1.697D-03 -1.419D+00
 -4.962D-05  4.192D+00
 -3.551D-03 -8.107D-01
 -6.137D-05  3.955D+00
 -1.126D-06  7.838D-01
 -5.087D-07  2.396D+00
 -5.930D-07 -3.896D-01
 -1.398D-06  4.767D+00
 -6.566D-07  4.164D+00
 -3.322D-06  4.740D+00
 -1.299D-06  4.759D+00
 -5.813D-06  4.747D+00
 -2.331D-06  4.748D+00
 -8.868D-06  4.727D+00
 -3.508D-06  4.825D+00
 -1.226D-05  4.723D+00
 -5.180D-06  4.711D+00
 -1.541D-05  4.793D+00
 -7.352D-06  4.553D+00
 -2.093D-05  4.516D+00
 -9.881D-06  4.440D+00
 -2.718D-05  4.224D+00
 -1.280D-05  4.350D+00
 -3.533D-05  3.831D+00
 -1.613D-05  4.272D+00
 -4.834D-05  3.208D+00
 -1.993D-05  4.199D+00
 -6.798D-05  2.457D+00
 -2.425D-05  4.127D+00
 -1.001D-04  1.440D+00
 -2.915D-05  4.054D+00
 -1.647D-04  2.717D-01
 -3.472D-05  3.978D+00
 -2.838D-04 -9.454D-01
 -4.107D-05  3.897D+00
 -5.124D-04 -1.998D+00
 -4.838D-05  3.807D+00
 -8.952D-04 -2.063D+00
 -5.691D-05  3.706D+00
 -1.587D-03 -1.530D+00
 -6.708D-05  3.588D+00
 -3.367D-03 -9.020D-01
 -7.983D-05  3.441D+00
 -8.858D-07 -9.355D-01
 -8.526D-07 -9.280D-01
 -7.761D-07  4.746D+00
 -4.302D-07  3.639D+00
 -2.670D-06  4.483D+00
 -9.782D-07  4.713D+00
 -5.662D-06  4.248D+00
 -2.074D-06  4.507D+00
 -9.047D-06  4.285D+00
 -3.824D-06  4.135D+00
 -1.236D-05  4.462D+00
 -5.950D-06  3.960D+00
 -1.486D-05  4.794D+00
 -8.473D-06  3.856D+00
 -1.931D-05  4.727D+00
 -1.141D-05  3.783D+00
 -2.359D-05  4.699D+00
 -1.478D-05  3.727D+00
 -2.778D-05  4.656D+00
 -1.862D-05  3.679D+00
 -3.590D-05  4.257D+00
 -2.294D-05  3.635D+00
 -4.534D-05  3.816D+00
 -2.779D-05  3.592D+00
 -6.159D-05  3.092D+00
 -3.322D-05  3.548D+00
 -8.967D-05  2.165D+00
 -3.927D-05  3.503D+00
 -1.399D-04  9.866D-01
 -4.603D-05  3.455D+00
 -2.394D-04 -3.995D-01
 -5.360D-05  3.402D+00
 -4.439D-04 -1.734D+00
 -6.214D-05  3.343D+00
 -8.249D-04 -2.266D+00
 -7.186D-05  3.275D+00
 -1.479D-03 -1.636D+00
 -8.317D-05  3.194D+00
 -3.189D-03 -9.999D-01
 -9.691D-05  3.090D+00
 -9.894D-07  7.812D-01
 -3.455D-07  3.923D+00
 -3.414D-07  1.275D+00
 -2.043D-06  4.036D+00
 -6.495D-07  4.700D+00
 -5.306D-06  3.670D+00
 -1.899D-06  4.017D+00
 -9.432D-06  3.627D+00
 -3.731D-06  3.661D+00
 -1.412D-05  3.685D+00
 -6.000D-06  3.508D+00
 -1.893D-05  3.813D+00
 -8.720D-06  3.421D+00
 -2.324D-05  4.018D+00
 -1.190D-05  3.364D+00
 -2.616D-05  4.337D+00
 -1.557D-05  3.321D+00
 -2.703D-05  4.786D+00
 -1.973D-05  3.286D+00
 -3.252D-05  4.671D+00
 -2.441D-05  3.255D+00
 -3.561D-05  4.708D+00
 -2.964D-05  3.225D+00
 -4.564D-05  4.223D+00
 -3.545D-05  3.196D+00
 -5.819D-05  3.658D+00
 -4.187D-05  3.166D+00
 -7.794D-05  2.835D+00
 -4.897D-05  3.134D+00
 -1.205D-04  1.642D+00
 -5.681D-05  3.099D+00
 -2.044D-04  2.232D-01
 -6.547D-05  3.061D+00
 -3.816D-04 -1.303D+00
 -7.511D-05  3.017D+00
 -7.621D-04 -2.515D+00
 -8.592D-05  2.967D+00
 -1.375D-03 -1.754D+00
 -9.826D-05  2.906D+00
 -3.018D-03 -1.106D+00
 -1.129D-04  2.828D+00
 -6.976D-07 -1.210D+00
 -6.718D-07 -1.205D+00
 -1.118D-06  4.042D+00
 -3.414D-07  4.760D+00
 -4.255D-06  3.334D+00
 -1.497D-06  3.770D+00
 -8.575D-06  3.230D+00
 -3.310D-06  3.352D+00
 -1.388D-05  3.237D+00
 -5.609D-06  3.195D+00
 -1.986D-05  3.296D+00
 -8.405D-06  3.114D+00
 -2.610D-05  3.397D+00
 -1.171D-05  3.063D+00
 -3.203D-05  3.548D+00
 -1.553D-05  3.028D+00
 -3.686D-05  3.765D+00
 -1.988D-05  2.999D+00
 -3.945D-05  4.091D+00
 -2.478D-05  2.975D+00
 -3.794D-05  4.632D+00
 -3.025D-05  2.952D+00
 -4.205D-05  4.650D+00
 -3.631D-05  2.931D+00
 -4.502D-05  4.650D+00
 -4.299D-05  2.909D+00
 -5.629D-05  4.122D+00
 -5.033D-05  2.886D+00
 -7.470D-05  3.357D+00
 -5.837D-05  2.861D+00
 -1.067D-04  2.318D+00
 -6.717D-05  2.835D+00
 -1.741D-04  9.004D-01
 -7.683D-05  2.805D+00
 -3.231D-04 -7.243D-01
 -8.745D-05  2.771D+00
 -6.612D-04 -2.141D+00
 -9.922D-05  2.732D+00
 -1.275D-03 -1.878D+00
 -1.125D-04  2.684D+00
 -2.851D-03 -1.214D+00
 -1.279D-04  2.622D+00
 -8.747D-07  7.785D-01
 -3.129D-07  4.681D+00
 -2.133D-07  2.919D+00
 -2.928D-06  3.151D+00
 -9.911D-07  3.750D+00
 -7.072D-06  2.963D+00
 -2.706D-06  3.146D+00
 -1.250D-05  2.935D+00
 -4.945D-06  2.967D+00
 -1.900D-05  2.958D+00
 -7.720D-06  2.883D+00
 -2.626D-05  3.013D+00
 -1.104D-05  2.834D+00
 -3.390D-05  3.097D+00
 -1.491D-05  2.801D+00
 -4.135D-05  3.216D+00
 -1.934D-05  2.777D+00
 -4.791D-05  3.380D+00
 -2.434D-05  2.757D+00
 -5.255D-05  3.613D+00
 -2.994D-05  2.738D+00
 -5.380D-05  3.963D+00
 -3.614D-05  2.721D+00
 -4.918D-05  4.557D+00
 -4.297D-05  2.704D+00
 -5.190D-05  4.621D+00
 -5.045D-05  2.687D+00
 -5.648D-05  4.483D+00
 -5.861D-05  2.669D+00
 -6.743D-05  3.952D+00
 -6.750D-05  2.649D+00
 -9.429D-05  2.922D+00
 -7.718D-05  2.628D+00
 -1.489D-04  1.516D+00
 -8.771D-05  2.604D+00
 -2.736D-04 -2.662D-01
 -9.921D-05  2.576D+00
 -5.741D-04 -1.861D+00
 -1.118D-04  2.544D+00
 -1.180D-03 -2.008D+00
 -1.259D-04  2.505D+00
 -2.683D-03 -1.291D+00
 -1.420D-04  2.455D+00
 -5.431D-07 -1.451D+00
 -5.232D-07 -1.443D+00
 -1.596D-06  3.162D+00
 -4.616D-07  4.254D+00
 -5.301D-06  2.782D+00
 -2.021D-06  3.029D+00
 -1.051D-05  2.716D+00
 -4.129D-06  2.797D+00
 -1.706D-05  2.715D+00
 -6.804D-06  2.703D+00
 -2.476D-05  2.744D+00
 -1.005D-05  2.653D+00
 -3.329D-05  2.794D+00
 -1.388D-05  2.621D+00
 -4.228D-05  2.866D+00
 -1.830D-05  2.598D+00
 -5.120D-05  2.963D+00
 -2.331D-05  2.580D+00
 -5.938D-05  3.094D+00
 -2.893D-05  2.565D+00
 -6.586D-05  3.274D+00
 -3.517D-05  2.551D+00
 -6.935D-05  3.531D+00
 -4.205D-05  2.537D+00
 -6.786D-05  3.925D+00
 -4.958D-05  2.523D+00
 -5.786D-05  4.637D+00
 -5.779D-05  2.509D+00
 -6.107D-05  4.599D+00
 -6.671D-05  2.494D+00
 -6.965D-05  4.231D+00
 -7.637D-05  2.478D+00
 -8.950D-05  3.423D+00
 -8.683D-05  2.459D+00
 -1.322D-04  2.164D+00
 -9.815D-05  2.439D+00
 -2.357D-04  4.082D-01
 -1.104D-04  2.416D+00
 -4.997D-04 -1.650D+00
 -1.238D-04  2.389D+00
 -1.089D-03 -2.159D+00
 -1.386D-04  2.357D+00
 -2.520D-03 -1.374D+00
 -1.553D-04  2.314D+00
 -7.773D-07  7.755D-01
 -4.364D-07  4.027D+00
 -1.653D-07  4.115D+00
 -3.522D-06  2.676D+00
 -1.328D-06  3.023D+00
 -8.255D-06  2.554D+00
 -3.250D-06  2.675D+00
 -1.455D-05  2.532D+00
 -5.763D-06  2.561D+00
 -2.224D-05  2.542D+00
 -8.874D-06  2.505D+00
 -3.112D-05  2.572D+00
 -1.259D-05  2.473D+00
 -4.090D-05  2.617D+00
 -1.691D-05  2.451D+00
 -5.120D-05  2.680D+00
 -2.185D-05  2.434D+00
 -6.153D-05  2.762D+00
 -2.742D-05  2.420D+00
 -7.123D-05  2.870D+00
 -3.362D-05  2.408D+00
 -7.943D-05  3.015D+00
 -4.046D-05  2.397D+00
 -8.492D-05  3.216D+00
 -4.797D-05  2.385D+00
 -8.594D-05  3.508D+00
 -5.615D-05  2.374D+00
 -7.976D-05  3.978D+00
 -6.502D-05  2.362D+00
 -6.679D-05  4.654D+00
 -7.462D-05  2.349D+00
 -6.669D-05  4.656D+00
 -8.498D-05  2.335D+00
 -8.149D-05  3.960D+00
 -9.613D-05  2.319D+00
 -1.146D-04  2.765D+00
 -1.081D-04  2.302D+00
 -2.009D-04  1.008D+00
 -1.211D-04  2.282D+00
 -4.266D-04 -1.060D+00
 -1.352D-04  2.259D+00
 -1.004D-03 -2.336D+00
 -1.505D-04  2.231D+00
 -2.364D-03 -1.464D+00
 -1.678D-04  2.195D+00
 -4.191D-07 -1.672D+00
 -4.039D-07 -1.665D+00
 -1.919D-06  2.686D+00
 -6.832D-07  3.275D+00
 -5.999D-06  2.436D+00
 -2.375D-06  2.603D+00
 -1.179D-05  2.389D+00
 -4.678D-06  2.449D+00
 -1.917D-05  2.385D+00
 -7.598D-06  2.384D+00
 -2.799D-05  2.401D+00
 -1.114D-05  2.349D+00
 -3.803D-05  2.429D+00
 -1.531D-05  2.327D+00
 -4.902D-05  2.471D+00
 -2.011D-05  2.311D+00
 -6.059D-05  2.525D+00
 -2.555D-05  2.298D+00
 -7.227D-05  2.596D+00
 -3.164D-05  2.287D+00
 -8.343D-05  2.688D+00
 -3.838D-05  2.277D+00
 -9.323D-05  2.808D+00
 -4.578D-05  2.267D+00
 -1.006D-04  2.971D+00
 -5.386D-05  2.257D+00
 -1.038D-04  3.201D+00
 -6.264D-05  2.247D+00
 -1.005D-04  3.549D+00
 -7.212D-05  2.237D+00
 -8.673D-05  4.156D+00
 -8.233D-05  2.225D+00
 -7.712D-05  4.552D+00
 -9.331D-05  2.213D+00
 -8.347D-05  4.225D+00
 -1.051D-04  2.199D+00
 -1.095D-04  3.229D+00
 -1.177D-04  2.184D+00
 -1.748D-04  1.596D+00
 -1.313D-04  2.167D+00
 -3.643D-04 -5.881D-01
 -1.459D-04  2.146D+00
 -9.261D-04 -2.550D+00
 -1.618D-04  2.122D+00
 -2.214D-03 -1.550D+00
 -1.795D-04  2.090D+00
 -6.941D-07  7.724D-01
 -6.137D-07  3.174D+00
 -1.608D-07  4.598D+00
 -3.917D-06  2.365D+00
 -1.557D-06  2.601D+00
 -9.027D-06  2.277D+00
 -3.611D-06  2.366D+00
 -1.587D-05  2.259D+00
 -6.298D-06  2.285D+00
 -2.434D-05  2.264D+00
 -9.622D-06  2.245D+00
 -3.426D-05  2.281D+00
 -1.359D-05  2.221D+00
 -4.544D-05  2.309D+00
 -1.820D-05  2.205D+00
 -5.760D-05  2.346D+00
 -2.345D-05  2.192D+00
 -7.039D-05  2.394D+00
 -2.937D-05  2.182D+00
 -8.336D-05  2.456D+00
 -3.594D-05  2.173D+00
 -9.589D-05  2.535D+00
 -4.319D-05  2.164D+00
 -1.072D-04  2.637D+00
 -5.111D-05  2.156D+00
 -1.162D-04  2.773D+00
 -5.972D-05  2.147D+00
 -1.215D-04  2.961D+00
 -6.904D-05  2.138D+00
 -1.208D-04  3.234D+00
 -7.907D-05  2.129D+00
 -1.106D-04  3.675D+00
 -8.983D-05  2.119D+00
 -8.422D-05  4.560D+00
 -1.014D-04  2.108D+00
 -8.070D-05  4.590D+00
 -1.137D-04  2.095D+00
 -9.897D-05  3.760D+00
 -1.269D-04  2.082D+00
 -1.548D-04  2.189D+00
 -1.410D-04  2.066D+00
 -3.118D-04 -1.054D-01
 -1.561D-04  2.048D+00
 -8.099D-04 -2.232D+00
 -1.725D-04  2.026D+00
 -2.069D-03 -1.624D+00
 -1.905D-04  1.999D+00
 -3.210D-07 -1.927D+00
 -3.095D-07 -1.919D+00
 -2.134D-06  2.374D+00
 -8.333D-07  2.763D+00
 -6.445D-06  2.193D+00
 -2.610D-06  2.316D+00
 -1.259D-05  2.156D+00
 -5.031D-06  2.204D+00
 -2.049D-05  2.152D+00
 -8.099D-06  2.156D+00
 -3.002D-05  2.160D+00
 -1.182D-05  2.129D+00
 -4.103D-05  2.178D+00
 -1.619D-05  2.113D+00
 -5.331D-05  2.204D+00
 -2.122D-05  2.100D+00
 -6.659D-05  2.238D+00
 -2.692D-05  2.090D+00
 -8.055D-05  2.281D+00
 -3.328D-05  2.082D+00
 -9.473D-05  2.335D+00
 -4.031D-05  2.074D+00
 -1.086D-04  2.404D+00
 -4.803D-05  2.067D+00
 -1.213D-04  2.492D+00
 -5.643D-05  2.059D+00
 -1.319D-04  2.608D+00
 -6.552D-05  2.051D+00
 -1.390D-04  2.765D+00
 -7.533D-05  2.043D+00
 -1.406D-04  2.988D+00
 -8.585D-05  2.035D+00
 -1.335D-04  3.331D+00
 -9.711D-05  2.025D+00
 -1.123D-04  3.941D+00
 -1.091D-04  2.015D+00
 -9.156D-05  4.505D+00
 -1.220D-04  2.004D+00
 -9.896D-05  4.052D+00
 -1.356D-04  1.992D+00
 -1.352D-04  2.742D+00
 -1.502D-04  1.977D+00
 -2.689D-04  5.060D-01
 -1.657D-04  1.961D+00
 -7.090D-04 -1.970D+00
 -1.825D-04  1.942D+00
 -1.930D-03 -1.704D+00
 -2.008D-04  1.917D+00
 -6.224D-07  7.692D-01
 -7.348D-07  2.702D+00
 -2.260D-07  3.846D+00
 -4.165D-06  2.141D+00
 -1.710D-06  2.316D+00
 -9.494D-06  2.074D+00
 -3.839D-06  2.143D+00
 -1.667D-05  2.058D+00
 -6.624D-06  2.081D+00
 -2.560D-05  2.060D+00
 -1.007D-05  2.050D+00
 -3.617D-05  2.071D+00
 -1.417D-05  2.032D+00
 -4.822D-05  2.088D+00
 -1.894D-05  2.019D+00
 -6.156D-05  2.112D+00
 -2.438D-05  2.009D+00
 -7.593D-05  2.143D+00
 -3.048D-05  2.001D+00
 -9.099D-05  2.181D+00
 -3.726D-05  1.994D+00
 -1.063D-04  2.230D+00
 -4.473D-05  1.987D+00
 -1.214D-04  2.290D+00
 -5.287D-05  1.980D+00
 -1.355D-04  2.368D+00
 -6.171D-05  1.974D+00
 -1.476D-04  2.468D+00
 -7.125D-05  1.967D+00
 -1.564D-04  2.602D+00
 -8.149D-05  1.959D+00
 -1.600D-04  2.788D+00
 -9.246D-05  1.951D+00
 -1.556D-04  3.065D+00
 -1.042D-04  1.942D+00
 -1.384D-04  3.527D+00
 -1.166D-04  1.933D+00
 -9.870D-05  4.523D+00
 -1.299D-04  1.923D+00
 -9.571D-05  4.402D+00
 -1.439D-04  1.911D+00
 -1.286D-04  3.178D+00
 -1.589D-04  1.898D+00
 -2.303D-04  1.038D+00
 -1.748D-04  1.883D+00
 -6.222D-04 -1.788D+00
 -1.919D-04  1.865D+00
 -1.797D-03 -1.790D+00
 -2.104D-04  1.843D+00
 -2.443D-07 -2.256D+00
 -2.356D-07 -2.245D+00
 -2.271D-06  2.149D+00
 -9.353D-07  2.431D+00
 -6.704D-06  2.010D+00
 -2.756D-06  2.105D+00
 -1.304D-05  1.980D+00
 -5.237D-06  2.019D+00
 -2.123D-05  1.975D+00
 -8.381D-06  1.982D+00
 -3.117D-05  1.980D+00
 -1.219D-05  1.961D+00
 -4.275D-05  1.991D+00
 -1.667D-05  1.947D+00
 -5.581D-05  2.008D+00
 -2.181D-05  1.937D+00
 -7.016D-05  2.030D+00
 -2.763D-05  1.929D+00
 -8.555D-05  2.058D+00
 -3.413D-05  1.922D+00
 -1.017D-04  2.093D+00
 -4.130D-05  1.916D+00
 -1.181D-04  2.136D+00
 -4.916D-05  1.910D+00
 -1.343D-04  2.190D+00
 -5.770D-05  1.904D+00
 -1.497D-04  2.258D+00
 -6.694D-05  1.897D+00
 -1.632D-04  2.346D+00
 -7.688D-05  1.891D+00
 -1.736D-04  2.462D+00
 -8.752D-05  1.884D+00
 -1.791D-04  2.621D+00
 -9.888D-05  1.876D+00
 -1.770D-04  2.852D+00
 -1.110D-04  1.868D+00
 -1.632D-04  3.219D+00
 -1.238D-04  1.859D+00
 -1.298D-04  3.920D+00
 -1.374D-04  1.849D+00
 -1.025D-04  4.453D+00
 -1.518D-04  1.839D+00
 -1.162D-04  3.678D+00
 -1.671D-04  1.827D+00
 -2.030D-04  1.587D+00
 -1.834D-04  1.813D+00
 -5.389D-04 -1.357D+00
 -2.007D-04  1.796D+00
 -1.671D-03 -1.875D+00
 -2.194D-04  1.776D+00
 -5.604D-07  7.658D-01
 -8.169D-07  2.389D+00
 -3.030D-07  3.101D+00
 -4.304D-06  1.970D+00
 -1.805D-06  2.105D+00
 -9.735D-06  1.915D+00
 -3.967D-06  1.971D+00
 -1.707D-05  1.902D+00
 -6.794D-06  1.922D+00
 -2.624D-05  1.902D+00
 -1.029D-05  1.898D+00
 -3.716D-05  1.909D+00
 -1.445D-05  1.883D+00
 -4.970D-05  1.920D+00
 -1.929D-05  1.873D+00
 -6.373D-05  1.936D+00
 -2.479D-05  1.865D+00
 -7.905D-05  1.957D+00
 -3.097D-05  1.858D+00
 -9.542D-05  1.982D+00
 -3.783D-05  1.852D+00
 -1.125D-04  2.014D+00
 -4.537D-05  1.846D+00
 -1.300D-04  2.053D+00
 -5.359D-05  1.840D+00
 -1.473D-04  2.101D+00
 -6.250D-05  1.834D+00
 -1.638D-04  2.162D+00
 -7.210D-05  1.828D+00
 -1.786D-04  2.239D+00
 -8.240D-05  1.822D+00
 -1.905D-04  2.340D+00
 -9.340D-05  1.815D+00
 -1.978D-04  2.478D+00
 -1.051D-04  1.808D+00
 -1.979D-04  2.674D+00
 -1.175D-04  1.801D+00
 -1.870D-04  2.976D+00
 -1.307D-04  1.792D+00
 -1.583D-04  3.513D+00
 -1.446D-04  1.783D+00
 -1.093D-04  4.492D+00
 -1.594D-04  1.773D+00
 -1.152D-04  3.958D+00
 -1.749D-04  1.761D+00
 -1.802D-04  2.124D+00
 -1.914D-04  1.748D+00
 -4.652D-04 -8.995D-01
 -2.089D-04  1.733D+00
 -1.553D-03 -1.961D+00
 -2.278D-04  1.714D+00
 -1.734D-07 -1.977D+00
 -1.677D-07 -1.993D+00
 -2.349D-06  1.976D+00
 -1.002D-06  2.193D+00
 -6.823D-06  1.865D+00
 -2.835D-06  1.942D+00
 -1.323D-05  1.840D+00
 -5.334D-06  1.873D+00
 -2.154D-05  1.835D+00
 -8.499D-06  1.842D+00
 -3.166D-05  1.837D+00
 -1.233D-05  1.825D+00
 -4.352D-05  1.845D+00
 -1.684D-05  1.814D+00
 -5.700D-05  1.856D+00
 -2.201D-05  1.806D+00
 -7.195D-05  1.871D+00
 -2.786D-05  1.799D+00
 -8.818D-05  1.890D+00
 -3.438D-05  1.793D+00
 -1.055D-04  1.913D+00
 -4.158D-05  1.788D+00
 -1.235D-04  1.942D+00
 -4.945D-05  1.783D+00
 -1.419D-04  1.977D+00
 -5.801D-05  1.777D+00
 -1.603D-04  2.021D+00
 -6.725D-05  1.772D+00
 -1.779D-04  2.075D+00
 -7.718D-05  1.766D+00
 -1.939D-04  2.144D+00
 -8.780D-05  1.760D+00
 -2.071D-04  2.233D+00
 -9.912D-05  1.753D+00
 -2.160D-04  2.354D+00
 -1.111D-04  1.746D+00
 -2.182D-04  2.523D+00
 -1.239D-04  1.739D+00
 -2.099D-04  2.777D+00
 -1.373D-04  1.731D+00
 -1.851D-04  3.208D+00
 -1.515D-04  1.722D+00
 -1.308D-04  4.156D+00
 -1.665D-04  1.712D+00
 -1.117D-04  4.274D+00
 -1.823D-04  1.702D+00
 -1.576D-04  2.637D+00
 -1.990D-04  1.689D+00
 -4.006D-04 -5.140D-01
 -2.166D-04  1.675D+00
 -1.440D-03 -2.056D+00
 -2.356D-04  1.657D+00
 -5.064D-07  7.622D-01
 -8.701D-07  2.162D+00
 -3.564D-07  2.664D+00
 -4.361D-06  1.832D+00
 -1.857D-06  1.942D+00
 -9.807D-06  1.788D+00
 -4.019D-06  1.834D+00
 -1.718D-05  1.776D+00
 -6.847D-06  1.794D+00
 -2.642D-05  1.775D+00
 -1.034D-05  1.774D+00
 -3.747D-05  1.779D+00
 -1.450D-05  1.761D+00
 -5.023D-05  1.786D+00
 -1.933D-05  1.753D+00
 -6.459D-05  1.797D+00
 -2.483D-05  1.746D+00
 -8.041D-05  1.811D+00
 -3.100D-05  1.740D+00
 -9.751D-05  1.829D+00
 -3.784D-05  1.735D+00
 -1.157D-04  1.850D+00
 -4.535D-05  1.730D+00
 -1.346D-04  1.876D+00
 -5.354D-05  1.725D+00
 -1.539D-04  1.908D+00
 -6.240D-05  1.719D+00
 -1.732D-04  1.947D+00
 -7.194D-05  1.714D+00
 -1.918D-04  1.996D+00
 -8.216D-05  1.709D+00
 -2.089D-04  2.058D+00
 -9.307D-05  1.703D+00
 -2.234D-04  2.138D+00
 -1.047D-04  1.696D+00
 -2.338D-04  2.244D+00
 -1.170D-04  1.690D+00
 -2.378D-04  2.392D+00
 -1.299D-04  1.682D+00
 -2.320D-04  2.610D+00
 -1.436D-04  1.675D+00
 -2.106D-04  2.967D+00
 -1.581D-04  1.666D+00
 -1.627D-04  3.680D+00
 -1.732D-04  1.657D+00
 -1.154D-04  4.393D+00
 -1.892D-04  1.646D+00
 -1.499D-04  3.036D+00
 -2.060D-04  1.635D+00
 -3.480D-04 -1.668D-02
 -2.238D-04  1.621D+00
 -1.332D-03 -2.160D+00
 -2.428D-04  1.604D+00
 -1.185D-07 -1.370D+00
 -1.146D-07 -1.401D+00
 -2.382D-06  1.838D+00
 -1.042D-06  2.010D+00
 -6.837D-06  1.746D+00
 -2.864D-06  1.810D+00
 -1.323D-05  1.725D+00
 -5.348D-06  1.753D+00
 -2.153D-05  1.719D+00
 -8.495D-06  1.728D+00
 -3.168D-05  1.721D+00
 -1.230D-05  1.713D+00
 -4.361D-05  1.725D+00
 -1.678D-05  1.704D+00
 -5.723D-05  1.733D+00
 -2.192D-05  1.697D+00
 -7.243D-05  1.743D+00
 -2.772D-05  1.691D+00
 -8.907D-05  1.757D+00
 -3.419D-05  1.686D+00
 -1.070D-04  1.773D+00
 -4.132D-05  1.681D+00
 -1.259D-04  1.792D+00
 -4.913D-05  1.676D+00
 -1.457D-04  1.816D+00
 -5.760D-05  1.671D+00
 -1.658D-04  1.845D+00
 -6.674D-05  1.666D+00
 -1.860D-04  1.881D+00
 -7.656D-05  1.661D+00
 -2.055D-04  1.925D+00
 -8.704D-05  1.656D+00
 -2.237D-04  1.981D+00
 -9.820D-05  1.650D+00
 -2.394D-04  2.052D+00
 -1.100D-04  1.644D+00
 -2.512D-04  2.147D+00
 -1.226D-04  1.637D+00
 -2.569D-04  2.277D+00
 -1.358D-04  1.630D+00
 -2.533D-04  2.466D+00
 -1.497D-04  1.622D+00
 -2.349D-04  2.768D+00
 -1.643D-04  1.614D+00
 -1.921D-04  3.336D+00
 -1.796D-04  1.605D+00
 -1.240D-04  4.390D+00
 -1.957D-04  1.595D+00
 -1.364D-04  3.490D+00
 -2.127D-04  1.584D+00
 -3.032D-04  4.977D-01
 -2.305D-04  1.571D+00
 -1.234D-03 -2.275D+00
 -2.495D-04  1.555D+00
 -4.592D-07  7.584D-01
 -9.013D-07  1.986D+00
 -3.930D-07  2.366D+00
 -4.357D-06  1.719D+00
 -1.877D-06  1.809D+00
 -9.753D-06  1.681D+00
 -4.016D-06  1.721D+00
 -1.707D-05  1.671D+00
 -6.812D-06  1.687D+00
 -2.626D-05  1.669D+00
 -1.027D-05  1.670D+00
 -3.728D-05  1.671D+00
 -1.438D-05  1.659D+00
 -5.005D-05  1.676D+00
 -1.915D-05  1.652D+00
 -6.449D-05  1.684D+00
 -2.458D-05  1.646D+00
 -8.048D-05  1.694D+00
 -3.067D-05  1.641D+00
 -9.790D-05  1.706D+00
 -3.742D-05  1.636D+00
 -1.166D-04  1.721D+00
 -4.483D-05  1.631D+00
 -1.363D-04  1.739D+00
 -5.290D-05  1.627D+00
 -1.568D-04  1.760D+00
 -6.164D-05  1.622D+00
 -1.777D-04  1.787D+00
 -7.103D-05  1.617D+00
 -1.987D-04  1.819D+00
 -8.109D-05  1.612D+00
 -2.191D-04  1.859D+00
 -9.180D-05  1.607D+00
 -2.382D-04  1.910D+00
 -1.032D-04  1.601D+00
 -2.549D-04  1.974D+00
 -1.152D-04  1.595D+00
 -2.680D-04  2.059D+00
 -1.279D-04  1.588D+00
 -2.753D-04  2.175D+00
 -1.413D-04  1.581D+00
 -2.737D-04  2.341D+00
 -1.554D-04  1.574D+00
 -2.582D-04  2.601D+00
 -1.702D-04  1.566D+00
 -2.197D-04  3.068D+00
 -1.856D-04  1.557D+00
 -1.372D-04  4.266D+00
 -2.018D-04  1.547D+00
 -1.314D-04  3.801D+00
 -2.188D-04  1.536D+00
 -2.615D-04  9.673D-01
 -2.367D-04  1.524D+00
 -1.141D-03 -2.406D+00
 -2.557D-04  1.509D+00
 -7.874D-08 -3.611D-01
 -7.620D-08 -3.814D-01
 -2.382D-06  1.723D+00
 -1.061D-06  1.865D+00
 -6.773D-06  1.646D+00
 -2.856D-06  1.700D+00
 -1.308D-05  1.628D+00
 -5.302D-06  1.652D+00
 -2.129D-05  1.623D+00
 -8.399D-06  1.631D+00
 -3.134D-05  1.623D+00
 -1.215D-05  1.619D+00
 -4.318D-05  1.626D+00
 -1.655D-05  1.610D+00
 -5.675D-05  1.631D+00
 -2.161D-05  1.604D+00
 -7.196D-05  1.638D+00
 -2.731D-05  1.599D+00
 -8.870D-05  1.647D+00
 -3.367D-05  1.594D+00
 -1.068D-04  1.658D+00
 -4.068D-05  1.590D+00
 -1.262D-04  1.672D+00
 -4.835D-05  1.585D+00
 -1.466D-04  1.689D+00
 -5.666D-05  1.581D+00
 -1.678D-04  1.708D+00
 -6.563D-05  1.576D+00
 -1.895D-04  1.733D+00
 -7.525D-05  1.571D+00
 -2.111D-04  1.762D+00
 -8.552D-05  1.566D+00
 -2.323D-04  1.799D+00
 -9.644D-05  1.561D+00
 -2.523D-04  1.844D+00
 -1.080D-04  1.555D+00
 -2.701D-04  1.903D+00
 -1.202D-04  1.549D+00
 -2.843D-04  1.979D+00
 -1.331D-04  1.543D+00
 -2.931D-04  2.083D+00
 -1.466D-04  1.536D+00
 -2.934D-04  2.231D+00
 -1.608D-04  1.528D+00
 -2.804D-04  2.457D+00
 -1.757D-04  1.520D+00
 -2.459D-04  2.851D+00
 -1.913D-04  1.512D+00
 -1.716D-04  3.755D+00
 -2.075D-04  1.502D+00
 -1.290D-04  4.061D+00
 -2.246D-04  1.491D+00
 -2.326D-04  1.459D+00
 -2.425D-04  1.479D+00
 -1.054D-03 -2.557D+00
 -2.614D-04  1.465D+00
 -4.178D-07  7.545D-01
 -9.159D-07  1.845D+00
 -4.170D-07  2.144D+00
 -4.307D-06  1.623D+00
 -1.872D-06  1.699D+00
 -9.607D-06  1.590D+00
 -3.970D-06  1.624D+00
 -1.680D-05  1.581D+00
 -6.712D-06  1.596D+00
 -2.585D-05  1.579D+00
 -1.010D-05  1.581D+00
 -3.672D-05  1.580D+00
 -1.413D-05  1.572D+00
 -4.935D-05  1.583D+00
 -1.881D-05  1.565D+00
 -6.368D-05  1.588D+00
 -2.413D-05  1.560D+00
 -7.962D-05  1.595D+00
 -3.010D-05  1.555D+00
 -9.706D-05  1.604D+00
 -3.670D-05  1.551D+00
 -1.159D-04  1.614D+00
 -4.396D-05  1.546D+00
 -1.359D-04  1.627D+00
 -5.185D-05  1.542D+00
 -1.570D-04  1.642D+00
 -6.039D-05  1.538D+00
 -1.788D-04  1.660D+00
 -6.957D-05  1.533D+00
 -2.011D-04  1.682D+00
 -7.939D-05  1.528D+00
 -2.234D-04  1.709D+00
 -8.985D-05  1.523D+00
 -2.453D-04  1.742D+00
 -1.009D-04  1.518D+00
 -2.661D-04  1.784D+00
 -1.127D-04  1.512D+00
 -2.848D-04  1.837D+00
 -1.251D-04  1.506D+00
 -3.001D-04  1.906D+00
 -1.381D-04  1.500D+00
 -3.102D-04  2.000D+00
 -1.517D-04  1.493D+00
 -3.122D-04  2.132D+00
 -1.660D-04  1.486D+00
 -3.017D-04  2.331D+00
 -1.810D-04  1.478D+00
 -2.706D-04  2.669D+00
 -1.966D-04  1.469D+00
 -2.029D-04  3.392D+00
 -2.129D-04  1.460D+00
 -1.241D-04  4.345D+00
 -2.299D-04  1.449D+00
 -2.083D-04  1.931D+00
 -2.478D-04  1.438D+00
 -9.411D-04 -2.366D+00
 -2.666D-04  1.424D+00
 -5.366D-08  7.826D-01
 -5.190D-08  7.571D-01
 -2.357D-06  1.626D+00
 -1.065D-06  1.745D+00
 -6.653D-06  1.560D+00
 -2.819D-06  1.606D+00
 -1.283D-05  1.544D+00
 -5.210D-06  1.566D+00
 -2.087D-05  1.539D+00
 -8.237D-06  1.547D+00
 -3.073D-05  1.538D+00
 -1.190D-05  1.536D+00
 -4.238D-05  1.540D+00
 -1.620D-05  1.529D+00
 -5.576D-05  1.544D+00
 -2.114D-05  1.523D+00
 -7.080D-05  1.549D+00
 -2.671D-05  1.519D+00
 -8.742D-05  1.555D+00
 -3.292D-05  1.514D+00
 -1.055D-04  1.563D+00
 -3.976D-05  1.510D+00
 -1.249D-04  1.572D+00
 -4.723D-05  1.506D+00
 -1.456D-04  1.584D+00
 -5.534D-05  1.502D+00
 -1.672D-04  1.598D+00
 -6.408D-05  1.497D+00
 -1.896D-04  1.615D+00
 -7.345D-05  1.493D+00
 -2.125D-04  1.635D+00
 -8.344D-05  1.488D+00
 -2.355D-04  1.660D+00
 -9.407D-05  1.483D+00
 -2.580D-04  1.690D+00
 -1.053D-04  1.478D+00
 -2.795D-04  1.728D+00
 -1.172D-04  1.472D+00
 -2.991D-04  1.776D+00
 -1.297D-04  1.466D+00
 -3.154D-04  1.839D+00
 -1.428D-04  1.459D+00
 -3.267D-04  1.924D+00
 -1.565D-04  1.453D+00
 -3.303D-04  2.042D+00
 -1.709D-04  1.445D+00
 -3.219D-04  2.220D+00
 -1.859D-04  1.437D+00
 -2.941D-04  2.514D+00
 -2.015D-04  1.429D+00
 -2.319D-04  3.111D+00
 -2.178D-04  1.419D+00
 -1.360D-04  4.268D+00
 -2.348D-04  1.409D+00
 -1.832D-04  2.393D+00
 -2.526D-04  1.398D+00
 -8.379D-04 -2.136D+00
 -2.714D-04  1.384D+00
 -3.812D-07  7.505D-01
 -9.178D-07  1.727D+00
 -4.313D-07  1.971D+00
 -4.223D-06  1.540D+00
 -1.849D-06  1.605D+00
 -9.394D-06  1.512D+00
 -3.894D-06  1.541D+00
 -1.642D-05  1.503D+00
 -6.566D-06  1.516D+00
 -2.526D-05  1.501D+00
 -9.866D-06  1.504D+00
 -3.590D-05  1.501D+00
 -1.379D-05  1.495D+00
 -4.829D-05  1.503D+00
 -1.835D-05  1.489D+00
 -6.237D-05  1.506D+00
 -2.353D-05  1.485D+00
 -7.808D-05  1.511D+00
 -2.934D-05  1.480D+00
 -9.533D-05  1.517D+00
 -3.577D-05  1.476D+00
 -1.140D-04  1.524D+00
 -4.282D-05  1.472D+00
 -1.340D-04  1.533D+00
 -5.050D-05  1.468D+00
 -1.552D-04  1.544D+00
 -5.880D-05  1.464D+00
 -1.774D-04  1.556D+00
 -6.772D-05  1.459D+00
 -2.004D-04  1.572D+00
 -7.725D-05  1.455D+00
 -2.238D-04  1.590D+00
 -8.740D-05  1.450D+00
 -2.473D-04  1.613D+00
 -9.816D-05  1.445D+00
 -2.704D-04  1.641D+00
 -1.095D-04  1.439D+00
 -2.926D-04  1.676D+00
 -1.215D-04  1.434D+00
 -3.128D-04  1.720D+00
 -1.341D-04  1.428D+00
 -3.301D-04  1.777D+00
 -1.473D-04  1.421D+00
 -3.425D-04  1.854D+00
 -1.611D-04  1.414D+00
 -3.476D-04  1.961D+00
 -1.755D-04  1.407D+00
 -3.412D-04  2.120D+00
 -1.905D-04  1.399D+00
 -3.163D-04  2.379D+00
 -2.062D-04  1.390D+00
 -2.590D-04  2.884D+00
 -2.225D-04  1.381D+00
 -1.396D-04  4.348D+00
 -2.394D-04  1.371D+00
 -1.722D-04  2.762D+00
 -2.571D-04  1.360D+00
 -7.458D-04 -1.955D+00
 -2.757D-04  1.347D+00
 -3.810D-08  1.872D+00
 -3.677D-08  1.848D+00
 -2.314D-06  1.542D+00
 -1.057D-06  1.643D+00
 -6.491D-06  1.485D+00
 -2.763D-06  1.525D+00
 -1.250D-05  1.471D+00
 -5.086D-06  1.490D+00
 -2.033D-05  1.466D+00
 -8.028D-06  1.474D+00
 -2.995D-05  1.465D+00
 -1.159D-05  1.464D+00
 -4.132D-05  1.466D+00
 -1.577D-05  1.458D+00
 -5.441D-05  1.468D+00
 -2.056D-05  1.452D+00
 -6.915D-05  1.471D+00
 -2.597D-05  1.448D+00
 -8.548D-05  1.475D+00
 -3.200D-05  1.444D+00
 -1.033D-04  1.481D+00
 -3.864D-05  1.440D+00
 -1.226D-04  1.488D+00
 -4.589D-05  1.436D+00
 -1.431D-04  1.496D+00
 -5.375D-05  1.432D+00
 -1.648D-04  1.505D+00
 -6.222D-05  1.428D+00
 -1.875D-04  1.517D+00
 -7.130D-05  1.423D+00
 -2.109D-04  1.531D+00
 -8.098D-05  1.419D+00
 -2.348D-04  1.548D+00
 -9.126D-05  1.414D+00
 -2.588D-04  1.569D+00
 -1.021D-04  1.409D+00
 -2.825D-04  1.594D+00
 -1.136D-04  1.403D+00
 -3.052D-04  1.626D+00
 -1.257D-04  1.397D+00
 -3.261D-04  1.667D+00
 -1.383D-04  1.391D+00
 -3.442D-04  1.719D+00
 -1.516D-04  1.385D+00
 -3.576D-04  1.789D+00
 -1.654D-04  1.378D+00
 -3.641D-04  1.887D+00
 -1.799D-04  1.370D+00
 -3.596D-04  2.030D+00
 -1.949D-04  1.362D+00
 -3.374D-04  2.260D+00
 -2.105D-04  1.354D+00
 -2.845D-04  2.695D+00
 -2.267D-04  1.345D+00
 -1.682D-04  3.934D+00
 -2.436D-04  1.335D+00
 -1.594D-04  3.148D+00
 -2.612D-04  1.324D+00
 -6.625D-04 -1.813D+00
 -2.796D-04  1.311D+00
 -3.487D-07  7.463D-01
 -9.101D-07  1.628D+00
 -4.382D-07  1.831D+00
 -4.116D-06  1.467D+00
 -1.813D-06  1.523D+00
 -9.134D-06  1.442D+00
 -3.795D-06  1.468D+00
 -1.595D-05  1.434D+00
 -6.386D-06  1.446D+00
 -2.455D-05  1.432D+00
 -9.585D-06  1.435D+00
 -3.490D-05  1.431D+00
 -1.339D-05  1.428D+00
 -4.696D-05  1.432D+00
 -1.781D-05  1.422D+00
 -6.070D-05  1.435D+00
 -2.283D-05  1.418D+00
 -7.606D-05  1.438D+00
 -2.845D-05  1.414D+00
 -9.297D-05  1.442D+00
 -3.468D-05  1.410D+00
 -1.114D-04  1.447D+00
 -4.151D-05  1.406D+00
 -1.311D-04  1.453D+00
 -4.894D-05  1.402D+00
 -1.522D-04  1.460D+00
 -5.697D-05  1.398D+00
 -1.743D-04  1.469D+00
 -6.559D-05  1.394D+00
 -1.974D-04  1.480D+00
 -7.481D-05  1.389D+00
 -2.213D-04  1.493D+00
 -8.462D-05  1.384D+00
 -2.456D-04  1.508D+00
 -9.501D-05  1.379D+00
 -2.700D-04  1.527D+00
 -1.060D-04  1.374D+00
 -2.942D-04  1.551D+00
 -1.175D-04  1.369D+00
 -3.174D-04  1.580D+00
 -1.297D-04  1.363D+00
 -3.389D-04  1.617D+00
 -1.424D-04  1.356D+00
 -3.577D-04  1.665D+00
 -1.557D-04  1.350D+00
 -3.721D-04  1.730D+00
 -1.695D-04  1.343D+00
 -3.798D-04  1.818D+00
 -1.839D-04  1.335D+00
 -3.770D-04  1.948D+00
 -1.989D-04  1.327D+00
 -3.573D-04  2.154D+00
 -2.145D-04  1.319D+00
 -3.085D-04  2.534D+00
 -2.307D-04  1.310D+00
 -2.011D-04  3.522D+00
 -2.474D-04  1.300D+00
 -1.440D-04  3.562D+00
 -2.649D-04  1.289D+00
 -5.839D-04 -1.416D+00
 -2.831D-04  1.276D+00
 -2.860D-08  2.858D+00
 -2.753D-08  2.839D+00
 -2.257D-06  1.468D+00
 -1.041D-06  1.555D+00
 -6.301D-06  1.418D+00
 -2.691D-06  1.453D+00
 -1.212D-05  1.405D+00
 -4.939D-06  1.422D+00
 -1.971D-05  1.401D+00
 -7.785D-06  1.408D+00
 -2.904D-05  1.399D+00
 -1.123D-05  1.400D+00
 -4.008D-05  1.400D+00
 -1.527D-05  1.394D+00
 -5.280D-05  1.401D+00
 -1.990D-05  1.389D+00
 -6.715D-05  1.403D+00
 -2.514D-05  1.385D+00
 -8.308D-05  1.406D+00
 -3.096D-05  1.381D+00
 -1.005D-04  1.409D+00
 -3.737D-05  1.377D+00
 -1.194D-04  1.414D+00
 -4.438D-05  1.373D+00
 -1.397D-04  1.420D+00
 -5.197D-05  1.369D+00
 -1.611D-04  1.426D+00
 -6.015D-05  1.365D+00
 -1.837D-04  1.434D+00
 -6.891D-05  1.361D+00
 -2.072D-04  1.444D+00
 -7.825D-05  1.356D+00
 -2.314D-04  1.456D+00
 -8.816D-05  1.352D+00
 -2.561D-04  1.470D+00
 -9.865D-05  1.347D+00
 -2.809D-04  1.488D+00
 -1.097D-04  1.341D+00
 -3.055D-04  1.509D+00
 -1.213D-04  1.336D+00
 -3.292D-04  1.536D+00
 -1.335D-04  1.330D+00
 -3.513D-04  1.570D+00
 -1.462D-04  1.323D+00
 -3.707D-04  1.615D+00
 -1.595D-04  1.317D+00
 -3.859D-04  1.673D+00
 -1.734D-04  1.309D+00
 -3.948D-04  1.755D+00
 -1.878D-04  1.302D+00
 -3.936D-04  1.873D+00
 -2.027D-04  1.294D+00
 -3.762D-04  2.058D+00
 -2.182D-04  1.285D+00
 -3.310D-04  2.394D+00
 -2.343D-04  1.276D+00
 -2.312D-04  3.212D+00
 -2.509D-04  1.266D+00
 -1.449D-04  3.737D+00
 -2.682D-04  1.255D+00
 -5.149D-04 -1.056D+00
 -2.862D-04  1.243D+00
 -3.199D-07  7.419D-01
 -8.953D-07  1.541D+00
 -4.393D-07  1.713D+00
 -3.992D-06  1.402D+00
 -1.767D-06  1.451D+00
 -8.840D-06  1.380D+00
 -3.681D-06  1.403D+00
 -1.543D-05  1.373D+00
 -6.183D-06  1.384D+00
 -2.375D-05  1.370D+00
 -9.272D-06  1.373D+00
 -3.377D-05  1.369D+00
 -1.295D-05  1.367D+00
 -4.546D-05  1.370D+00
 -1.721D-05  1.362D+00
 -5.879D-05  1.371D+00
 -2.205D-05  1.358D+00
 -7.371D-05  1.373D+00
 -2.748D-05  1.354D+00
 -9.018D-05  1.375D+00
 -3.349D-05  1.350D+00
 -1.081D-04  1.379D+00
 -4.007D-05  1.346D+00
 -1.275D-04  1.383D+00
 -4.724D-05  1.342D+00
 -1.481D-04  1.388D+00
 -5.498D-05  1.338D+00
 -1.700D-04  1.394D+00
 -6.329D-05  1.334D+00
 -1.929D-04  1.401D+00
 -7.216D-05  1.330D+00
 -2.168D-04  1.410D+00
 -8.161D-05  1.325D+00
 -2.413D-04  1.421D+00
 -9.161D-05  1.320D+00
 -2.664D-04  1.434D+00
 -1.022D-04  1.315D+00
 -2.915D-04  1.450D+00
 -1.133D-04  1.310D+00
 -3.164D-04  1.470D+00
 -1.249D-04  1.304D+00
 -3.405D-04  1.494D+00
 -1.372D-04  1.298D+00
 -3.631D-04  1.526D+00
 -1.499D-04  1.291D+00
 -3.831D-04  1.567D+00
 -1.632D-04  1.285D+00
 -3.991D-04  1.621D+00
 -1.770D-04  1.277D+00
 -4.090D-04  1.695D+00
 -1.913D-04  1.270D+00
 -4.092D-04  1.803D+00
 -2.062D-04  1.262D+00
 -3.940D-04  1.972D+00
 -2.216D-04  1.253D+00
 -3.523D-04  2.270D+00
 -2.376D-04  1.244D+00
 -2.589D-04  2.964D+00
 -2.541D-04  1.234D+00
 -1.393D-04  4.002D+00
 -2.712D-04  1.223D+00
 -4.521D-04 -7.341D-01
 -2.890D-04  1.211D+00
 -2.280D-08  3.711D+00
 -2.188D-08  3.703D+00
 -2.191D-06  1.402D+00
 -1.018D-06  1.478D+00
 -6.090D-06  1.358D+00
 -2.609D-06  1.389D+00
 -1.171D-05  1.347D+00
 -4.776D-06  1.362D+00
 -1.903D-05  1.342D+00
 -7.519D-06  1.349D+00
 -2.804D-05  1.341D+00
 -1.084D-05  1.341D+00
 -3.871D-05  1.340D+00
 -1.473D-05  1.336D+00
 -5.102D-05  1.341D+00
 -1.920D-05  1.332D+00
 -6.492D-05  1.342D+00
 -2.424D-05  1.328D+00
 -8.037D-05  1.344D+00
 -2.985D-05  1.324D+00
 -9.733D-05  1.346D+00
 -3.602D-05  1.320D+00
 -1.157D-04  1.349D+00
 -4.277D-05  1.317D+00
 -1.355D-04  1.353D+00
 -5.008D-05  1.313D+00
 -1.565D-04  1.357D+00
 -5.794D-05  1.309D+00
 -1.788D-04  1.363D+00
 -6.637D-05  1.304D+00
 -2.020D-04  1.369D+00
 -7.535D-05  1.300D+00
 -2.262D-04  1.377D+00
 -8.488D-05  1.295D+00
 -2.510D-04  1.387D+00
 -9.496D-05  1.290D+00
 -2.763D-04  1.399D+00
 -1.056D-04  1.285D+00
 -3.018D-04  1.414D+00
 -1.167D-04  1.279D+00
 -3.269D-04  1.432D+00
 -1.284D-04  1.273D+00
 -3.514D-04  1.455D+00
 -1.406D-04  1.267D+00
 -3.743D-04  1.484D+00
 -1.534D-04  1.261D+00
 -3.949D-04  1.521D+00
 -1.666D-04  1.254D+00
 -4.116D-04  1.571D+00
 -1.804D-04  1.247D+00
 -4.224D-04  1.640D+00
 -1.947D-04  1.239D+00
 -4.240D-04  1.739D+00
 -2.095D-04  1.231D+00
 -4.108D-04  1.892D+00
 -2.248D-04  1.222D+00
 -3.723D-04  2.160D+00
 -2.406D-04  1.213D+00
 -2.847D-04  2.759D+00
 -2.569D-04  1.203D+00
 -1.384D-04  4.159D+00
 -2.739D-04  1.192D+00
 -3.966D-04 -3.980D-01
 -2.915D-04  1.180D+00
 -2.941D-07  7.374D-01
 -8.751D-07  1.465D+00
 -4.361D-07  1.613D+00
 -3.857D-06  1.343D+00
 -1.714D-06  1.386D+00
 -8.526D-06  1.323D+00
 -3.557D-06  1.344D+00
 -1.488D-05  1.317D+00
 -5.965D-06  1.327D+00
 -2.289D-05  1.314D+00
 -8.938D-06  1.318D+00
 -3.255D-05  1.313D+00
 -1.247D-05  1.312D+00
 -4.384D-05  1.313D+00
 -1.657D-05  1.307D+00
 -5.672D-05  1.313D+00
 -2.123D-05  1.303D+00
 -7.115D-05  1.314D+00
 -2.645D-05  1.299D+00
 -8.710D-05  1.316D+00
 -3.223D-05  1.296D+00
 -1.045D-04  1.318D+00
 -3.856D-05  1.292D+00
 -1.233D-04  1.321D+00
 -4.545D-05  1.288D+00
 -1.435D-04  1.324D+00
 -5.289D-05  1.284D+00
 -1.649D-04  1.328D+00
 -6.087D-05  1.280D+00
 -1.874D-04  1.333D+00
 -6.940D-05  1.276D+00
 -2.109D-04  1.339D+00
 -7.846D-05  1.271D+00
 -2.353D-04  1.346D+00
 -8.807D-05  1.266D+00
 -2.604D-04  1.355D+00
 -9.820D-05  1.261D+00
 -2.860D-04  1.366D+00
 -1.089D-04  1.256D+00
 -3.116D-04  1.379D+00
 -1.200D-04  1.250D+00
 -3.371D-04  1.396D+00
 -1.317D-04  1.244D+00
 -3.618D-04  1.417D+00
 -1.439D-04  1.238D+00
 -3.851D-04  1.444D+00
 -1.567D-04  1.231D+00
 -4.061D-04  1.478D+00
 -1.699D-04  1.224D+00
 -4.235D-04  1.525D+00
 -1.836D-04  1.217D+00
 -4.351D-04  1.588D+00
 -1.978D-04  1.209D+00
 -4.380D-04  1.679D+00
 -2.125D-04  1.201D+00
 -4.266D-04  1.819D+00
 -2.276D-04  1.192D+00
 -3.910D-04  2.061D+00
 -2.433D-04  1.183D+00
 -3.088D-04  2.586D+00
 -2.595D-04  1.173D+00
 -1.478D-04  4.115D+00
 -2.762D-04  1.162D+00
 -3.539D-04  2.940D-02
 -2.936D-04  1.150D+00
 -1.999D-08  4.305D+00
 -1.918D-08  4.300D+00
 -2.118D-06  1.343D+00
 -9.906D-07  1.409D+00
 -5.868D-06  1.303D+00
 -2.520D-06  1.331D+00
 -1.127D-05  1.293D+00
 -4.603D-06  1.307D+00
 -1.832D-05  1.289D+00
 -7.240D-06  1.295D+00
 -2.699D-05  1.287D+00
 -1.043D-05  1.288D+00
 -3.727D-05  1.287D+00
 -1.417D-05  1.283D+00
 -4.913D-05  1.287D+00
 -1.846D-05  1.279D+00
 -6.254D-05  1.287D+00
 -2.330D-05  1.275D+00
 -7.747D-05  1.288D+00
 -2.869D-05  1.272D+00
 -9.387D-05  1.289D+00
 -3.462D-05  1.268D+00
 -1.117D-04  1.291D+00
 -4.110D-05  1.265D+00
 -1.309D-04  1.293D+00
 -4.811D-05  1.261D+00
 -1.514D-04  1.296D+00
 -5.566D-05  1.257D+00
 -1.731D-04  1.299D+00
 -6.375D-05  1.253D+00
 -1.959D-04  1.304D+00
 -7.236D-05  1.248D+00
 -2.197D-04  1.309D+00
 -8.150D-05  1.243D+00
 -2.443D-04  1.316D+00
 -9.116D-05  1.238D+00
 -2.696D-04  1.324D+00
 -1.013D-04  1.233D+00
 -2.953D-04  1.334D+00
 -1.120D-04  1.228D+00
 -3.212D-04  1.346D+00
 -1.232D-04  1.222D+00
 -3.468D-04  1.361D+00
 -1.349D-04  1.216D+00
 -3.718D-04  1.381D+00
 -1.471D-04  1.209D+00
 -3.954D-04  1.405D+00
 -1.597D-04  1.203D+00
 -4.168D-04  1.437D+00
 -1.729D-04  1.195D+00
 -4.347D-04  1.480D+00
 -1.865D-04  1.188D+00
 -4.471D-04  1.539D+00
 -2.006D-04  1.180D+00
 -4.511D-04  1.622D+00
 -2.152D-04  1.172D+00
 -4.415D-04  1.751D+00
 -2.302D-04  1.163D+00
 -4.086D-04  1.971D+00
 -2.457D-04  1.154D+00
 -3.313D-04  2.435D+00
 -2.617D-04  1.143D+00
 -1.501D-04  4.191D+00
 -2.783D-04  1.133D+00
 -3.137D-04  4.232D-01
 -2.954D-04  1.121D+00
 -2.710D-07  7.327D-01
 -8.512D-07  1.398D+00
 -4.295D-07  1.526D+00
 -3.714D-06  1.289D+00
 -1.657D-06  1.328D+00
 -8.199D-06  1.272D+00
 -3.426D-06  1.290D+00
 -1.430D-05  1.266D+00
 -5.738D-06  1.275D+00
 -2.200D-05  1.263D+00
 -8.591D-06  1.267D+00
 -3.129D-05  1.262D+00
 -1.199D-05  1.261D+00
 -4.215D-05  1.261D+00
 -1.592D-05  1.257D+00
 -5.455D-05  1.261D+00
 -2.039D-05  1.253D+00
 -6.846D-05  1.262D+00
 -2.540D-05  1.249D+00
 -8.385D-05  1.262D+00
 -3.094D-05  1.246D+00
 -1.007D-04  1.263D+00
 -3.702D-05  1.242D+00
 -1.189D-04  1.265D+00
 -4.362D-05  1.238D+00
 -1.384D-04  1.267D+00
 -5.075D-05  1.234D+00
 -1.592D-04  1.269D+00
 -5.840D-05  1.230D+00
 -1.811D-04  1.272D+00
 -6.657D-05  1.226D+00
 -2.042D-04  1.276D+00
 -7.526D-05  1.221D+00
 -2.282D-04  1.281D+00
 -8.445D-05  1.217D+00
 -2.530D-04  1.286D+00
 -9.415D-05  1.212D+00
 -2.784D-04  1.294D+00
 -1.044D-04  1.206D+00
 -3.043D-04  1.303D+00
 -1.150D-04  1.201D+00
 -3.303D-04  1.314D+00
 -1.262D-04  1.195D+00
 -3.561D-04  1.328D+00
 -1.379D-04  1.188D+00
 -3.813D-04  1.346D+00
 -1.500D-04  1.182D+00
 -4.052D-04  1.369D+00
 -1.627D-04  1.175D+00
 -4.269D-04  1.398D+00
 -1.757D-04  1.168D+00
 -4.452D-04  1.438D+00
 -1.893D-04  1.160D+00
 -4.584D-04  1.492D+00
 -2.033D-04  1.152D+00
 -4.634D-04  1.569D+00
 -2.177D-04  1.144D+00
 -4.554D-04  1.688D+00
 -2.326D-04  1.135D+00
 -4.251D-04  1.889D+00
 -2.479D-04  1.125D+00
 -3.523D-04  2.303D+00
 -2.637D-04  1.115D+00
 -1.756D-04  3.833D+00
 -2.800D-04  1.104D+00
 -2.754D-04  8.008D-01
 -2.969D-04  1.092D+00
 -2.138D-08  4.296D+00
 -2.054D-08  4.289D+00
 -2.042D-06  1.288D+00
 -9.599D-07  1.347D+00
 -5.639D-06  1.253D+00
 -2.426D-06  1.278D+00
 -1.082D-05  1.244D+00
 -4.424D-06  1.256D+00
 -1.758D-05  1.240D+00
 -6.953D-06  1.246D+00
 -2.591D-05  1.238D+00
 -1.001D-05  1.240D+00
 -3.578D-05  1.237D+00
 -1.360D-05  1.235D+00
 -4.718D-05  1.237D+00
 -1.771D-05  1.231D+00
 -6.008D-05  1.237D+00
 -2.235D-05  1.227D+00
 -7.446D-05  1.237D+00
 -2.752D-05  1.224D+00
 -9.026D-05  1.237D+00
 -3.320D-05  1.220D+00
 -1.075D-04  1.238D+00
 -3.940D-05  1.217D+00
 -1.260D-04  1.239D+00
 -4.612D-05  1.213D+00
 -1.458D-04  1.241D+00
 -5.335D-05  1.209D+00
 -1.669D-04  1.243D+00
 -6.109D-05  1.205D+00
 -1.891D-04  1.245D+00
 -6.933D-05  1.200D+00
 -2.123D-04  1.249D+00
 -7.808D-05  1.196D+00
 -2.365D-04  1.253D+00
 -8.732D-05  1.191D+00
 -2.614D-04  1.258D+00
 -9.705D-05  1.185D+00
 -2.870D-04  1.265D+00
 -1.073D-04  1.180D+00
 -3.130D-04  1.273D+00
 -1.180D-04  1.174D+00
 -3.391D-04  1.283D+00
 -1.291D-04  1.168D+00
 -3.651D-04  1.296D+00
 -1.408D-04  1.162D+00
 -3.904D-04  1.312D+00
 -1.528D-04  1.155D+00
 -4.144D-04  1.333D+00
 -1.654D-04  1.148D+00
 -4.364D-04  1.361D+00
 -1.784D-04  1.141D+00
 -4.552D-04  1.397D+00
 -1.918D-04  1.133D+00
 -4.690D-04  1.448D+00
 -2.057D-04  1.125D+00
 -4.749D-04  1.519D+00
 -2.200D-04  1.116D+00
 -4.684D-04  1.629D+00
 -2.347D-04  1.107D+00
 -4.405D-04  1.813D+00
 -2.499D-04  1.097D+00
 -3.719D-04  2.186D+00
 -2.654D-04  1.087D+00
 -2.063D-04  3.445D+00
 -2.815D-04  1.076D+00
 -2.481D-04  1.193D+00
 -2.981D-04  1.064D+00
 -2.503D-07  7.278D-01
 -8.246D-07  1.336D+00
 -4.205D-07  1.448D+00
 -3.568D-06  1.240D+00
 -1.596D-06  1.274D+00
 -7.866D-06  1.224D+00
 -3.291D-06  1.241D+00
 -1.371D-05  1.219D+00
 -5.506D-06  1.227D+00
 -2.110D-05  1.216D+00
 -8.240D-06  1.219D+00
 -3.001D-05  1.214D+00
 -1.149D-05  1.214D+00
 -4.043D-05  1.214D+00
 -1.526D-05  1.210D+00
 -5.234D-05  1.213D+00
 -1.954D-05  1.206D+00
 -6.570D-05  1.213D+00
 -2.434D-05  1.203D+00
 -8.050D-05  1.213D+00
 -2.964D-05  1.199D+00
 -9.669D-05  1.213D+00
 -3.546D-05  1.196D+00
 -1.142D-04  1.214D+00
 -4.178D-05  1.192D+00
 -1.331D-04  1.215D+00
 -4.860D-05  1.188D+00
 -1.532D-04  1.216D+00
 -5.592D-05  1.184D+00
 -1.745D-04  1.218D+00
 -6.373D-05  1.180D+00
 -1.968D-04  1.220D+00
 -7.203D-05  1.175D+00
 -2.202D-04  1.223D+00
 -8.082D-05  1.171D+00
 -2.445D-04  1.226D+00
 -9.009D-05  1.165D+00
 -2.696D-04  1.231D+00
 -9.984D-05  1.160D+00
 -2.953D-04  1.236D+00
 -1.101D-04  1.154D+00
 -3.213D-04  1.244D+00
 -1.207D-04  1.149D+00
 -3.475D-04  1.253D+00
 -1.319D-04  1.142D+00
 -3.735D-04  1.265D+00
 -1.435D-04  1.136D+00
 -3.990D-04  1.280D+00
 -1.555D-04  1.129D+00
 -4.232D-04  1.299D+00
 -1.679D-04  1.122D+00
 -4.454D-04  1.325D+00
 -1.808D-04  1.114D+00
 -4.646D-04  1.359D+00
 -1.942D-04  1.106D+00
 -4.789D-04  1.405D+00
 -2.079D-04  1.098D+00
 -4.857D-04  1.472D+00
 -2.220D-04  1.089D+00
 -4.805D-04  1.573D+00
 -2.366D-04  1.080D+00
 -4.548D-04  1.742D+00
 -2.515D-04  1.070D+00
 -3.903D-04  2.080D+00
 -2.669D-04  1.060D+00
 -2.341D-04  3.148D+00
 -2.827D-04  1.049D+00
 -2.266D-04  1.561D+00
 -2.991D-04  1.037D+00
