 -5.132D-03  7.851D-01
 -2.911D-03  7.809D-01
 -4.633D-03  7.757D-01
 -1.305D-03  7.813D-01
 -3.767D-03  7.655D-01
 -4.258D-03  7.634D-01
 -8.811D-04  7.752D-01
 -1.539D-03  7.594D-01
 -4.511D-03  7.496D-01
 -3.939D-03  7.481D-01
 -5.433D-04  7.730D-01
 -1.212D-03  7.454D-01
 -1.685D-03  7.373D-01
 -5.133D-03  7.321D-01
 -3.656D-03  7.296D-01
 -4.010D-04  7.652D-01
 -7.091D-04  7.346D-01
 -1.523D-03  7.189D-01
 -1.765D-03  7.132D-01
 -5.644D-03  7.128D-01
 -3.401D-03  7.078D-01
 -2.822D-04  7.612D-01
 -5.696D-04  7.169D-01
 -8.403D-04  7.005D-01
 -1.804D-03  6.925D-01
 -1.798D-03  6.864D-01
 -6.058D-03  6.915D-01
 -3.170D-03  6.827D-01
 -2.200D-04  7.521D-01
 -3.868D-04  7.021D-01
 -7.338D-04  6.774D-01
 -9.369D-04  6.662D-01
 -2.050D-03  6.650D-01
 -1.796D-03  6.565D-01
 -6.386D-03  6.682D-01
 -2.957D-03  6.540D-01
 -1.665D-04  7.466D-01
 -3.173D-04  6.810D-01
 -4.780D-04  6.534D-01
 -8.863D-04  6.404D-01
 -1.003D-03  6.299D-01
 -2.263D-03  6.360D-01
 -1.771D-03  6.232D-01
 -6.640D-03  6.429D-01
 -2.761D-03  6.216D-01
 -1.347D-04  7.364D-01
 -2.336D-04  6.625D-01
 -4.144D-04  6.257D-01
 -5.522D-04  6.069D-01
 -1.024D-03  6.034D-01
 -1.045D-03  5.906D-01
 -2.444D-03  6.052D-01
 -1.729D-03  5.861D-01
 -6.830D-03  6.157D-01
 -2.578D-03  5.852D-01
 -1.068D-04  7.298D-01
 -1.950D-04  6.381D-01
 -2.954D-04  5.959D-01
 -5.063D-04  5.759D-01
 -6.093D-04  5.594D-01
 -1.147D-03  5.655D-01
 -1.066D-03  5.478D-01
 -2.594D-03  5.726D-01
 -1.675D-03  5.449D-01
 -6.963D-03  5.867D-01
 -2.407D-03  5.447D-01
 -8.868D-05  7.189D-01
 -1.509D-04  6.160D-01
 -2.563D-04  5.635D-01
 -3.485D-04  5.346D-01
 -5.906D-04  5.275D-01
 -6.507D-04  5.090D-01
 -1.253D-03  5.259D-01
 -1.070D-03  5.008D-01
 -2.716D-03  5.381D-01
 -1.613D-03  4.993D-01
 -7.046D-03  5.560D-01
 -2.246D-03  4.995D-01
 -7.265D-05  7.114D-01
 -1.278D-04  5.886D-01
 -1.931D-04  5.277D-01
 -3.149D-04  4.979D-01
 -3.917D-04  4.733D-01
 -6.661D-04  4.786D-01
 -6.782D-04  4.547D-01
 -1.343D-03  4.846D-01
 -1.062D-03  4.491D-01
 -2.812D-03  5.017D-01
 -1.544D-03  4.487D-01
 -7.086D-03  5.237D-01
 -2.094D-03  4.492D-01
 -6.153D-05  7.000D-01
 -1.023D-04  5.631D-01
 -1.680D-04  4.903D-01
 -2.305D-04  4.479D-01
 -3.692D-04  4.352D-01
 -4.250D-04  4.091D-01
 -7.324D-04  4.283D-01
 -6.936D-04  3.954D-01
 -1.419D-03  4.413D-01
 -1.043D-03  3.920D-01
 -2.885D-03  4.635D-01
 -1.472D-03  3.927D-01
 -7.089D-03  4.900D-01
 -1.951D-03  3.934D-01
 -5.162D-05  6.919D-01
 -8.759D-05  5.328D-01
 -1.313D-04  4.479D-01
 -2.068D-04  4.047D-01
 -2.619D-04  3.690D-01
 -4.180D-04  3.726D-01
 -4.489D-04  3.402D-01
 -7.893D-04  3.761D-01
 -6.986D-04  3.303D-01
 -1.480D-03  3.958D-01
 -1.016D-03  3.287D-01
 -2.935D-03  4.236D-01
 -1.397D-03  3.303D-01
 -7.057D-03  4.548D-01
 -1.816D-03  3.311D-01
 -4.440D-05  6.804D-01
 -7.184D-05  5.040D-01
 -1.146D-04  4.049D-01
 -1.576D-04  3.444D-01
 -2.427D-04  3.236D-01
 -2.868D-04  2.867D-01
 -4.609D-04  3.084D-01
 -4.643D-04  2.649D-01
 -8.371D-04  3.214D-01
 -6.950D-04  2.581D-01
 -1.528D-03  3.482D-01
 -9.818D-04  2.582D-01
 -2.966D-03  3.818D-01
 -1.321D-03  2.608D-01
 -6.997D-03  4.184D-01
 -1.687D-03  2.616D-01
 -3.793D-05  6.720D-01
 -6.205D-05  4.709D-01
 -9.194D-05  3.550D-01
 -1.408D-04  2.933D-01
 -1.800D-04  2.421D-01
 -2.751D-04  2.426D-01
 -3.054D-04  1.981D-01
 -4.977D-04  2.416D-01
 -4.722D-04  1.816D-01
 -8.760D-04  2.640D-01
 -6.842D-04  1.775D-01
 -1.563D-03  2.983D-01
 -9.430D-04  1.793D-01
 -2.979D-03  3.384D-01
 -1.244D-03  1.828D-01
 -6.912D-03  3.808D-01
 -1.565D-03  1.835D-01
 -3.304D-05  6.605D-01
 -5.181D-05  4.387D-01
 -8.044D-05  3.055D-01
 -1.103D-04  2.200D-01
 -1.650D-04  1.872D-01
 -1.981D-04  1.349D-01
 -3.034D-04  1.593D-01
 -3.180D-04  1.005D-01
 -5.285D-04  1.714D-01
 -4.735D-04  8.830D-02
 -9.066D-04  2.036D-01
 -6.673D-04  8.681D-02
 -1.587D-03  2.461D-01
 -9.004D-04  9.027D-02
 -2.976D-03  2.932D-01
 -1.168D-03  9.473D-02
 -6.805D-03  3.420D-01
 -1.449D-03  9.512D-02
 -2.864D-05  6.521D-01
 -4.508D-05  4.027D-01
 -6.574D-05  2.468D-01
 -9.823D-05  1.590D-01
 -1.261D-04  8.523D-02
 -1.867D-04  8.037D-02
 -2.117D-04  1.815D-02
 -3.276D-04  7.175D-02
 -3.251D-04 -9.100D-03
 -5.535D-04  9.700D-02
 -4.690D-04 -1.745D-02
 -9.293D-04  1.398D-01
 -6.455D-04 -1.635D-02
 -1.600D-03  1.914D-01
 -8.549D-04 -1.103D-02
 -2.960D-03  2.463D-01
 -1.092D-03 -5.526D-03
 -6.680D-03  3.021D-01
 -1.338D-03 -5.602D-03
 -2.520D-05  6.408D-01
 -3.816D-05  3.672D-01
 -5.764D-05  1.893D-01
 -7.851D-05  6.844D-02
 -1.146D-04  1.720D-02
 -1.389D-04 -5.828D-02
 -2.055D-04 -3.106D-02
 -2.211D-04 -1.130D-01
 -3.476D-04 -2.145D-02
 -3.273D-04 -1.343D-01
 -5.728D-04  1.779D-02
 -4.597D-04 -1.390D-01
 -9.446D-04  7.239D-02
 -6.199D-04 -1.351D-01
 -1.603D-03  1.340D-01
 -8.075D-04 -1.276D-01
 -2.931D-03  1.976D-01
 -1.018D-03 -1.209D-01
 -6.539D-03  2.613D-01
 -1.233D-03 -1.217D-01
 -2.210D-05  6.325D-01
 -3.339D-05  3.281D-01
 -4.774D-05  1.194D-01
 -6.974D-05 -6.274D-03
 -8.946D-05 -1.140D-01
 -1.292D-04 -1.284D-01
 -1.485D-04 -2.185D-01
 -2.214D-04 -1.503D-01
 -2.264D-04 -2.640D-01
 -3.634D-04 -1.219D-01
 -3.251D-04 -2.802D-01
 -5.868D-04 -6.706D-02
 -4.463D-04 -2.809D-01
 -9.532D-04  8.576D-04
 -5.911D-04 -2.737D-01
 -1.598D-03  7.386D-02
 -7.589D-04 -2.637D-01
 -2.890D-03  1.473D-01
 -9.451D-04 -2.556D-01
 -6.385D-03  2.196D-01
 -1.133D-03 -2.575D-01
 -1.962D-05  6.218D-01
 -2.857D-05  2.889D-01
 -4.192D-05  5.177D-02
 -5.650D-05 -1.209D-01
 -8.080D-05 -2.018D-01
 -9.827D-05 -3.148D-01
 -1.417D-04 -2.844D-01
 -1.550D-04 -4.046D-01
 -2.342D-04 -2.805D-01
 -2.282D-04 -4.428D-01
 -3.754D-04 -2.312D-01
 -3.193D-04 -4.537D-01
 -5.959D-04 -1.585D-01
 -4.297D-04 -4.499D-01
 -9.556D-04 -7.524D-02
 -5.601D-04 -4.387D-01
 -1.586D-03  1.071D-02
 -7.097D-04 -4.255D-01
 -2.841D-03  9.505D-02
 -8.742D-04 -4.157D-01
 -6.220D-03  1.769D-01
 -1.039D-03 -4.190D-01
 -1.737D-05  6.137D-01
 -2.512D-05  2.465D-01
 -3.506D-05 -3.290D-02
 -5.007D-05 -2.158D-01
 -6.396D-05 -3.784D-01
 -9.050D-05 -4.105D-01
 -1.048D-04 -5.491D-01
 -1.520D-04 -4.573D-01
 -1.587D-04 -6.292D-01
 -2.442D-04 -4.251D-01
 -2.267D-04 -6.609D-01
 -3.837D-04 -3.514D-01
 -3.103D-04 -6.659D-01
 -6.004D-04 -2.576D-01
 -4.104D-04 -6.563D-01
 -9.524D-04 -1.565D-01
 -5.275D-04 -6.398D-01
 -1.566D-03 -5.569D-02
 -6.606D-04 -6.223D-01
 -2.783D-03  4.096D-02
 -8.056D-04 -6.102D-01
 -6.046D-03  1.333D-01
 -9.490D-04 -6.157D-01
 -1.553D-05  6.036D-01
 -2.167D-05  2.033D-01
 -3.081D-05 -1.145D-01
 -4.095D-05 -3.670D-01
 -5.743D-05 -4.989D-01
 -6.987D-05 -6.791D-01
 -9.867D-05 -6.456D-01
 -1.092D-04 -8.385D-01
 -1.601D-04 -6.547D-01
 -1.598D-04 -9.123D-01
 -2.513D-04 -5.888D-01
 -2.227D-04 -9.375D-01
 -3.885D-04 -4.852D-01
 -2.989D-04 -9.349D-01
 -6.008D-04 -3.658D-01
 -3.893D-04 -9.173D-01
 -9.441D-04 -2.436D-01
 -4.941D-04 -8.932D-01
 -1.540D-03 -1.257D-01
 -6.122D-04 -8.695D-01
 -2.719D-03 -1.512D-02
 -7.398D-04 -8.541D-01
 -5.866D-03  8.895D-02
 -8.647D-04 -8.631D-01
 -1.387D-05  5.960D-01
 -1.912D-05  1.571D-01
 -2.595D-05 -2.196D-01
 -3.619D-05 -4.941D-01
 -4.590D-05 -7.547D-01
 -6.380D-05 -8.234D-01
 -7.406D-05 -1.031D+00
 -1.053D-04 -9.236D-01
 -1.106D-04 -1.116D+00
 -1.662D-04 -8.868D-01
 -1.569D-04 -1.152D+00
 -2.559D-04 -7.776D-01
 -2.139D-04 -1.158D+00
 -3.902D-04 -6.359D-01
 -2.824D-04 -1.148D+00
 -5.974D-04 -4.850D-01
 -3.630D-04 -1.128D+00
 -9.314D-04 -3.375D-01
 -4.560D-04 -1.105D+00
 -1.510D-03 -1.997D-01
 -5.600D-04 -1.082D+00
 -2.648D-03 -7.331D-02
 -6.711D-04 -1.064D+00
 -5.681D-03  4.371D-02
 -7.777D-04 -1.063D+00
 -1.248D-05  5.865D-01
 -1.661D-05  1.092D-01
 -2.280D-05 -3.214D-01
 -2.978D-05 -7.066D-01
 -4.101D-05 -9.376D-01
 -4.938D-05 -1.148D+00
 -6.860D-05 -1.131D+00
 -7.553D-05 -1.317D+00
 -1.094D-04 -1.155D+00
 -1.092D-04 -1.385D+00
 -1.695D-04 -1.100D+00
 -1.512D-04 -1.403D+00
 -2.582D-04 -1.001D+00
 -2.023D-04 -1.400D+00
 -3.891D-04 -8.084D-01
 -2.633D-04 -1.384D+00
 -5.906D-04 -6.175D-01
 -3.346D-04 -1.361D+00
 -9.147D-04 -4.393D-01
 -4.162D-04 -1.336D+00
 -1.474D-03 -2.781D-01
 -5.069D-04 -1.311D+00
 -2.573D-03 -1.338D-01
 -6.029D-04 -1.291D+00
 -5.492D-03 -2.373D-03
 -6.935D-04 -1.284D+00
 -1.122D-05  5.794D-01
 -1.470D-05  5.865D-02
 -1.930D-05 -4.571D-01
 -2.625D-05 -8.921D-01
 -3.263D-05 -1.208D+00
 -4.439D-05 -1.293D+00
 -5.088D-05 -1.480D+00
 -7.149D-05 -1.405D+00
 -7.490D-05 -1.595D+00
 -1.114D-04 -1.390D+00
 -1.054D-04 -1.645D+00
 -1.698D-04 -1.297D+00
 -1.429D-04 -1.657D+00
 -2.561D-04 -1.163D+00
 -1.882D-04 -1.646D+00
 -3.857D-04 -1.010D+00
 -2.419D-04 -1.620D+00
 -5.809D-04 -7.666D-01
 -3.043D-04 -1.588D+00
 -8.946D-04 -5.505D-01
 -3.753D-04 -1.554D+00
 -1.435D-03 -3.616D-01
 -4.536D-04 -1.522D+00
 -2.494D-03 -1.967D-01
 -5.357D-04 -1.497D+00
 -5.301D-03 -4.933D-02
 -6.119D-04 -1.491D+00
 -1.016D-05  5.708D-01
 -1.284D-05  5.219D-03
 -1.695D-05 -5.905D-01
 -2.157D-05 -1.143D+00
 -2.872D-05 -1.386D+00
 -3.394D-05 -1.608D+00
 -4.641D-05 -1.605D+00
 -5.078D-05 -1.828D+00
 -7.271D-05 -1.653D+00
 -7.265D-05 -1.928D+00
 -1.113D-04 -1.598D+00
 -9.998D-05 -1.967D+00
 -1.679D-04 -1.491D+00
 -1.333D-04 -1.968D+00
 -2.517D-04 -1.348D+00
 -1.732D-04 -1.944D+00
 -3.772D-04 -1.159D+00
 -2.201D-04 -1.908D+00
 -5.688D-04 -9.366D-01
 -2.742D-04 -1.865D+00
 -8.716D-04 -6.728D-01
 -3.353D-04 -1.822D+00
 -1.393D-03 -4.508D-01
 -4.023D-04 -1.781D+00
 -2.412D-03 -2.624D-01
 -4.720D-04 -1.751D+00
 -5.109D-03 -9.718D-02
 -5.358D-04 -1.742D+00
 -9.187D-06  5.643D-01
 -1.139D-05 -5.085D-02
 -1.439D-05 -7.758D-01
 -1.877D-05 -1.316D+00
 -2.259D-05 -1.660D+00
 -3.006D-05 -1.787D+00
 -3.416D-05 -2.053D+00
 -4.733D-05 -1.948D+00
 -4.959D-05 -2.281D+00
 -7.269D-05 -1.945D+00
 -6.916D-05 -2.362D+00
 -1.097D-04 -1.847D+00
 -9.255D-05 -2.285D+00
 -1.640D-04 -1.694D+00
 -1.218D-04 -2.291D+00
 -2.447D-04 -1.517D+00
 -1.576D-04 -2.347D+00
 -3.662D-04 -1.322D+00
 -1.983D-04 -2.306D+00
 -5.532D-04 -1.102D+00
 -2.447D-04 -2.239D+00
 -8.463D-04 -8.087D-01
 -2.969D-04 -2.173D+00
 -1.348D-03 -5.468D-01
 -3.539D-04 -2.115D+00
 -2.328D-03 -3.310D-01
 -4.127D-04 -2.073D+00
 -4.917D-03 -1.460D-01
 -4.653D-04 -2.067D+00
 -8.359D-06  5.564D-01
 -9.988D-06 -1.111D-01
 -1.263D-05 -9.640D-01
 -1.525D-05 -1.556D+00
 -1.963D-05 -1.865D+00
 -2.285D-05 -2.248D+00
 -3.076D-05 -2.273D+00
 -3.164D-05 -1.966D+00
 -4.744D-05 -2.399D+00
 -4.310D-05 -1.744D+00
 -7.162D-05 -2.321D+00
 -5.804D-05 -1.666D+00
 -1.069D-04 -2.138D+00
 -7.684D-05 -1.645D+00
 -1.587D-04 -1.924D+00
 -1.000D-04 -1.657D+00
 -2.358D-04 -1.703D+00
 -1.281D-04 -1.688D+00
 -3.528D-04 -1.483D+00
 -1.614D-04 -1.735D+00
 -5.330D-04 -1.238D+00
 -2.003D-04 -1.790D+00
 -8.190D-04 -9.616D-01
 -2.445D-04 -1.848D+00
 -1.301D-03 -6.506D-01
 -2.927D-04 -1.898D+00
 -2.242D-03 -4.030D-01
 -3.414D-04 -1.917D+00
 -4.726D-03 -1.958D-01
 -3.811D-04 -1.861D+00
 -7.601D-06  5.506D-01
 -8.882D-06 -1.741D-01
 -1.069D-05 -1.170D+00
 -1.311D-05 -1.755D+00
 -1.536D-05 -2.300D+00
 -1.946D-05 -2.188D+00
 -1.999D-05 -1.654D+00
 -2.804D-05 -1.783D+00
 -2.701D-05 -1.333D+00
 -4.225D-05 -1.759D+00
 -3.627D-05 -1.027D+00
 -6.481D-05 -1.906D+00
 -4.819D-05 -9.204D-01
 -1.010D-04 -2.255D+00
 -6.312D-05 -9.148D-01
 -1.523D-04 -2.206D+00
 -8.148D-05 -9.698D-01
 -2.256D-04 -1.911D+00
 -1.037D-04 -1.065D+00
 -3.373D-04 -1.642D+00
 -1.300D-04 -1.187D+00
 -5.110D-04 -1.394D+00
 -1.606D-04 -1.324D+00
 -7.890D-04 -1.117D+00
 -1.951D-04 -1.441D+00
 -1.252D-03 -7.636D-01
 -2.320D-04 -1.458D+00
 -2.155D-03 -4.788D-01
 -2.689D-04 -1.458D+00
 -4.536D-03 -2.466D-01
 -2.989D-04 -1.418D+00
 -6.948D-06  5.436D-01
 -7.812D-06 -2.429D-01
 -9.276D-06 -1.335D+00
 -1.058D-05 -2.072D+00
 -1.261D-05 -2.077D+00
 -1.295D-05 -1.530D+00
 -1.698D-05 -1.476D+00
 -1.668D-05 -5.772D-01
 -2.475D-05 -1.092D+00
 -2.215D-05 -2.161D-01
 -3.741D-05 -1.203D+00
 -2.944D-05 -7.643D-02
 -5.750D-05 -1.550D+00
 -3.872D-05 -3.550D-02
 -8.910D-05 -1.769D+00
 -5.027D-05 -5.043D-02
 -1.413D-04 -2.229D+00
 -6.438D-05 -1.008D-01
 -2.145D-04 -2.157D+00
 -8.135D-05 -1.749D-01
 -3.204D-04 -1.827D+00
 -1.014D-04 -2.641D-01
 -4.869D-04 -1.532D+00
 -1.245D-04 -3.603D-01
 -7.541D-04 -1.237D+00
 -1.508D-04 -4.574D-01
 -1.203D-03 -8.878D-01
 -1.791D-04 -5.366D-01
 -2.068D-03 -5.588D-01
 -2.070D-04 -5.693D-01
 -4.350D-03 -2.987D-01
 -2.282D-04 -4.943D-01
 -6.349D-06  5.384D-01
 -6.957D-06 -3.149D-01
 -7.779D-06 -1.535D+00
 -9.036D-06 -2.396D+00
 -8.780D-06 -1.538D+00
 -1.048D-05 -9.134D-01
 -1.042D-05 -1.066D-01
 -1.438D-05 -2.602D-01
 -1.389D-05  6.279D-01
 -2.119D-05 -1.751D-01
 -1.848D-05  9.590D-01
 -3.213D-05 -3.445D-01
 -2.439D-05  1.086D+00
 -4.984D-05 -7.374D-01
 -3.181D-05  1.105D+00
 -7.853D-05 -1.399D+00
 -4.090D-05  1.061D+00
 -1.241D-04 -1.793D+00
 -5.193D-05  9.716D-01
 -2.025D-04 -2.438D+00
 -6.510D-05  8.531D-01
 -3.032D-04 -2.025D+00
 -8.049D-05  7.182D-01
 -4.612D-04 -1.680D+00
 -9.808D-05  5.782D-01
 -7.179D-04 -1.372D+00
 -1.176D-04  4.461D-01
 -1.153D-03 -1.026D+00
 -1.384D-04  3.413D-01
 -1.981D-03 -6.437D-01
 -1.589D-04  2.979D-01
 -4.166D-03 -3.519D-01
 -1.749D-04  3.929D-01
 -5.827D-06  5.323D-01
 -6.134D-06 -3.950D-01
 -6.691D-06 -1.712D+00
 -6.593D-06 -1.818D+00
 -6.912D-06 -8.266D-01
 -6.817D-06  2.675D-01
 -8.759D-06  4.691D-01
 -8.670D-06  1.365D+00
 -1.252D-05  9.125D-01
 -1.172D-05  1.837D+00
 -1.857D-05  8.637D-01
 -1.580D-05  2.058D+00
 -2.806D-05  5.171D-01
 -2.079D-05  2.133D+00
 -4.258D-05 -8.280D-02
 -2.684D-05  2.123D+00
 -6.748D-05 -6.262D-01
 -3.408D-05  2.057D+00
 -1.092D-04 -1.501D+00
 -4.258D-05  1.956D+00
 -1.771D-04 -1.954D+00
 -5.239D-05  1.832D+00
 -2.851D-04 -2.272D+00
 -6.348D-05  1.697D+00
 -4.348D-04 -1.847D+00
 -7.610D-05  1.564D+00
 -6.805D-04 -1.506D+00
 -9.120D-05  1.452D+00
 -1.101D-03 -1.162D+00
 -1.072D-04  1.367D+00
 -1.895D-03 -7.343D-01
 -1.226D-04  1.333D+00
 -3.986D-03 -4.066D-01
 -1.340D-04  1.416D+00
 -5.348D-06  5.278D-01
 -5.468D-06 -4.792D-01
 -5.571D-06 -1.953D+00
 -5.218D-06 -1.552D+00
 -4.698D-06  2.073D-01
 -5.502D-06  9.708D-01
 -5.697D-06  1.929D+00
 -7.587D-06  1.784D+00
 -7.718D-06  2.654D+00
 -1.116D-05  1.967D+00
 -1.028D-05  2.977D+00
 -1.635D-05  1.791D+00
 -1.378D-05  3.093D+00
 -2.417D-05  1.392D+00
 -1.803D-05  3.116D+00
 -3.727D-05  8.208D-01
 -2.292D-05  3.092D+00
 -5.778D-05 -1.553D-02
 -2.846D-05  3.037D+00
 -9.386D-05 -7.590D-01
 -3.550D-05  2.934D+00
 -1.554D-04 -1.664D+00
 -4.375D-05  2.813D+00
 -2.624D-04 -2.332D+00
 -5.318D-05  2.685D+00
 -4.086D-04 -2.025D+00
 -6.373D-05  2.559D+00
 -6.420D-04 -1.630D+00
 -7.521D-05  2.447D+00
 -1.045D-03 -1.268D+00
 -8.731D-05  2.359D+00
 -1.809D-03 -8.313D-01
 -9.921D-05  2.325D+00
 -3.810D-03 -4.628D-01
 -1.084D-04  2.417D+00
 -4.927D-06  5.225D-01
 -4.830D-06 -5.747D-01
 -4.763D-06 -2.207D+00
 -3.685D-06 -5.129D-01
 -3.710D-06  9.915D-01
 -3.832D-06  2.252D+00
 -4.870D-06  2.490D+00
 -5.278D-06  3.245D+00
 -6.923D-06  2.946D+00
 -7.495D-06  3.645D+00
 -1.009D-05  2.954D+00
 -1.010D-05  3.846D+00
 -1.491D-05  2.696D+00
 -1.326D-05  3.926D+00
 -2.200D-05  2.243D+00
 -1.707D-05  3.927D+00
 -3.210D-05  1.587D+00
 -2.160D-05  3.879D+00
 -5.032D-05  8.205D-01
 -2.690D-05  3.799D+00
 -8.010D-05 -1.953D-01
 -3.299D-05  3.700D+00
 -1.351D-04 -1.140D+00
 -3.987D-05  3.592D+00
 -2.294D-04 -1.930D+00
 -4.749D-05  3.482D+00
 -3.821D-04 -2.242D+00
 -5.577D-05  3.377D+00
 -6.030D-04 -1.771D+00
 -6.458D-05  3.287D+00
 -9.893D-04 -1.384D+00
 -7.375D-05  3.221D+00
 -1.725D-03 -9.361D-01
 -8.300D-05  3.199D+00
 -3.638D-03 -5.207D-01
 -9.152D-05  3.270D+00
 -4.539D-06  5.187D-01
 -4.309D-06 -6.758D-01
 -3.841D-06 -2.251D+00
 -2.860D-06  1.362D-01
 -2.677D-06  2.133D+00
 -3.158D-06  2.882D+00
 -3.699D-06  3.659D+00
 -4.845D-06  3.594D+00
 -5.372D-06  4.209D+00
 -7.078D-06  3.790D+00
 -7.826D-06  4.362D+00
 -1.022D-05  3.688D+00
 -1.063D-05  4.446D+00
 -1.450D-05  3.405D+00
 -1.388D-05  4.472D+00
 -1.974D-05  3.016D+00
 -1.763D-05  4.458D+00
 -2.927D-05  2.380D+00
 -2.189D-05  4.419D+00
 -4.313D-05  1.528D+00
 -2.665D-05  4.366D+00
 -6.977D-05  5.595D-01
 -3.185D-05  4.306D+00
 -1.154D-04 -5.318D-01
 -3.744D-05  4.247D+00
 -2.012D-04 -1.681D+00
 -4.332D-05  4.193D+00
 -3.574D-04 -2.513D+00
 -4.940D-05  4.149D+00
 -5.648D-04 -1.920D+00
 -5.599D-05  4.104D+00
 -9.336D-04 -1.508D+00
 -6.443D-05  4.023D+00
 -1.643D-03 -1.050D+00
 -7.251D-05  3.998D+00
 -3.471D-03 -5.804D-01
 -7.864D-05  4.089D+00
 -4.197D-06  5.142D-01
 -3.811D-06 -7.932D-01
 -3.035D-06 -1.820D+00
 -2.062D-06  1.216D+00
 -2.172D-06  2.835D+00
 -2.536D-06  3.889D+00
 -3.233D-06  4.135D+00
 -4.093D-06  4.524D+00
 -5.248D-06  4.341D+00
 -6.052D-06  4.783D+00
 -7.649D-06  4.369D+00
 -8.967D-06  4.732D+00
 -1.057D-05  4.263D+00
 -1.218D-05  4.723D+00
 -1.372D-05  4.115D+00
 -1.572D-05  4.720D+00
 -1.953D-05  3.622D+00
 -1.956D-05  4.720D+00
 -2.661D-05  3.061D+00
 -2.364D-05  4.724D+00
 -3.921D-05  2.275D+00
 -2.786D-05  4.735D+00
 -5.981D-05  1.250D+00
 -3.212D-05  4.759D+00
 -9.930D-05  2.182D-02
 -3.628D-05  4.796D+00
 -1.745D-04 -1.159D+00
 -4.253D-05  4.706D+00
 -3.126D-04 -2.103D+00
 -4.944D-05  4.613D+00
 -5.275D-04 -2.085D+00
 -5.670D-05  4.537D+00
 -8.776D-04 -1.612D+00
 -6.418D-05  4.485D+00
 -1.562D-03 -1.174D+00
 -7.167D-05  4.471D+00
 -3.308D-03 -6.422D-01
 -7.853D-05  4.534D+00
 -3.881D-06  5.110D-01
 -3.401D-06 -9.193D-01
 -2.310D-06 -1.363D+00
 -1.661D-06  1.970D+00
 -1.787D-06  3.733D+00
 -2.370D-06  4.252D+00
 -2.984D-06  4.776D+00
 -3.842D-06  4.777D+00
 -5.356D-06  4.734D+00
 -6.205D-06  4.714D+00
 -7.849D-06  4.833D+00
 -8.661D-06  4.720D+00
 -1.168D-05  4.637D+00
 -1.090D-05  4.787D+00
 -1.574D-05  4.569D+00
 -1.495D-05  4.465D+00
 -1.988D-05  4.575D+00
 -1.918D-05  4.162D+00
 -2.396D-05  4.631D+00
 -2.580D-05  3.637D+00
 -2.783D-05  4.727D+00
 -3.477D-05  2.945D+00
 -3.182D-05  4.812D+00
 -5.344D-05  1.932D+00
 -3.739D-05  4.770D+00
 -8.601D-05  7.442D-01
 -4.325D-05  4.734D+00
 -1.493D-04 -5.934D-01
 -4.933D-05  4.707D+00
 -2.735D-04 -1.818D+00
 -5.559D-05  4.690D+00
 -4.905D-04 -2.284D+00
 -6.204D-05  4.681D+00
 -8.223D-04 -1.727D+00
 -6.882D-05  4.678D+00
 -1.478D-03 -1.268D+00
 -7.631D-05  4.677D+00
 -3.151D-03 -7.064D-01
 -8.520D-05  4.679D+00
 -3.599D-06  5.073D-01
 -3.012D-06 -1.070D+00
 -1.789D-06 -6.417D-01
 -1.251D-06  2.951D+00
 -1.615D-06  4.196D+00
 -2.272D-06  4.708D+00
 -3.205D-06  4.694D+00
 -4.730D-06  4.536D+00
 -5.254D-06  4.816D+00
 -8.835D-06  4.071D+00
 -8.072D-06  4.693D+00
 -1.349D-05  3.895D+00
 -1.054D-05  4.790D+00
 -1.863D-05  3.824D+00
 -1.375D-05  4.700D+00
 -2.417D-05  3.806D+00
 -1.656D-05  4.683D+00
 -2.999D-05  3.820D+00
 -1.987D-05  4.549D+00
 -3.599D-05  3.856D+00
 -2.516D-05  4.136D+00
 -4.205D-05  3.911D+00
 -3.398D-05  3.468D+00
 -4.806D-05  3.980D+00
 -4.749D-05  2.593D+00
 -5.391D-05  4.062D+00
 -7.354D-05  1.362D+00
 -5.954D-05  4.155D+00
 -1.282D-04 -9.835D-02
 -6.493D-05  4.255D+00
 -2.399D-04 -1.554D+00
 -7.018D-05  4.357D+00
 -4.570D-04 -2.526D+00
 -7.557D-05  4.451D+00
 -7.680D-04 -1.856D+00
 -8.173D-05  4.520D+00
 -1.395D-03 -1.359D+00
 -9.004D-05  4.531D+00
 -2.999D-03 -7.732D-01
 -1.038D-04  4.423D+00
 -3.339D-06  5.048D-01
 -2.680D-06 -1.199D+00
 -1.342D-06  9.924D-02
 -1.120D-06  3.516D+00
 -1.485D-06  4.735D+00
 -2.364D-06  4.726D+00
 -4.259D-06  4.122D+00
 -5.564D-06  4.092D+00
 -8.582D-06  3.636D+00
 -9.346D-06  3.877D+00
 -1.365D-05  3.457D+00
 -1.310D-05  3.887D+00
 -1.941D-05  3.379D+00
 -1.634D-05  4.038D+00
 -2.579D-05  3.349D+00
 -1.832D-05  4.349D+00
 -3.271D-05  3.346D+00
 -1.908D-05  4.743D+00
 -4.007D-05  3.361D+00
 -2.241D-05  4.649D+00
 -4.776D-05  3.388D+00
 -2.581D-05  4.494D+00
 -5.570D-05  3.426D+00
 -3.147D-05  4.040D+00
 -6.380D-05  3.472D+00
 -4.436D-05  3.141D+00
 -7.197D-05  3.525D+00
 -6.645D-05  2.016D+00
 -8.018D-05  3.582D+00
 -1.114D-04  5.883D-01
 -8.842D-05  3.642D+00
 -2.063D-04 -9.564D-01
 -9.680D-05  3.700D+00
 -4.024D-04 -2.204D+00
 -1.056D-04  3.752D+00
 -7.166D-04 -1.983D+00
 -1.153D-04  3.788D+00
 -1.314D-03 -1.459D+00
 -1.270D-04  3.791D+00
 -2.851D-03 -8.429D-01
 -1.436D-04  3.728D+00
 -3.107D-06  5.018D-01
 -2.357D-06 -1.312D+00
 -1.056D-06  8.956D-01
 -9.710D-07  4.183D+00
 -1.601D-06  4.681D+00
 -3.281D-06  3.972D+00
 -4.932D-06  3.731D+00
 -7.598D-06  3.361D+00
 -9.141D-06  3.437D+00
 -1.280D-05  3.160D+00
 -1.374D-05  3.375D+00
 -1.886D-05  3.073D+00
 -1.839D-05  3.419D+00
 -2.571D-05  3.034D+00
 -2.264D-05  3.546D+00
 -3.328D-05  3.021D+00
 -2.581D-05  3.767D+00
 -4.150D-05  3.024D+00
 -2.691D-05  4.137D+00
 -5.028D-05  3.038D+00
 -2.495D-05  4.742D+00
 -5.954D-05  3.060D+00
 -2.823D-05  4.629D+00
 -6.918D-05  3.089D+00
 -3.296D-05  4.319D+00
 -7.914D-05  3.122D+00
 -4.162D-05  3.672D+00
 -8.936D-05  3.159D+00
 -5.877D-05  2.627D+00
 -9.979D-05  3.199D+00
 -9.569D-05  1.179D+00
 -1.105D-04  3.240D+00
 -1.772D-04 -4.804D-01
 -1.215D-04  3.278D+00
 -3.525D-04 -1.920D+00
 -1.330D-04  3.312D+00
 -6.664D-04 -2.129D+00
 -1.456D-04  3.334D+00
 -1.235D-03 -1.560D+00
 -1.603D-04  3.334D+00
 -2.710D-03 -9.160D-01
 -1.795D-04  3.289D+00
 -2.891D-06  4.999D-01
 -2.086D-06 -1.435D+00
 -8.128D-07  1.731D+00
 -8.959D-07  4.597D+00
 -2.056D-06  4.142D+00
 -3.809D-06  3.582D+00
 -6.199D-06  3.195D+00
 -8.112D-06  3.164D+00
 -1.133D-05  2.950D+00
 -1.308D-05  3.052D+00
 -1.743D-05  2.848D+00
 -1.850D-05  3.044D+00
 -2.447D-05  2.801D+00
 -2.402D-05  3.097D+00
 -3.237D-05  2.781D+00
 -2.921D-05  3.206D+00
 -4.109D-05  2.776D+00
 -3.345D-05  3.379D+00
 -5.054D-05  2.781D+00
 -3.584D-05  3.649D+00
 -6.065D-05  2.794D+00
 -3.503D-05  4.092D+00
 -7.135D-05  2.812D+00
 -3.144D-05  4.679D+00
 -8.256D-05  2.834D+00
 -3.307D-05  4.652D+00
 -9.421D-05  2.859D+00
 -4.064D-05  4.077D+00
 -1.063D-04  2.887D+00
 -5.527D-05  3.128D+00
 -1.187D-04  2.917D+00
 -8.528D-05  1.782D+00
 -1.315D-04  2.946D+00
 -1.533D-04  5.362D-02
 -1.448D-04  2.974D+00
 -3.105D-04 -1.738D+00
 -1.588D-04  2.997D+00
 -6.177D-04 -2.300D+00
 -1.739D-04  3.011D+00
 -1.158D-03 -1.645D+00
 -1.911D-04  3.009D+00
 -2.573D-03 -9.929D-01
 -2.125D-04  2.975D+00
 -2.697D-06  4.976D-01
 -1.829D-06 -1.549D+00
 -6.674D-07  2.454D+00
 -9.581D-07  4.643D+00
 -2.468D-06  3.672D+00
 -4.606D-06  3.132D+00
 -6.633D-06  2.998D+00
 -9.495D-06  2.801D+00
 -1.166D-05  2.830D+00
 -1.546D-05  2.678D+00
 -1.740D-05  2.786D+00
 -2.245D-05  2.621D+00
 -2.361D-05  2.801D+00
 -3.044D-05  2.594D+00
 -2.998D-05  2.856D+00
 -3.937D-05  2.584D+00
 -3.607D-05  2.951D+00
 -4.917D-05  2.583D+00
 -4.129D-05  3.094D+00
 -5.978D-05  2.589D+00
 -4.483D-05  3.305D+00
 -7.114D-05  2.600D+00
 -4.547D-05  3.631D+00
 -8.318D-05  2.615D+00
 -4.129D-05  4.191D+00
 -9.583D-05  2.632D+00
 -3.803D-05  4.590D+00
 -1.090D-04  2.652D+00
 -4.081D-05  4.401D+00
 -1.228D-04  2.674D+00
 -5.146D-05  3.633D+00
 -1.370D-04  2.696D+00
 -7.590D-05  2.369D+00
 -1.517D-04  2.718D+00
 -1.329D-04  6.693D-01
 -1.670D-04  2.739D+00
 -2.689D-04 -1.217D+00
 -1.832D-04  2.755D+00
 -5.740D-04 -2.501D+00
 -2.005D-04  2.765D+00
 -1.083D-03 -1.738D+00
 -2.199D-04  2.762D+00
 -2.442D-03 -1.074D+00
 -2.433D-04  2.734D+00
 -2.517D-06  4.962D-01
 -1.611D-06 -1.658D+00
 -5.562D-07  3.166D+00
 -1.072D-06  4.436D+00
 -2.978D-06  3.219D+00
 -4.954D-06  2.926D+00
 -7.505D-06  2.705D+00
 -9.813D-06  2.676D+00
 -1.317D-05  2.547D+00
 -1.557D-05  2.600D+00
 -1.996D-05  2.478D+00
 -2.206D-05  2.587D+00
 -2.784D-05  2.445D+00
 -2.905D-05  2.612D+00
 -3.675D-05  2.429D+00
 -3.623D-05  2.665D+00
 -4.665D-05  2.424D+00
 -4.318D-05  2.749D+00
 -5.748D-05  2.425D+00
 -4.934D-05  2.870D+00
 -6.919D-05  2.431D+00
 -5.393D-05  3.044D+00
 -8.171D-05  2.441D+00
 -5.584D-05  3.300D+00
 -9.499D-05  2.453D+00
 -5.342D-05  3.708D+00
 -1.090D-04  2.467D+00
 -4.362D-05  4.483D+00
 -1.236D-04  2.483D+00
 -4.282D-05  4.566D+00
 -1.388D-04  2.500D+00
 -4.989D-05  4.017D+00
 -1.547D-04  2.518D+00
 -6.860D-05  2.890D+00
 -1.711D-04  2.534D+00
 -1.141D-04  1.208D+00
 -1.883D-04  2.550D+00
 -2.319D-04 -7.386D-01
 -2.063D-04  2.562D+00
 -5.151D-04 -2.376D+00
 -2.256D-04  2.568D+00
 -1.011D-03 -1.839D+00
 -2.469D-04  2.565D+00
 -2.316D-03 -1.160D+00
 -2.721D-04  2.541D+00
 -2.354D-06  4.945D-01
 -1.405D-06 -1.789D+00
 -4.775D-07  3.768D+00
 -1.425D-06  3.727D+00
 -3.251D-06  2.983D+00
 -5.504D-06  2.668D+00
 -7.779D-06  2.577D+00
 -1.077D-05  2.450D+00
 -1.334D-05  2.461D+00
 -1.722D-05  2.364D+00
 -1.982D-05  2.427D+00
 -2.482D-05  2.322D+00
 -2.705D-05  2.430D+00
 -3.354D-05  2.302D+00
 -3.479D-05  2.459D+00
 -4.334D-05  2.293D+00
 -4.275D-05  2.509D+00
 -5.417D-05  2.290D+00
 -5.052D-05  2.584D+00
 -6.598D-05  2.293D+00
 -5.756D-05  2.689D+00
 -7.872D-05  2.299D+00
 -6.314D-05  2.835D+00
 -9.232D-05  2.307D+00
 -6.620D-05  3.045D+00
 -1.068D-04  2.317D+00
 -6.525D-05  3.363D+00
 -1.219D-04  2.329D+00
 -5.785D-05  3.908D+00
 -1.379D-04  2.342D+00
 -4.734D-05  4.567D+00
 -1.545D-04  2.355D+00
 -4.992D-05  4.316D+00
 -1.718D-04  2.369D+00
 -6.513D-05  3.339D+00
 -1.898D-04  2.382D+00
 -1.025D-04  1.780D+00
 -2.085D-04  2.393D+00
 -1.994D-04 -3.430D-01
 -2.283D-04  2.402D+00
 -4.522D-04 -2.081D+00
 -2.493D-04  2.406D+00
 -9.426D-04 -1.939D+00
 -2.723D-04  2.402D+00
 -2.195D-03 -1.252D+00
 -2.990D-04  2.382D+00
 -2.203D-06  4.936D-01
 -1.234D-06 -1.911D+00
 -4.437D-07  4.208D+00
 -1.643D-06  3.360D+00
 -3.603D-06  2.727D+00
 -5.730D-06  2.534D+00
 -8.379D-06  2.386D+00
 -1.094D-05  2.360D+00
 -1.439D-05  2.273D+00
 -1.720D-05  2.302D+00
 -2.160D-05  2.222D+00
 -2.439D-05  2.289D+00
 -2.999D-05  2.196D+00
 -3.233D-05  2.301D+00
 -3.953D-05  2.183D+00
 -4.079D-05  2.331D+00
 -5.018D-05  2.178D+00
 -4.950D-05  2.378D+00
 -6.189D-05  2.177D+00
 -5.805D-05  2.445D+00
 -7.462D-05  2.180D+00
 -6.593D-05  2.537D+00
 -8.831D-05  2.185D+00
 -7.242D-05  2.663D+00
 -1.029D-04  2.192D+00
 -7.655D-05  2.839D+00
 -1.184D-04  2.200D+00
 -7.692D-05  3.098D+00
 -1.347D-04  2.210D+00
 -7.138D-05  3.515D+00
 -1.518D-04  2.220D+00
 -5.595D-05  4.327D+00
 -1.697D-04  2.231D+00
 -5.079D-05  4.532D+00
 -1.883D-04  2.242D+00
 -5.873D-05  3.856D+00
 -2.077D-04  2.252D+00
 -9.125D-05  2.322D+00
 -2.279D-04  2.261D+00
 -1.745D-04  2.543D-01
 -2.491D-04  2.267D+00
 -3.999D-04 -1.877D+00
 -2.717D-04  2.270D+00
 -8.772D-04 -2.044D+00
 -2.962D-04  2.265D+00
 -2.075D-03 -1.327D+00
 -3.242D-04  2.247D+00
 -2.065D-06  4.925D-01
 -1.073D-06 -2.061D+00
 -4.015D-07  4.646D+00
 -1.880D-06  3.027D+00
 -3.785D-06  2.574D+00
 -6.106D-06  2.362D+00
 -8.536D-06  2.292D+00
 -1.159D-05  2.203D+00
 -1.443D-05  2.206D+00
 -1.833D-05  2.138D+00
 -2.137D-05  2.177D+00
 -2.629D-05  2.106D+00
 -2.923D-05  2.176D+00
 -3.545D-05  2.090D+00
 -3.786D-05  2.191D+00
 -4.577D-05  2.081D+00
 -4.702D-05  2.221D+00
 -5.722D-05  2.078D+00
 -5.643D-05  2.265D+00
 -6.976D-05  2.079D+00
 -6.572D-05  2.326D+00
 -8.335D-05  2.081D+00
 -7.439D-05  2.407D+00
 -9.794D-05  2.086D+00
 -8.175D-05  2.517D+00
 -1.135D-04  2.092D+00
 -8.688D-05  2.668D+00
 -1.300D-04  2.099D+00
 -8.846D-05  2.885D+00
 -1.473D-04  2.107D+00
 -8.451D-05  3.220D+00
 -1.654D-04  2.115D+00
 -7.177D-05  3.812D+00
 -1.844D-04  2.124D+00
 -5.628D-05  4.499D+00
 -2.042D-04  2.132D+00
 -6.047D-05  4.071D+00
 -2.248D-04  2.140D+00
 -8.242D-05  2.809D+00
 -2.463D-04  2.147D+00
 -1.515D-04  7.857D-01
 -2.689D-04  2.151D+00
 -3.513D-04 -1.613D+00
 -2.928D-04  2.152D+00
 -8.144D-04 -2.163D+00
 -3.186D-04  2.147D+00
 -1.957D-03 -1.392D+00
 -3.477D-04  2.130D+00
 -1.937D-06  4.922D-01
 -9.389D-07 -2.233D+00
 -4.410D-07  4.571D+00
 -2.029D-06  2.817D+00
 -4.026D-06  2.404D+00
 -6.240D-06  2.263D+00
 -8.937D-06  2.156D+00
 -1.166D-05  2.133D+00
 -1.512D-05  2.070D+00
 -1.821D-05  2.087D+00
 -2.257D-05  2.030D+00
 -2.581D-05  2.074D+00
 -3.125D-05  2.009D+00
 -3.433D-05  2.079D+00
 -4.114D-05  1.998D+00
 -4.361D-05  2.097D+00
 -5.221D-05  1.993D+00
 -5.343D-05  2.126D+00
 -6.443D-05  1.991D+00
 -6.352D-05  2.167D+00
 -7.775D-05  1.992D+00
 -7.351D-05  2.221D+00
 -9.214D-05  1.994D+00
 -8.292D-05  2.294D+00
 -1.076D-04  1.998D+00
 -9.109D-05  2.391D+00
 -1.240D-04  2.003D+00
 -9.715D-05  2.523D+00
 -1.413D-04  2.009D+00
 -9.984D-05  2.709D+00
 -1.596D-04  2.016D+00
 -9.734D-05  2.986D+00
 -1.787D-04  2.022D+00
 -8.673D-05  3.448D+00
 -1.987D-04  2.029D+00
 -6.219D-05  4.432D+00
 -2.195D-04  2.036D+00
 -5.838D-05  4.412D+00
 -2.412D-04  2.042D+00
 -7.809D-05  3.229D+00
 -2.639D-04  2.046D+00
 -1.312D-04  1.286D+00
 -2.876D-04  2.049D+00
 -3.045D-04 -1.116D+00
 -3.126D-04  2.049D+00
 -7.550D-04 -2.297D+00
 -3.396D-04  2.044D+00
 -1.845D-03 -1.460D+00
 -3.697D-04  2.028D+00
 -1.821D-06  4.916D-01
 -8.135D-07 -2.404D+00
 -4.975D-07  4.327D+00
 -2.194D-06  2.610D+00
 -4.141D-06  2.295D+00
 -6.489D-06  2.139D+00
 -9.003D-06  2.084D+00
 -1.208D-05  2.017D+00
 -1.507D-05  2.015D+00
 -1.895D-05  1.966D+00
 -2.226D-05  1.991D+00
 -2.708D-05  1.940D+00
 -3.050D-05  1.987D+00
 -3.646D-05  1.926D+00
 -3.964D-05  1.995D+00
 -4.705D-05  1.918D+00
 -4.954D-05  2.014D+00
 -5.883D-05  1.915D+00
 -5.999D-05  2.041D+00
 -7.176D-05  1.914D+00
 -7.072D-05  2.079D+00
 -8.581D-05  1.915D+00
 -8.137D-05  2.129D+00
 -1.010D-04  1.917D+00
 -9.148D-05  2.195D+00
 -1.171D-04  1.920D+00
 -1.004D-04  2.281D+00
 -1.343D-04  1.924D+00
 -1.073D-04  2.397D+00
 -1.525D-04  1.929D+00
 -1.111D-04  2.558D+00
 -1.716D-04  1.934D+00
 -1.099D-04  2.794D+00
 -1.916D-04  1.939D+00
 -1.011D-04  3.170D+00
 -2.125D-04  1.945D+00
 -8.005D-05  3.885D+00
 -2.343D-04  1.950D+00
 -6.298D-05  4.433D+00
 -2.569D-04  1.954D+00
 -7.073D-05  3.707D+00
 -2.806D-04  1.958D+00
 -1.184D-04  1.822D+00
 -3.053D-04  1.959D+00
 -2.650D-04 -7.139D-01
 -3.313D-04  1.958D+00
 -7.008D-04 -2.449D+00
 -3.592D-04  1.952D+00
 -1.737D-03 -1.533D+00
 -3.902D-04  1.938D+00
 -1.712D-06  4.916D-01
 -6.710D-07 -2.017D+00
 -6.335D-07  3.713D+00
 -2.294D-06  2.468D+00
 -4.301D-06  2.172D+00
 -6.554D-06  2.063D+00
 -9.256D-06  1.981D+00
 -1.206D-05  1.960D+00
 -1.551D-05  1.912D+00
 -1.875D-05  1.922D+00
 -2.304D-05  1.879D+00
 -2.656D-05  1.910D+00
 -3.184D-05  1.862D+00
 -3.540D-05  1.911D+00
 -4.188D-05  1.852D+00
 -4.515D-05  1.921D+00
 -5.313D-05  1.847D+00
 -5.564D-05  1.939D+00
 -6.558D-05  1.845D+00
 -6.668D-05  1.966D+00
 -7.918D-05  1.844D+00
 -7.800D-05  2.001D+00
 -9.392D-05  1.845D+00
 -8.927D-05  2.047D+00
 -1.097D-04  1.847D+00
 -1.000D-04  2.106D+00
 -1.266D-04  1.850D+00
 -1.097D-04  2.184D+00
 -1.445D-04  1.853D+00
 -1.174D-04  2.287D+00
 -1.634D-04  1.857D+00
 -1.221D-04  2.428D+00
 -1.833D-04  1.861D+00
 -1.221D-04  2.631D+00
 -2.041D-04  1.865D+00
 -1.150D-04  2.946D+00
 -2.258D-04  1.869D+00
 -9.662D-05  3.504D+00
 -2.484D-04  1.873D+00
 -6.722D-05  4.463D+00
 -2.719D-04  1.876D+00
 -7.113D-05  3.944D+00
 -2.964D-04  1.878D+00
 -1.055D-04  2.311D+00
 -3.220D-04  1.878D+00
 -2.295D-04 -3.335D-01
 -3.489D-04  1.877D+00
 -6.493D-04 -2.629D+00
 -3.776D-04  1.871D+00
 -1.634D-03 -1.605D+00
 -4.092D-04  1.857D+00
 -1.612D-06  4.915D-01
 -5.537D-07 -1.735D+00
 -7.301D-07  3.344D+00
 -2.406D-06  2.324D+00
 -4.364D-06  2.088D+00
 -6.707D-06  1.967D+00
 -9.255D-06  1.922D+00
 -1.231D-05  1.870D+00
 -1.538D-05  1.866D+00
 -1.920D-05  1.828D+00
 -2.268D-05  1.845D+00
 -2.737D-05  1.806D+00
 -3.108D-05  1.839D+00
 -3.681D-05  1.794D+00
 -4.050D-05  1.843D+00
 -4.747D-05  1.787D+00
 -5.081D-05  1.855D+00
 -5.936D-05  1.783D+00
 -6.186D-05  1.873D+00
 -7.243D-05  1.782D+00
 -7.345D-05  1.898D+00
 -8.666D-05  1.781D+00
 -8.534D-05  1.930D+00
 -1.020D-04  1.782D+00
 -9.719D-05  1.972D+00
 -1.185D-04  1.784D+00
 -1.086D-04  2.026D+00
 -1.360D-04  1.786D+00
 -1.189D-04  2.096D+00
 -1.546D-04  1.788D+00
 -1.274D-04  2.189D+00
 -1.741D-04  1.791D+00
 -1.330D-04  2.314D+00
 -1.947D-04  1.794D+00
 -1.341D-04  2.491D+00
 -2.161D-04  1.797D+00
 -1.285D-04  2.760D+00
 -2.385D-04  1.800D+00
 -1.123D-04  3.214D+00
 -2.619D-04  1.803D+00
 -7.803D-05  4.213D+00
 -2.861D-04  1.805D+00
 -6.924D-05  4.239D+00
 -3.114D-04  1.806D+00
 -9.629D-05  2.750D+00
 -3.377D-04  1.805D+00
 -2.015D-04  2.136D-01
 -3.654D-04  1.803D+00
 -5.739D-04 -2.330D+00
 -3.948D-04  1.797D+00
 -1.534D-03 -1.662D+00
 -4.270D-04  1.784D+00
 -1.519D-06  4.920D-01
 -4.587D-07 -1.443D+00
 -8.230D-07  3.038D+00
 -2.469D-06  2.220D+00
 -4.462D-06  1.993D+00
 -6.720D-06  1.906D+00
 -9.397D-06  1.841D+00
 -1.222D-05  1.822D+00
 -1.563D-05  1.784D+00
 -1.894D-05  1.790D+00
 -2.314D-05  1.757D+00
 -2.682D-05  1.778D+00
 -3.192D-05  1.742D+00
 -3.579D-05  1.777D+00
 -4.196D-05  1.733D+00
 -4.576D-05  1.783D+00
 -5.322D-05  1.728D+00
 -5.660D-05  1.795D+00
 -6.570D-05  1.725D+00
 -6.818D-05  1.812D+00
 -7.936D-05  1.724D+00
 -8.029D-05  1.835D+00
 -9.417D-05  1.724D+00
 -9.270D-05  1.866D+00
 -1.101D-04  1.724D+00
 -1.051D-04  1.904D+00
 -1.272D-04  1.726D+00
 -1.170D-04  1.953D+00
 -1.453D-04  1.727D+00
 -1.280D-04  2.017D+00
 -1.644D-04  1.729D+00
 -1.372D-04  2.100D+00
 -1.846D-04  1.731D+00
 -1.436D-04  2.212D+00
 -2.057D-04  1.733D+00
 -1.458D-04  2.369D+00
 -2.278D-04  1.735D+00
 -1.415D-04  2.602D+00
 -2.508D-04  1.737D+00
 -1.274D-04  2.982D+00
 -2.748D-04  1.739D+00
 -9.690D-05  3.739D+00
 -2.997D-04  1.740D+00
 -7.070D-05  4.382D+00
 -3.256D-04  1.740D+00
 -9.072D-05  3.143D+00
 -3.526D-04  1.739D+00
 -1.765D-04  6.857D-01
 -3.809D-04  1.736D+00
 -5.101D-04 -2.098D+00
 -4.108D-04  1.729D+00
 -1.439D-03 -1.722D+00
 -4.434D-04  1.717D+00
 -1.434D-06  4.923D-01
 -3.724D-07 -8.617D-01
 -8.902D-07  2.821D+00
 -2.542D-06  2.112D+00
 -4.486D-06  1.926D+00
 -6.800D-06  1.830D+00
 -9.344D-06  1.791D+00
 -1.235D-05  1.749D+00
 -1.544D-05  1.744D+00
 -1.919D-05  1.714D+00
 -2.273D-05  1.725D+00
 -2.729D-05  1.696D+00
 -3.116D-05  1.719D+00
 -3.666D-05  1.685D+00
 -4.067D-05  1.721D+00
 -4.727D-05  1.678D+00
 -5.115D-05  1.728D+00
 -5.909D-05  1.675D+00
 -6.250D-05  1.740D+00
 -7.212D-05  1.672D+00
 -7.456D-05  1.756D+00
 -8.632D-05  1.671D+00
 -8.716D-05  1.778D+00
 -1.017D-04  1.671D+00
 -1.001D-04  1.806D+00
 -1.182D-04  1.671D+00
 -1.129D-04  1.842D+00
 -1.357D-04  1.672D+00
 -1.254D-04  1.887D+00
 -1.544D-04  1.673D+00
 -1.369D-04  1.945D+00
 -1.740D-04  1.674D+00
 -1.468D-04  2.020D+00
 -1.947D-04  1.676D+00
 -1.540D-04  2.121D+00
 -2.164D-04  1.677D+00
 -1.571D-04  2.261D+00
 -2.390D-04  1.678D+00
 -1.542D-04  2.465D+00
 -2.626D-04  1.679D+00
 -1.418D-04  2.789D+00
 -2.871D-04  1.680D+00
 -1.144D-04  3.395D+00
 -3.125D-04  1.680D+00
 -7.645D-05  4.355D+00
 -3.390D-04  1.680D+00
 -8.225D-05  3.587D+00
 -3.665D-04  1.678D+00
 -1.529D-04  1.138D+00
 -3.953D-04  1.674D+00
 -4.537D-04 -1.924D+00
 -4.257D-04  1.667D+00
 -1.348D-03 -1.786D+00
 -4.586D-04  1.656D+00
 -1.354D-06  4.931D-01
 -3.049D-07 -4.096D-01
 -9.556D-07  2.626D+00
 -2.577D-06  2.030D+00
 -4.538D-06  1.850D+00
 -6.773D-06  1.778D+00
 -9.403D-06  1.725D+00
 -1.222D-05  1.708D+00
 -1.555D-05  1.677D+00
 -1.888D-05  1.680D+00
 -2.296D-05  1.654D+00
 -2.672D-05  1.669D+00
 -3.164D-05  1.641D+00
 -3.568D-05  1.666D+00
 -4.156D-05  1.633D+00
 -4.569D-05  1.670D+00
 -5.270D-05  1.628D+00
 -5.665D-05  1.677D+00
 -6.506D-05  1.625D+00
 -6.847D-05  1.689D+00
 -7.860D-05  1.623D+00
 -8.099D-05  1.705D+00
 -9.330D-05  1.622D+00
 -9.404D-05  1.725D+00
 -1.092D-04  1.622D+00
 -1.074D-04  1.751D+00
 -1.261D-04  1.622D+00
 -1.207D-04  1.784D+00
 -1.442D-04  1.622D+00
 -1.337D-04  1.826D+00
 -1.633D-04  1.623D+00
 -1.457D-04  1.879D+00
 -1.834D-04  1.623D+00
 -1.562D-04  1.947D+00
 -2.046D-04  1.624D+00
 -1.641D-04  2.039D+00
 -2.267D-04  1.625D+00
 -1.682D-04  2.164D+00
 -2.498D-04  1.625D+00
 -1.664D-04  2.344D+00
 -2.738D-04  1.626D+00
 -1.557D-04  2.625D+00
 -2.988D-04  1.626D+00
 -1.308D-04  3.127D+00
 -3.247D-04  1.625D+00
 -7.997D-05  4.395D+00
 -3.516D-04  1.624D+00
 -8.170D-05  3.821D+00
 -3.796D-04  1.621D+00
 -1.387D-04  1.627D+00
 -4.088D-04  1.617D+00
 -4.014D-04 -1.697D+00
 -4.395D-04  1.610D+00
 -1.261D-03 -1.853D+00
 -4.727D-04  1.599D+00
 -1.280D-06  4.938D-01
 -2.491D-07  1.590D-01
 -1.002D-06  2.478D+00
 -2.620D-06  1.946D+00
 -4.533D-06  1.794D+00
 -6.800D-06  1.715D+00
 -9.312D-06  1.682D+00
 -1.225D-05  1.648D+00
 -1.532D-05  1.642D+00
 -1.897D-05  1.618D+00
 -2.252D-05  1.625D+00
 -2.694D-05  1.602D+00
 -3.088D-05  1.619D+00
 -3.615D-05  1.592D+00
 -4.034D-05  1.619D+00
 -4.659D-05  1.586D+00
 -5.082D-05  1.623D+00
 -5.824D-05  1.582D+00
 -6.224D-05  1.631D+00
 -7.109D-05  1.580D+00
 -7.450D-05  1.642D+00
 -8.511D-05  1.578D+00
 -8.744D-05  1.657D+00
 -1.003D-04  1.577D+00
 -1.009D-04  1.676D+00
 -1.166D-04  1.576D+00
 -1.147D-04  1.700D+00
 -1.340D-04  1.576D+00
 -1.284D-04  1.731D+00
 -1.525D-04  1.576D+00
 -1.418D-04  1.769D+00
 -1.720D-04  1.576D+00
 -1.544D-04  1.817D+00
 -1.925D-04  1.576D+00
 -1.654D-04  1.880D+00
 -2.141D-04  1.576D+00
 -1.740D-04  1.963D+00
 -2.366D-04  1.576D+00
 -1.789D-04  2.076D+00
 -2.601D-04  1.576D+00
 -1.782D-04  2.237D+00
 -2.845D-04  1.576D+00
 -1.690D-04  2.484D+00
 -3.099D-04  1.575D+00
 -1.465D-04  2.908D+00
 -3.362D-04  1.574D+00
 -1.008D-04  3.862D+00
 -3.634D-04  1.572D+00
 -7.977D-05  4.081D+00
 -3.918D-04  1.569D+00
 -1.246D-04  2.071D+00
 -4.213D-04  1.564D+00
 -3.523D-04 -1.266D+00
 -4.523D-04  1.557D+00
 -1.179D-03 -1.914D+00
 -4.856D-04  1.546D+00
 -1.211D-06  4.949D-01
 -2.074D-07  7.224D-01
 -1.047D-06  2.339D+00
 -2.634D-06  1.879D+00
 -4.550D-06  1.732D+00
 -6.744D-06  1.671D+00
 -9.310D-06  1.627D+00
 -1.208D-05  1.611D+00
 -1.532D-05  1.586D+00
 -1.863D-05  1.587D+00
 -2.259D-05  1.566D+00
 -2.635D-05  1.577D+00
 -3.108D-05  1.555D+00
 -3.520D-05  1.573D+00
 -4.081D-05  1.547D+00
 -4.512D-05  1.575D+00
 -5.174D-05  1.543D+00
 -5.605D-05  1.579D+00
 -6.386D-05  1.539D+00
 -6.789D-05  1.587D+00
 -7.717D-05  1.537D+00
 -8.055D-05  1.598D+00
 -9.162D-05  1.535D+00
 -9.389D-05  1.612D+00
 -1.072D-04  1.534D+00
 -1.077D-04  1.630D+00
 -1.239D-04  1.533D+00
 -1.219D-04  1.652D+00
 -1.417D-04  1.533D+00
 -1.360D-04  1.680D+00
 -1.606D-04  1.532D+00
 -1.498D-04  1.716D+00
 -1.805D-04  1.532D+00
 -1.628D-04  1.760D+00
 -2.014D-04  1.532D+00
 -1.744D-04  1.818D+00
 -2.233D-04  1.531D+00
 -1.836D-04  1.894D+00
 -2.462D-04  1.531D+00
 -1.892D-04  1.996D+00
 -2.700D-04  1.530D+00
 -1.895D-04  2.141D+00
 -2.947D-04  1.529D+00
 -1.817D-04  2.360D+00
 -3.204D-04  1.528D+00
 -1.613D-04  2.725D+00
 -3.470D-04  1.526D+00
 -1.196D-04  3.486D+00
 -3.746D-04  1.523D+00
 -7.793D-05  4.315D+00
 -4.032D-04  1.520D+00
 -1.107D-04  2.509D+00
 -4.329D-04  1.515D+00
 -3.097D-04 -9.039D-01
 -4.642D-04  1.507D+00
 -1.102D-03 -1.977D+00
 -4.975D-04  1.496D+00
 -1.147D-06  4.960D-01
 -1.681D-07  1.279D+00
 -1.078D-06  2.229D+00
 -2.654D-06  1.811D+00
 -4.522D-06  1.685D+00
 -6.730D-06  1.618D+00
 -9.191D-06  1.589D+00
 -1.205D-05  1.561D+00
 -1.507D-05  1.555D+00
 -1.860D-05  1.535D+00
 -2.212D-05  1.539D+00
 -2.638D-05  1.520D+00
 -3.033D-05  1.533D+00
 -3.538D-05  1.512D+00
 -3.964D-05  1.532D+00
 -4.558D-05  1.506D+00
 -5.000D-05  1.534D+00
 -5.697D-05  1.502D+00
 -6.134D-05  1.539D+00
 -6.954D-05  1.499D+00
 -7.358D-05  1.546D+00
 -8.326D-05  1.497D+00
 -8.662D-05  1.557D+00
 -9.813D-05  1.496D+00
 -1.003D-04  1.570D+00
 -1.141D-04  1.494D+00
 -1.145D-04  1.587D+00
 -1.312D-04  1.493D+00
 -1.290D-04  1.607D+00
 -1.493D-04  1.492D+00
 -1.435D-04  1.633D+00
 -1.685D-04  1.491D+00
 -1.577D-04  1.666D+00
 -1.888D-04  1.491D+00
 -1.711D-04  1.707D+00
 -2.100D-04  1.490D+00
 -1.831D-04  1.760D+00
 -2.322D-04  1.489D+00
 -1.928D-04  1.830D+00
 -2.553D-04  1.488D+00
 -1.992D-04  1.923D+00
 -2.794D-04  1.487D+00
 -2.005D-04  2.054D+00
 -3.044D-04  1.485D+00
 -1.940D-04  2.249D+00
 -3.304D-04  1.483D+00
 -1.755D-04  2.569D+00
 -3.572D-04  1.481D+00
 -1.371D-04  3.197D+00
 -3.850D-04  1.478D+00
 -8.485D-05  4.247D+00
 -4.138D-04  1.474D+00
 -1.056D-04  2.852D+00
 -4.437D-04  1.468D+00
 -2.707D-04 -5.807D-01
 -4.751D-04  1.461D+00
 -1.028D-03 -2.044D+00
 -5.084D-04  1.450D+00
 -1.087D-06  4.974D-01
 -1.466D-07  1.816D+00
 -1.107D-06  2.123D+00
 -2.651D-06  1.755D+00
 -4.513D-06  1.632D+00
 -6.651D-06  1.580D+00
 -9.142D-06  1.542D+00
 -1.185D-05  1.528D+00
 -1.499D-05  1.507D+00
 -1.824D-05  1.507D+00
 -2.206D-05  1.489D+00
 -2.578D-05  1.497D+00
 -3.033D-05  1.479D+00
 -3.445D-05  1.493D+00
 -3.980D-05  1.472D+00
 -4.419D-05  1.493D+00
 -5.045D-05  1.468D+00
 -5.496D-05  1.496D+00
 -6.227D-05  1.464D+00
 -6.669D-05  1.501D+00
 -7.525D-05  1.462D+00
 -7.929D-05  1.508D+00
 -8.936D-05  1.460D+00
 -9.267D-05  1.518D+00
 -1.046D-04  1.458D+00
 -1.067D-04  1.530D+00
 -1.209D-04  1.457D+00
 -1.212D-04  1.546D+00
 -1.383D-04  1.455D+00
 -1.360D-04  1.565D+00
 -1.568D-04  1.454D+00
 -1.508D-04  1.589D+00
 -1.763D-04  1.453D+00
 -1.653D-04  1.619D+00
 -1.968D-04  1.452D+00
 -1.791D-04  1.657D+00
 -2.183D-04  1.450D+00
 -1.915D-04  1.706D+00
 -2.407D-04  1.449D+00
 -2.018D-04  1.770D+00
 -2.641D-04  1.447D+00
 -2.088D-04  1.856D+00
 -2.884D-04  1.446D+00
 -2.110D-04  1.975D+00
 -3.137D-04  1.443D+00
 -2.057D-04  2.150D+00
 -3.398D-04  1.441D+00
 -1.890D-04  2.432D+00
 -3.668D-04  1.438D+00
 -1.535D-04  2.964D+00
 -3.947D-04  1.435D+00
 -8.721D-05  4.320D+00
 -4.237D-04  1.430D+00
 -9.748D-05  3.235D+00
 -4.537D-04  1.424D+00
 -2.388D-04 -1.464D-01
 -4.851D-04  1.417D+00
 -9.581D-04 -2.115D+00
 -5.183D-04  1.406D+00
 -1.032D-06  4.987D-01
 -1.238D-07  2.361D+00
 -1.126D-06  2.037D+00
 -2.653D-06  1.698D+00
 -4.468D-06  1.591D+00
 -6.608D-06  1.534D+00
 -9.003D-06  1.509D+00
 -1.177D-05  1.484D+00
 -1.472D-05  1.478D+00
 -1.813D-05  1.462D+00
 -2.159D-05  1.464D+00
 -2.568D-05  1.449D+00
 -2.959D-05  1.458D+00
 -3.442D-05  1.441D+00
 -3.869D-05  1.456D+00
 -4.433D-05  1.436D+00
 -4.884D-05  1.457D+00
 -5.540D-05  1.432D+00
 -5.998D-05  1.460D+00
 -6.762D-05  1.429D+00
 -7.207D-05  1.465D+00
 -8.097D-05  1.426D+00
 -8.501D-05  1.472D+00
 -9.544D-05  1.424D+00
 -9.870D-05  1.481D+00
 -1.110D-04  1.422D+00
 -1.130D-04  1.492D+00
 -1.276D-04  1.421D+00
 -1.278D-04  1.507D+00
 -1.453D-04  1.419D+00
 -1.429D-04  1.525D+00
 -1.641D-04  1.418D+00
 -1.580D-04  1.547D+00
 -1.838D-04  1.416D+00
 -1.728D-04  1.575D+00
 -2.046D-04  1.414D+00
 -1.869D-04  1.611D+00
 -2.263D-04  1.413D+00
 -1.997D-04  1.656D+00
 -2.489D-04  1.411D+00
 -2.105D-04  1.714D+00
 -2.725D-04  1.409D+00
 -2.181D-04  1.793D+00
 -2.970D-04  1.407D+00
 -2.210D-04  1.902D+00
 -3.224D-04  1.404D+00
 -2.169D-04  2.060D+00
 -3.486D-04  1.401D+00
 -2.018D-04  2.311D+00
 -3.758D-04  1.398D+00
 -1.690D-04  2.770D+00
 -4.038D-04  1.394D+00
 -1.027D-04  3.967D+00
 -4.328D-04  1.389D+00
 -9.043D-05  3.587D+00
 -4.628D-04  1.383D+00
 -2.122D-04  2.846D-01
 -4.942D-04  1.375D+00
 -8.924D-04 -2.191D+00
 -5.274D-04  1.364D+00
 -9.795D-07  5.003D-01
 -1.093D-07  2.814D+00
 -1.144D-06  1.953D+00
 -2.638D-06  1.650D+00
 -4.439D-06  1.546D+00
 -6.513D-06  1.500D+00
 -8.921D-06  1.468D+00
 -1.156D-05  1.455D+00
 -1.459D-05  1.437D+00
 -1.775D-05  1.436D+00
 -2.143D-05  1.421D+00
 -2.508D-05  1.426D+00
 -2.944D-05  1.412D+00
 -3.352D-05  1.422D+00
 -3.862D-05  1.406D+00
 -4.302D-05  1.421D+00
 -4.894D-05  1.401D+00
 -5.355D-05  1.423D+00
 -6.041D-05  1.398D+00
 -6.505D-05  1.426D+00
 -7.299D-05  1.395D+00
 -7.746D-05  1.431D+00
 -8.669D-05  1.393D+00
 -9.070D-05  1.437D+00
 -1.015D-04  1.391D+00
 -1.047D-04  1.446D+00
 -1.173D-04  1.389D+00
 -1.193D-04  1.457D+00
 -1.343D-04  1.387D+00
 -1.343D-04  1.470D+00
 -1.522D-04  1.385D+00
 -1.496D-04  1.487D+00
 -1.712D-04  1.383D+00
 -1.650D-04  1.507D+00
 -1.912D-04  1.381D+00
 -1.801D-04  1.533D+00
 -2.121D-04  1.379D+00
 -1.945D-04  1.566D+00
 -2.340D-04  1.377D+00
 -2.076D-04  1.608D+00
 -2.568D-04  1.375D+00
 -2.188D-04  1.662D+00
 -2.805D-04  1.372D+00
 -2.270D-04  1.734D+00
 -3.051D-04  1.370D+00
 -2.307D-04  1.834D+00
 -3.306D-04  1.367D+00
 -2.276D-04  1.978D+00
 -3.569D-04  1.363D+00
 -2.140D-04  2.203D+00
 -3.841D-04  1.359D+00
 -1.836D-04  2.604D+00
 -4.122D-04  1.355D+00
 -1.225D-04  3.561D+00
 -4.412D-04  1.350D+00
 -9.047D-05  3.770D+00
 -4.713D-04  1.343D+00
 -1.867D-04  6.890D-01
 -5.025D-04  1.335D+00
 -8.317D-04 -2.272D+00
 -5.355D-04  1.325D+00
 -9.310D-07  5.019D-01
 -9.741D-08  3.269D+00
 -1.152D-06  1.883D+00
 -2.627D-06  1.601D+00
 -4.383D-06  1.509D+00
 -6.448D-06  1.461D+00
 -8.768D-06  1.438D+00
 -1.143D-05  1.417D+00
 -1.430D-05  1.411D+00
 -1.758D-05  1.396D+00
 -2.095D-05  1.398D+00
 -2.488D-05  1.385D+00
 -2.871D-05  1.392D+00
 -3.333D-05  1.378D+00
 -3.755D-05  1.389D+00
 -4.291D-05  1.373D+00
 -4.743D-05  1.389D+00
 -5.362D-05  1.369D+00
 -5.831D-05  1.390D+00
 -6.545D-05  1.366D+00
 -7.013D-05  1.394D+00
 -7.838D-05  1.363D+00
 -8.284D-05  1.398D+00
 -9.239D-05  1.361D+00
 -9.636D-05  1.404D+00
 -1.075D-04  1.358D+00
 -1.106D-04  1.412D+00
 -1.236D-04  1.356D+00
 -1.254D-04  1.422D+00
 -1.408D-04  1.354D+00
 -1.407D-04  1.435D+00
 -1.589D-04  1.352D+00
 -1.562D-04  1.450D+00
 -1.781D-04  1.350D+00
 -1.718D-04  1.470D+00
 -1.983D-04  1.348D+00
 -1.871D-04  1.494D+00
 -2.194D-04  1.345D+00
 -2.018D-04  1.524D+00
 -2.414D-04  1.343D+00
 -2.152D-04  1.563D+00
 -2.643D-04  1.340D+00
 -2.268D-04  1.613D+00
 -2.881D-04  1.337D+00
 -2.355D-04  1.679D+00
 -3.128D-04  1.334D+00
 -2.399D-04  1.771D+00
 -3.383D-04  1.331D+00
 -2.377D-04  1.903D+00
 -3.647D-04  1.327D+00
 -2.256D-04  2.106D+00
 -3.919D-04  1.323D+00
 -1.974D-04  2.460D+00
 -4.200D-04  1.318D+00
 -1.406D-04  3.253D+00
 -4.490D-04  1.312D+00
 -8.680D-05  4.035D+00
 -4.789D-04  1.306D+00
 -1.650D-04  1.092D+00
 -5.101D-04  1.298D+00
 -7.740D-04 -2.360D+00
 -5.428D-04  1.287D+00
 -8.854D-07  5.038D-01
 -8.645D-08  3.692D+00
 -1.161D-06  1.814D+00
 -2.603D-06  1.559D+00
 -4.339D-06  1.470D+00
 -6.342D-06  1.430D+00
 -8.661D-06  1.402D+00
 -1.121D-05  1.390D+00
 -1.413D-05  1.374D+00
 -1.720D-05  1.372D+00
 -2.073D-05  1.360D+00
 -2.429D-05  1.364D+00
 -2.846D-05  1.352D+00
 -3.245D-05  1.360D+00
 -3.732D-05  1.346D+00
 -4.167D-05  1.358D+00
 -4.729D-05  1.341D+00
 -5.190D-05  1.358D+00
 -5.835D-05  1.338D+00
 -6.310D-05  1.360D+00
 -7.051D-05  1.335D+00
 -7.522D-05  1.363D+00
 -8.375D-05  1.332D+00
 -8.821D-05  1.367D+00
 -9.804D-05  1.330D+00
 -1.020D-04  1.373D+00
 -1.134D-04  1.328D+00
 -1.164D-04  1.380D+00
 -1.298D-04  1.325D+00
 -1.315D-04  1.390D+00
 -1.471D-04  1.323D+00
 -1.469D-04  1.401D+00
 -1.655D-04  1.321D+00
 -1.627D-04  1.416D+00
 -1.848D-04  1.318D+00
 -1.784D-04  1.433D+00
 -2.051D-04  1.316D+00
 -1.939D-04  1.456D+00
 -2.264D-04  1.313D+00
 -2.088D-04  1.484D+00
 -2.485D-04  1.310D+00
 -2.226D-04  1.520D+00
 -2.715D-04  1.307D+00
 -2.345D-04  1.566D+00
 -2.954D-04  1.304D+00
 -2.436D-04  1.628D+00
 -3.201D-04  1.300D+00
 -2.486D-04  1.712D+00
 -3.456D-04  1.297D+00
 -2.474D-04  1.833D+00
 -3.720D-04  1.292D+00
 -2.366D-04  2.018D+00
 -3.992D-04  1.288D+00
 -2.104D-04  2.333D+00
 -4.272D-04  1.283D+00
 -1.573D-04  3.007D+00
 -4.561D-04  1.277D+00
 -8.741D-05  4.154D+00
 -4.859D-04  1.270D+00
 -1.508D-04  1.500D+00
 -5.169D-04  1.261D+00
 -7.192D-04 -2.457D+00
 -5.494D-04  1.251D+00
 -8.429D-07  5.055D-01
 -8.345D-08  3.934D+00
 -1.162D-06  1.755D+00
 -2.582D-06  1.517D+00
 -4.274D-06  1.437D+00
 -6.261D-06  1.395D+00
 -8.499D-06  1.374D+00
 -1.106D-05  1.356D+00
 -1.383D-05  1.350D+00
 -1.698D-05  1.338D+00
 -2.025D-05  1.338D+00
 -2.402D-05  1.327D+00
 -2.775D-05  1.332D+00
 -3.215D-05  1.321D+00
 -3.629D-05  1.329D+00
 -4.139D-05  1.316D+00
 -4.586D-05  1.328D+00
 -5.171D-05  1.312D+00
 -5.641D-05  1.329D+00
 -6.312D-05  1.309D+00
 -6.791D-05  1.331D+00
 -7.558D-05  1.306D+00
 -8.030D-05  1.333D+00
 -8.910D-05  1.303D+00
 -9.353D-05  1.337D+00
 -1.036D-04  1.301D+00
 -1.075D-04  1.343D+00
 -1.192D-04  1.298D+00
 -1.222D-04  1.350D+00
 -1.358D-04  1.296D+00
 -1.374D-04  1.358D+00
 -1.534D-04  1.293D+00
 -1.530D-04  1.369D+00
 -1.719D-04  1.291D+00
 -1.689D-04  1.382D+00
 -1.914D-04  1.288D+00
 -1.849D-04  1.399D+00
 -2.118D-04  1.285D+00
 -2.005D-04  1.419D+00
 -2.331D-04  1.282D+00
 -2.156D-04  1.446D+00
 -2.553D-04  1.279D+00
 -2.296D-04  1.479D+00
 -2.783D-04  1.275D+00
 -2.418D-04  1.522D+00
 -3.022D-04  1.272D+00
 -2.514D-04  1.579D+00
 -3.269D-04  1.268D+00
 -2.570D-04  1.657D+00
 -3.524D-04  1.264D+00
 -2.566D-04  1.768D+00
 -3.788D-04  1.259D+00
 -2.470D-04  1.937D+00
 -4.059D-04  1.254D+00
 -2.227D-04  2.220D+00
 -4.338D-04  1.249D+00
 -1.730D-04  2.802D+00
 -4.625D-04  1.242D+00
 -9.305D-05  4.115D+00
 -4.922D-04  1.235D+00
 -1.363D-04  1.887D+00
 -5.229D-04  1.227D+00
 -6.674D-04 -2.565D+00
 -5.551D-04  1.216D+00
 -8.029D-07  5.076D-01
 -7.628D-08  4.277D+00
 -1.164D-06  1.697D+00
 -2.551D-06  1.480D+00
 -4.219D-06  1.402D+00
 -6.148D-06  1.366D+00
 -8.376D-06  1.342D+00
 -1.084D-05  1.331D+00
 -1.363D-05  1.318D+00
 -1.660D-05  1.315D+00
 -1.998D-05  1.305D+00
 -2.343D-05  1.307D+00
 -2.742D-05  1.297D+00
 -3.131D-05  1.303D+00
 -3.594D-05  1.291D+00
 -4.021D-05  1.301D+00
 -4.553D-05  1.287D+00
 -5.010D-05  1.300D+00
 -5.619D-05  1.284D+00
 -6.095D-05  1.301D+00
 -6.789D-05  1.281D+00
 -7.272D-05  1.302D+00
 -8.064D-05  1.278D+00
 -8.536D-05  1.305D+00
 -9.440D-05  1.275D+00
 -9.881D-05  1.309D+00
 -1.092D-04  1.272D+00
 -1.130D-04  1.314D+00
 -1.250D-04  1.270D+00
 -1.278D-04  1.320D+00
 -1.417D-04  1.267D+00
 -1.432D-04  1.328D+00
 -1.594D-04  1.264D+00
 -1.590D-04  1.338D+00
 -1.781D-04  1.262D+00
 -1.750D-04  1.350D+00
 -1.977D-04  1.259D+00
 -1.911D-04  1.365D+00
 -2.181D-04  1.255D+00
 -2.069D-04  1.385D+00
 -2.395D-04  1.252D+00
 -2.222D-04  1.409D+00
 -2.617D-04  1.249D+00
 -2.363D-04  1.440D+00
 -2.848D-04  1.245D+00
 -2.488D-04  1.480D+00
 -3.087D-04  1.241D+00
 -2.588D-04  1.533D+00
 -3.334D-04  1.237D+00
 -2.649D-04  1.605D+00
 -3.588D-04  1.232D+00
 -2.653D-04  1.708D+00
 -3.850D-04  1.227D+00
 -2.568D-04  1.862D+00
 -4.121D-04  1.222D+00
 -2.343D-04  2.118D+00
 -4.398D-04  1.216D+00
 -1.876D-04  2.628D+00
 -4.684D-04  1.209D+00
 -9.456D-05  4.189D+00
 -4.979D-04  1.202D+00
 -1.211D-04  2.279D+00
 -5.283D-04  1.193D+00
 -6.092D-04 -2.468D+00
 -5.602D-04  1.183D+00
 -7.655D-07  5.095D-01
 -8.092D-08  4.217D+00
 -1.160D-06  1.646D+00
 -2.523D-06  1.442D+00
 -4.148D-06  1.372D+00
 -6.056D-06  1.335D+00
 -8.209D-06  1.317D+00
 -1.067D-05  1.301D+00
 -1.333D-05  1.295D+00
 -1.635D-05  1.284D+00
 -1.951D-05  1.284D+00
 -2.311D-05  1.275D+00
 -2.673D-05  1.278D+00
 -3.093D-05  1.268D+00
 -3.496D-05  1.275D+00
 -3.980D-05  1.264D+00
 -4.418D-05  1.274D+00
 -4.973D-05  1.260D+00
 -5.438D-05  1.273D+00
 -6.068D-05  1.257D+00
 -6.550D-05  1.274D+00
 -7.267D-05  1.254D+00
 -7.752D-05  1.275D+00
 -8.567D-05  1.251D+00
 -9.038D-05  1.278D+00
 -9.966D-05  1.248D+00
 -1.040D-04  1.281D+00
 -1.146D-04  1.245D+00
 -1.184D-04  1.286D+00
 -1.306D-04  1.243D+00
 -1.334D-04  1.291D+00
 -1.475D-04  1.240D+00
 -1.489D-04  1.299D+00
 -1.653D-04  1.237D+00
 -1.648D-04  1.308D+00
 -1.841D-04  1.233D+00
 -1.809D-04  1.319D+00
 -2.038D-04  1.230D+00
 -1.971D-04  1.333D+00
 -2.243D-04  1.227D+00
 -2.130D-04  1.351D+00
 -2.457D-04  1.223D+00
 -2.284D-04  1.374D+00
 -2.679D-04  1.219D+00
 -2.428D-04  1.402D+00
 -2.909D-04  1.215D+00
 -2.555D-04  1.440D+00
 -3.148D-04  1.211D+00
 -2.658D-04  1.489D+00
 -3.394D-04  1.206D+00
 -2.724D-04  1.556D+00
 -3.647D-04  1.202D+00
 -2.735D-04  1.651D+00
 -3.909D-04  1.196D+00
 -2.661D-04  1.793D+00
 -4.177D-04  1.191D+00
 -2.453D-04  2.026D+00
 -4.453D-04  1.184D+00
 -2.013D-04  2.478D+00
 -4.737D-04  1.178D+00
 -1.097D-04  3.855D+00
 -5.029D-04  1.170D+00
 -1.154D-04  2.580D+00
 -5.331D-04  1.161D+00
 -5.496D-04 -2.264D+00
 -5.646D-04  1.150D+00
 -7.303D-07  5.117D-01
 -8.126D-08  4.280D+00
 -1.156D-06  1.596D+00
 -2.487D-06  1.409D+00
 -4.087D-06  1.341D+00
 -5.939D-06  1.309D+00
 -8.074D-06  1.287D+00
 -1.044D-05  1.277D+00
 -1.312D-05  1.266D+00
 -1.598D-05  1.263D+00
 -1.921D-05  1.254D+00
 -2.254D-05  1.255D+00
 -2.635D-05  1.247D+00
 -3.011D-05  1.251D+00
 -3.452D-05  1.241D+00
 -3.868D-05  1.249D+00
 -4.373D-05  1.237D+00
 -4.821D-05  1.248D+00
 -5.396D-05  1.234D+00
 -5.868D-05  1.247D+00
 -6.519D-05  1.231D+00
 -7.005D-05  1.248D+00
 -7.743D-05  1.228D+00
 -8.229D-05  1.249D+00
 -9.066D-05  1.225D+00
 -9.535D-05  1.252D+00
 -1.049D-04  1.222D+00
 -1.092D-04  1.255D+00
 -1.200D-04  1.219D+00
 -1.237D-04  1.259D+00
 -1.361D-04  1.216D+00
 -1.388D-04  1.264D+00
 -1.531D-04  1.213D+00
 -1.544D-04  1.270D+00
 -1.711D-04  1.210D+00
 -1.704D-04  1.279D+00
 -1.899D-04  1.206D+00
 -1.866D-04  1.289D+00
 -2.096D-04  1.203D+00
 -2.029D-04  1.302D+00
 -2.302D-04  1.199D+00
 -2.189D-04  1.319D+00
 -2.516D-04  1.195D+00
 -2.344D-04  1.340D+00
 -2.738D-04  1.191D+00
 -2.489D-04  1.367D+00
 -2.967D-04  1.187D+00
 -2.619D-04  1.401D+00
 -3.205D-04  1.182D+00
 -2.725D-04  1.447D+00
 -3.450D-04  1.177D+00
 -2.795D-04  1.510D+00
 -3.703D-04  1.172D+00
 -2.812D-04  1.598D+00
 -3.962D-04  1.166D+00
 -2.748D-04  1.729D+00
 -4.229D-04  1.160D+00
 -2.555D-04  1.941D+00
 -4.503D-04  1.154D+00
 -2.142D-04  2.345D+00
 -4.784D-04  1.147D+00
 -1.286D-04  3.474D+00
 -5.074D-04  1.139D+00
 -1.077D-04  2.903D+00
 -5.373D-04  1.130D+00
 -4.958D-04 -2.095D+00
 -5.684D-04  1.119D+00
 -6.972D-07  5.138D-01
 -9.468D-08  3.887D+00
 -1.147D-06  1.552D+00
 -2.453D-06  1.375D+00
 -4.012D-06  1.313D+00
 -5.839D-06  1.280D+00
 -7.905D-06  1.264D+00
 -1.026D-05  1.250D+00
 -1.282D-05  1.244D+00
 -1.571D-05  1.235D+00
 -1.875D-05  1.234D+00
 -2.218D-05  1.226D+00
 -2.567D-05  1.229D+00
 -2.968D-05  1.220D+00
 -3.358D-05  1.225D+00
 -3.819D-05  1.216D+00
 -4.245D-05  1.224D+00
 -4.770D-05  1.212D+00
 -5.227D-05  1.223D+00
 -5.821D-05  1.209D+00
 -6.299D-05  1.222D+00
 -6.970D-05  1.206D+00
 -7.459D-05  1.223D+00
 -8.217D-05  1.203D+00
 -8.703D-05  1.224D+00
 -9.560D-05  1.200D+00
 -1.003D-04  1.226D+00
 -1.100D-04  1.197D+00
 -1.142D-04  1.229D+00
 -1.253D-04  1.194D+00
 -1.289D-04  1.232D+00
 -1.415D-04  1.190D+00
 -1.441D-04  1.237D+00
 -1.586D-04  1.187D+00
 -1.598D-04  1.243D+00
 -1.766D-04  1.184D+00
 -1.759D-04  1.251D+00
 -1.955D-04  1.180D+00
 -1.922D-04  1.260D+00
 -2.152D-04  1.176D+00
 -2.085D-04  1.272D+00
 -2.358D-04  1.172D+00
 -2.246D-04  1.288D+00
 -2.572D-04  1.168D+00
 -2.402D-04  1.307D+00
 -2.793D-04  1.164D+00
 -2.548D-04  1.332D+00
 -3.022D-04  1.159D+00
 -2.679D-04  1.365D+00
 -3.259D-04  1.154D+00
 -2.787D-04  1.407D+00
 -3.503D-04  1.149D+00
 -2.862D-04  1.465D+00
 -3.753D-04  1.143D+00
 -2.885D-04  1.547D+00
 -4.011D-04  1.138D+00
 -2.830D-04  1.668D+00
 -4.276D-04  1.131D+00
 -2.652D-04  1.863D+00
 -4.548D-04  1.124D+00
 -2.262D-04  2.227D+00
 -4.827D-04  1.117D+00
 -1.457D-04  3.181D+00
 -5.113D-04  1.109D+00
 -9.831D-05  3.257D+00
 -5.408D-04  1.099D+00
 -4.468D-04 -1.952D+00
 -5.715D-04  1.089D+00
