 -8.286D-03  7.728D-01
 -4.255D-03  7.701D-01
 -7.435D-03  7.597D-01
 -2.417D-03  7.690D-01
 -4.515D-03  7.507D-01
 -6.840D-03  7.436D-01
 -1.600D-03  7.661D-01
 -2.535D-03  7.446D-01
 -4.796D-03  7.293D-01
 -6.356D-03  7.246D-01
 -1.119D-03  7.632D-01
 -1.749D-03  7.345D-01
 -2.617D-03  7.184D-01
 -5.059D-03  7.061D-01
 -5.937D-03  7.029D-01
 -8.248D-04  7.596D-01
 -1.231D-03  7.248D-01
 -1.886D-03  7.024D-01
 -2.662D-03  6.904D-01
 -5.291D-03  6.812D-01
 -5.561D-03  6.785D-01
 -6.279D-04  7.559D-01
 -9.232D-04  7.132D-01
 -1.325D-03  6.867D-01
 -2.007D-03  6.692D-01
 -2.676D-03  6.601D-01
 -5.485D-03  6.545D-01
 -5.217D-03  6.514D-01
 -4.918D-04  7.517D-01
 -7.067D-04  7.012D-01
 -1.011D-03  6.683D-01
 -1.396D-03  6.480D-01
 -2.111D-03  6.347D-01
 -2.662D-03  6.276D-01
 -5.643D-03  6.261D-01
 -4.898D-03  6.216D-01
 -3.932D-04  7.474D-01
 -5.574D-04  6.881D-01
 -7.747D-04  6.492D-01
 -1.086D-03  6.234D-01
 -1.448D-03  6.077D-01
 -2.199D-03  5.987D-01
 -2.626D-03  5.925D-01
 -5.763D-03  5.961D-01
 -4.600D-03  5.891D-01
 -3.202D-04  7.429D-01
 -4.467D-04  6.745D-01
 -6.158D-04  6.282D-01
 -8.308D-04  5.978D-01
 -1.149D-03  5.779D-01
 -1.481D-03  5.655D-01
 -2.271D-03  5.610D-01
 -2.573D-03  5.547D-01
 -5.849D-03  5.644D-01
 -4.320D-03  5.538D-01
 -2.645D-04  7.382D-01
 -3.644D-04  6.600D-01
 -4.939D-04  6.063D-01
 -6.661D-04  5.697D-01
 -8.746D-04  5.456D-01
 -1.201D-03  5.309D-01
 -1.497D-03  5.208D-01
 -2.329D-03  5.217D-01
 -2.505D-03  5.141D-01
 -5.903D-03  5.312D-01
 -4.056D-03  5.156D-01
 -2.214D-04  7.335D-01
 -3.008D-04  6.451D-01
 -4.041D-04  5.829D-01
 -5.339D-04  5.400D-01
 -7.081D-04  5.109D-01
 -9.067D-04  4.917D-01
 -1.242D-03  4.822D-01
 -1.498D-03  4.733D-01
 -2.371D-03  4.805D-01
 -2.427D-03  4.705D-01
 -5.927D-03  4.966D-01
 -3.806D-03  4.744D-01
 -1.873D-04  7.287D-01
 -2.514D-04  6.297D-01
 -3.333D-04  5.584D-01
 -4.383D-04  5.081D-01
 -5.661D-04  4.734D-01
 -7.421D-04  4.508D-01
 -9.279D-04  4.352D-01
 -1.274D-03  4.315D-01
 -1.487D-03  4.227D-01
 -2.401D-03  4.376D-01
 -2.341D-03  4.237D-01
 -5.924D-03  4.605D-01
 -3.570D-03  4.301D-01
 -1.599D-04  7.238D-01
 -2.120D-04  6.139D-01
 -2.784D-04  5.327D-01
 -3.611D-04  4.744D-01
 -4.668D-04  4.334D-01
 -5.907D-04  4.050D-01
 -7.685D-04  3.887D-01
 -9.391D-04  3.756D-01
 -1.297D-03  3.786D-01
 -1.466D-03  3.686D-01
 -2.418D-03  3.929D-01
 -2.249D-03  3.734D-01
 -5.896D-03  4.232D-01
 -3.345D-03  3.824D-01
 -1.377D-04  7.190D-01
 -1.803D-04  5.977D-01
 -2.342D-04  5.060D-01
 -3.018D-04  4.386D-01
 -3.838D-04  3.901D-01
 -4.896D-04  3.570D-01
 -6.080D-04  3.336D-01
 -7.880D-04  3.237D-01
 -9.414D-04  3.121D-01
 -1.311D-03  3.231D-01
 -1.435D-03  3.105D-01
 -2.423D-03  3.463D-01
 -2.153D-03  3.193D-01
 -5.847D-03  3.846D-01
 -3.132D-03  3.311D-01
 -1.195D-04  7.142D-01
 -1.545D-04  5.813D-01
 -1.987D-04  4.782D-01
 -2.532D-04  4.007D-01
 -3.211D-04  3.441D-01
 -4.012D-04  3.034D-01
 -5.069D-04  2.775D-01
 -6.185D-04  2.580D-01
 -8.011D-04  2.554D-01
 -9.357D-04  2.440D-01
 -1.318D-03  2.649D-01
 -1.397D-03  2.480D-01
 -2.417D-03  2.979D-01
 -2.053D-03  2.610D-01
 -5.778D-03  3.449D-01
 -2.929D-03  2.760D-01
 -1.044D-04  7.096D-01
 -1.332D-04  5.647D-01
 -1.695D-04  4.494D-01
 -2.145D-04  3.606D-01
 -2.687D-04  2.943D-01
 -3.362D-04  2.467D-01
 -4.136D-04  2.123D-01
 -5.192D-04  1.938D-01
 -6.226D-04  1.770D-01
 -8.083D-04  1.831D-01
 -9.231D-04  1.704D-01
 -1.318D-03  2.038D-01
 -1.352D-03  1.804D-01
 -2.402D-03  2.475D-01
 -1.952D-03  1.981D-01
 -5.692D-03  3.041D-01
 -2.736D-03  2.164D-01
 -9.173D-05  7.050D-01
 -1.156D-04  5.480D-01
 -1.455D-04  4.195D-01
 -1.823D-04  3.182D-01
 -2.273D-04  2.410D-01
 -2.805D-04  1.835D-01
 -3.474D-04  1.441D-01
 -4.211D-04  1.149D-01
 -5.266D-04  1.045D-01
 -6.211D-04  8.934D-02
 -8.103D-04  1.063D-01
 -9.044D-04  9.052D-02
 -1.312D-03  1.395D-01
 -1.303D-03  1.069D-01
 -2.378D-03  1.952D-01
 -1.851D-03  1.299D-01
 -5.591D-03  2.623D-01
 -2.553D-03  1.520D-01
 -8.105D-05  7.005D-01
 -1.008D-04  5.312D-01
 -1.255D-04  3.886D-01
 -1.559D-04  2.734D-01
 -1.925D-04  1.833D-01
 -2.371D-04  1.157D-01
 -2.886D-04  6.540D-02
 -3.548D-04  3.422D-02
 -4.242D-04  9.019D-03
 -5.298D-04  8.364D-03
 -6.145D-04 -6.637D-03
 -8.075D-04  2.420D-02
 -8.806D-04  3.020D-03
 -1.300D-03  7.173D-02
 -1.250D-03  2.661D-02
 -2.346D-03  1.409D-01
 -1.749D-03  5.554D-02
 -5.477D-03  2.194D-01
 -2.379D-03  8.209D-02
 -7.197D-05  6.962D-01
 -8.832D-05  5.144D-01
 -1.088D-04  3.567D-01
 -1.338D-04  2.258D-01
 -1.642D-04  1.212D-01
 -2.000D-04  3.991D-02
 -2.439D-04 -1.912D-02
 -2.933D-04 -6.347D-02
 -3.587D-04 -8.552D-02
 -4.232D-04 -1.078D-01
 -5.291D-04 -9.609D-02
 -6.034D-04 -1.128D-01
 -8.004D-04 -6.399D-02
 -8.525D-04 -9.361D-02
 -1.283D-03  6.516D-05
 -1.194D-03 -6.168D-02
 -2.307D-03  8.438D-02
 -1.649D-03 -2.585D-02
 -5.353D-03  1.756D-01
 -2.213D-03  5.752D-03
 -6.420D-05  6.920D-01
 -7.773D-05  4.976D-01
 -9.466D-05  3.237D-01
 -1.154D-04  1.753D-01
 -1.402D-04  5.338D-02
 -1.701D-04 -4.278D-02
 -2.049D-04 -1.171D-01
 -2.479D-04 -1.676D-01
 -2.947D-04 -2.071D-01
 -3.593D-04 -2.180D-01
 -4.184D-04 -2.389D-01
 -5.250D-04 -2.108D-01
 -5.884D-04 -2.318D-01
 -7.895D-04 -1.593D-01
 -8.208D-04 -2.013D-01
 -1.261D-03 -7.591D-02
 -1.135D-03 -1.596D-01
 -2.262D-03  2.562D-02
 -1.549D-03 -1.156D-01
 -5.219D-03  1.308D-01
 -2.056D-03 -7.806D-02
 -5.751D-05  6.880D-01
 -6.868D-05  4.809D-01
 -8.267D-05  2.898D-01
 -9.972D-05  1.216D-01
 -1.203D-04 -2.031D-02
 -1.446D-04 -1.361D-01
 -1.739D-04 -2.252D-01
 -2.072D-04 -2.941D-01
 -2.493D-04 -3.350D-01
 -2.932D-04 -3.708D-01
 -3.571D-04 -3.670D-01
 -4.105D-04 -3.883D-01
 -5.177D-04 -3.380D-01
 -5.701D-04 -3.668D-01
 -7.753D-04 -2.629D-01
 -7.863D-04 -3.229D-01
 -1.236D-03 -1.567D-01
 -1.076D-03 -2.692D-01
 -2.211D-03 -3.559D-02
 -1.452D-03 -2.154D-01
 -5.077D-03  8.503D-02
 -1.906D-03 -1.708D-01
 -5.172D-05  6.842D-01
 -6.091D-05  4.644D-01
 -7.241D-05  2.547D-01
 -8.648D-05  6.436D-02
 -1.033D-04 -1.015D-01
 -1.235D-04 -2.400D-01
 -1.471D-04 -3.523D-01
 -1.756D-04 -4.349D-01
 -2.072D-04 -4.998D-01
 -2.484D-04 -5.286D-01
 -2.890D-04 -5.620D-01
 -3.524D-04 -5.377D-01
 -3.997D-04 -5.622D-01
 -5.078D-04 -4.808D-01
 -5.491D-04 -5.227D-01
 -7.581D-04 -3.765D-01
 -7.496D-04 -4.618D-01
 -1.207D-03 -2.431D-01
 -1.015D-03 -3.933D-01
 -2.156D-03 -9.944D-02
 -1.357D-03 -3.274D-01
 -4.930D-03  3.834D-02
 -1.764D-03 -2.742D-01
 -4.668D-05  6.805D-01
 -5.420D-05  4.480D-01
 -6.363D-05  2.186D-01
 -7.515D-05  3.029D-03
 -8.905D-05 -1.910D-01
 -1.055D-04 -3.593D-01
 -1.252D-04 -4.975D-01
 -1.477D-04 -6.095D-01
 -1.754D-04 -6.849D-01
 -2.051D-04 -7.475D-01
 -2.454D-04 -7.587D-01
 -2.826D-04 -7.921D-01
 -3.455D-04 -7.372D-01
 -3.866D-04 -7.696D-01
 -4.957D-04 -6.436D-01
 -5.259D-04 -7.063D-01
 -7.385D-04 -5.020D-01
 -7.113D-04 -6.233D-01
 -1.175D-03 -3.358D-01
 -9.547D-04 -5.358D-01
 -2.096D-03 -1.662D-01
 -1.265D-03 -4.547D-01
 -4.778D-03 -9.316D-03
 -1.630D-03 -3.908D-01
 -4.227D-05  6.771D-01
 -4.838D-05  4.318D-01
 -5.605D-05  1.813D-01
 -6.547D-05 -6.283D-02
 -7.679D-05 -2.912D-01
 -9.037D-05 -4.959D-01
 -1.062D-04 -6.733D-01
 -1.253D-04 -8.149D-01
 -1.467D-04 -9.307D-01
 -1.736D-04 -9.963D-01
 -2.011D-04 -1.046D+00
 -2.406D-04 -1.036D+00
 -2.738D-04 -1.056D+00
 -3.369D-04 -9.769D-01
 -3.717D-04 -1.023D+00
 -4.817D-04 -8.324D-01
 -5.012D-04 -9.282D-01
 -7.167D-04 -6.423D-01
 -6.721D-04 -8.149D-01
 -1.140D-03 -4.358D-01
 -8.946D-04 -7.022D-01
 -2.034D-03 -2.361D-01
 -1.175D-03 -6.014D-01
 -4.623D-03 -5.797D-02
 -1.503D-03 -5.241D-01
 -3.840D-05  6.738D-01
 -4.331D-05  4.159D-01
 -4.950D-05  1.428D-01
 -5.712D-05 -1.340D-01
 -6.636D-05 -4.036D-01
 -7.737D-05 -6.572D-01
 -9.057D-05 -8.841D-01
 -1.057D-04 -1.066D+00
 -1.234D-04 -1.149D+00
 -1.428D-04 -1.217D+00
 -1.683D-04 -1.242D+00
 -1.931D-04 -1.276D+00
 -2.317D-04 -1.242D+00
 -2.607D-04 -1.266D+00
 -3.241D-04 -1.170D+00
 -3.515D-04 -1.210D+00
 -4.659D-04 -1.047D+00
 -4.724D-04 -1.129D+00
 -6.933D-04 -8.011D-01
 -6.321D-04 -1.039D+00
 -1.104D-03 -5.445D-01
 -8.355D-04 -9.009D-01
 -1.968D-03 -3.096D-01
 -1.089D-03 -7.737D-01
 -4.465D-03 -1.077D-01
 -1.382D-03 -6.786D-01
 -3.498D-05  6.708D-01
 -3.887D-05  4.003D-01
 -4.381D-05  1.030D-01
 -4.992D-05 -2.111D-01
 -5.736D-05 -5.322D-01
 -6.638D-05 -8.493D-01
 -7.682D-05 -1.112D+00
 -8.871D-05 -1.259D+00
 -1.022D-04 -1.382D+00
 -1.189D-04 -1.445D+00
 -1.365D-04 -1.492D+00
 -1.609D-04 -1.494D+00
 -1.830D-04 -1.518D+00
 -2.208D-04 -1.467D+00
 -2.456D-04 -1.488D+00
 -3.091D-04 -1.376D+00
 -3.294D-04 -1.425D+00
 -4.451D-04 -1.205D+00
 -4.407D-04 -1.326D+00
 -6.686D-04 -9.835D-01
 -5.867D-04 -1.208D+00
 -1.065D-03 -6.635D-01
 -7.748D-04 -1.097D+00
 -1.901D-03 -3.870D-01
 -1.007D-03 -9.806D-01
 -4.307D-03 -1.585D-01
 -1.269D-03 -8.615D-01
 -3.196D-05  6.679D-01
 -3.498D-05  3.849D-01
 -3.885D-05  6.178D-02
 -4.368D-05 -2.955D-01
 -4.965D-05 -6.805D-01
 -5.691D-05 -1.081D+00
 -6.478D-05 -1.307D+00
 -7.385D-05 -1.483D+00
 -8.480D-05 -1.593D+00
 -9.695D-05 -1.685D+00
 -1.126D-04 -1.731D+00
 -1.284D-04 -1.779D+00
 -1.518D-04 -1.757D+00
 -1.711D-04 -1.782D+00
 -2.081D-04 -1.690D+00
 -2.285D-04 -1.722D+00
 -2.920D-04 -1.559D+00
 -3.054D-04 -1.626D+00
 -4.230D-04 -1.389D+00
 -4.074D-04 -1.516D+00
 -6.399D-04 -1.139D+00
 -5.410D-04 -1.406D+00
 -1.026D-03 -7.950D-01
 -7.115D-04 -1.270D+00
 -1.832D-03 -4.690D-01
 -9.221D-04 -1.149D+00
 -4.147D-03 -2.104D-01
 -1.160D-03 -1.057D+00
 -2.927D-05  6.652D-01
 -3.156D-05  3.700D-01
 -3.451D-05  1.912D-02
 -3.826D-05 -3.882D-01
 -4.298D-05 -8.557D-01
 -4.837D-05 -1.253D+00
 -5.429D-05 -1.517D+00
 -6.133D-05 -1.705D+00
 -6.950D-05 -1.860D+00
 -7.974D-05 -1.964D+00
 -9.082D-05 -2.052D+00
 -1.056D-04 -2.077D+00
 -1.198D-04 -2.121D+00
 -1.421D-04 -2.061D+00
 -1.588D-04 -2.090D+00
 -1.948D-04 -1.948D+00
 -2.111D-04 -1.994D+00
 -2.736D-04 -1.775D+00
 -2.809D-04 -1.868D+00
 -3.990D-04 -1.548D+00
 -3.732D-04 -1.730D+00
 -6.084D-04 -1.284D+00
 -4.944D-04 -1.584D+00
 -9.854D-04 -9.419D-01
 -6.491D-04 -1.454D+00
 -1.763D-03 -5.561D-01
 -8.388D-04 -1.329D+00
 -3.989D-03 -2.637D-01
 -1.051D-03 -1.216D+00
 -2.688D-05  6.628D-01
 -2.853D-05  3.553D-01
 -3.071D-05 -2.516D-02
 -3.354D-05 -4.911D-01
 -3.725D-05 -1.066D+00
 -4.097D-05 -1.459D+00
 -4.531D-05 -1.736D+00
 -5.060D-05 -1.977D+00
 -5.718D-05 -2.181D+00
 -6.467D-05 -2.364D+00
 -7.371D-05 -2.372D+00
 -8.180D-05 -2.206D+00
 -9.555D-05 -2.219D+00
 -1.066D-04 -2.147D+00
 -1.307D-04 -2.345D+00
 -1.432D-04 -2.267D+00
 -1.810D-04 -2.278D+00
 -1.936D-04 -2.362D+00
 -2.555D-04 -2.010D+00
 -2.565D-04 -2.164D+00
 -3.739D-04 -1.732D+00
 -3.399D-04 -1.971D+00
 -5.759D-04 -1.442D+00
 -4.484D-04 -1.800D+00
 -9.439D-04 -1.100D+00
 -5.874D-04 -1.637D+00
 -1.692D-03 -6.492D-01
 -7.577D-04 -1.498D+00
 -3.831D-03 -3.183D-01
 -9.468D-04 -1.395D+00
 -2.473D-05  6.605D-01
 -2.585D-05  3.411D-01
 -2.737D-05 -7.118D-02
 -2.943D-05 -6.062D-01
 -3.202D-05 -1.229D+00
 -3.454D-05 -1.645D+00
 -3.766D-05 -1.997D+00
 -4.172D-05 -2.336D+00
 -4.474D-05 -2.131D+00
 -4.858D-05 -1.876D+00
 -5.320D-05 -1.726D+00
 -6.040D-05 -1.673D+00
 -6.735D-05 -1.620D+00
 -7.946D-05 -1.655D+00
 -8.839D-05 -1.627D+00
 -1.096D-04 -1.761D+00
 -1.189D-04 -1.713D+00
 -1.587D-04 -2.043D+00
 -1.629D-04 -1.894D+00
 -2.369D-04 -2.319D+00
 -2.264D-04 -2.208D+00
 -3.492D-04 -1.932D+00
 -3.073D-04 -2.291D+00
 -5.420D-04 -1.580D+00
 -4.048D-04 -2.046D+00
 -8.971D-04 -1.214D+00
 -5.285D-04 -1.849D+00
 -1.622D-03 -7.492D-01
 -6.795D-04 -1.687D+00
 -3.675D-03 -3.744D-01
 -8.471D-04 -1.558D+00
 -2.281D-05  6.583D-01
 -2.347D-05  3.272D-01
 -2.443D-05 -1.191D-01
 -2.583D-05 -7.368D-01
 -2.745D-05 -1.410D+00
 -2.897D-05 -1.875D+00
 -3.123D-05 -2.343D+00
 -3.187D-05 -1.951D+00
 -3.328D-05 -1.649D+00
 -3.565D-05 -1.395D+00
 -3.915D-05 -1.083D+00
 -4.294D-05 -8.577D-01
 -4.925D-05 -8.199D-01
 -5.470D-05 -7.238D-01
 -6.567D-05 -8.853D-01
 -7.239D-05 -8.193D-01
 -9.206D-05 -1.232D+00
 -9.830D-05 -1.097D+00
 -1.346D-04 -1.645D+00
 -1.358D-04 -1.549D+00
 -2.080D-04 -2.070D+00
 -1.873D-04 -1.723D+00
 -3.245D-04 -2.172D+00
 -2.619D-04 -2.032D+00
 -5.077D-04 -1.740D+00
 -3.637D-04 -2.382D+00
 -8.501D-04 -1.341D+00
 -4.728D-04 -2.104D+00
 -1.552D-03 -8.574D-01
 -6.067D-04 -1.897D+00
 -3.521D-03 -4.322D-01
 -7.533D-04 -1.752D+00
 -2.108D-05  6.564D-01
 -2.135D-05  3.138D-01
 -2.183D-05 -1.692D-01
 -2.269D-05 -8.867D-01
 -2.343D-05 -1.581D+00
 -2.428D-05 -2.143D+00
 -2.415D-05 -1.989D+00
 -2.397D-05 -1.574D+00
 -2.440D-05 -8.773D-01
 -2.569D-05 -4.562D-01
 -2.761D-05 -1.921D-01
 -3.073D-05 -6.120D-02
 -3.416D-05  1.360D-01
 -3.962D-05  9.144D-02
 -4.410D-05  1.809D-01
 -5.311D-05 -9.799D-02
 -5.822D-05 -2.475D-02
 -7.539D-05 -4.075D-01
 -7.925D-05 -2.858D-01
 -1.132D-04 -1.002D+00
 -1.100D-04 -6.533D-01
 -1.777D-04 -1.697D+00
 -1.547D-04 -1.181D+00
 -3.004D-04 -2.446D+00
 -2.164D-04 -1.640D+00
 -4.742D-04 -1.909D+00
 -3.016D-04 -1.933D+00
 -8.027D-04 -1.474D+00
 -4.206D-04 -2.406D+00
 -1.483D-03 -9.752D-01
 -5.382D-04 -2.163D+00
 -3.371D-03 -4.918D-01
 -6.672D-04 -1.969D+00
 -1.952D-05  6.546D-01
 -1.946D-05  3.008D-01
 -1.953D-05 -2.216D-01
 -1.993D-05 -1.062D+00
 -1.991D-05 -1.771D+00
 -2.011D-05 -2.403D+00
 -1.832D-05 -1.607D+00
 -1.755D-05 -6.638D-01
 -1.763D-05 -1.066D-01
 -1.870D-05  4.810D-01
 -2.028D-05  8.386D-01
 -2.210D-05  1.094D+00
 -2.497D-05  1.178D+00
 -2.764D-05  1.288D+00
 -3.248D-05  1.185D+00
 -3.593D-05  1.241D+00
 -4.416D-05  9.402D-01
 -4.791D-05  1.018D+00
 -6.286D-05  4.152D-01
 -6.517D-05  6.314D-01
 -9.355D-05 -3.083D-01
 -8.919D-05  8.893D-02
 -1.515D-04 -1.196D+00
 -1.245D-04 -4.032D-01
 -2.581D-04 -1.969D+00
 -1.765D-04 -9.594D-01
 -4.412D-04 -2.103D+00
 -2.486D-04 -1.595D+00
 -7.547D-04 -1.589D+00
 -3.426D-04 -1.862D+00
 -1.414D-03 -1.105D+00
 -4.674D-04 -2.269D+00
 -3.223D-03 -5.534D-01
 -5.881D-04 -2.258D+00
 -1.811D-05  6.530D-01
 -1.776D-05  2.883D-01
 -1.749D-05 -2.766D-01
 -1.743D-05 -1.212D+00
 -1.689D-05 -1.986D+00
 -1.537D-05 -1.854D+00
 -1.363D-05 -7.838D-01
 -1.291D-05  1.296D-01
 -1.304D-05  9.525D-01
 -1.359D-05  1.447D+00
 -1.495D-05  1.836D+00
 -1.674D-05  2.064D+00
 -1.857D-05  2.254D+00
 -2.124D-05  2.266D+00
 -2.364D-05  2.347D+00
 -2.782D-05  2.171D+00
 -3.070D-05  2.224D+00
 -3.731D-05  1.831D+00
 -4.033D-05  1.933D+00
 -5.205D-05  1.281D+00
 -5.268D-05  1.509D+00
 -7.883D-05  4.832D-01
 -7.307D-05  1.027D+00
 -1.265D-04 -5.177D-01
 -1.017D-04  4.089D-01
 -2.230D-04 -1.681D+00
 -1.415D-04 -2.578D-01
 -4.093D-04 -2.344D+00
 -2.003D-04 -8.181D-01
 -7.069D-04 -1.718D+00
 -2.812D-04 -1.541D+00
 -1.343D-03 -1.211D+00
 -3.790D-04 -1.786D+00
 -3.078D-03 -6.173D-01
 -4.927D-04 -2.066D+00
 -1.683D-05  6.515D-01
 -1.625D-05  2.762D-01
 -1.568D-05 -3.345D-01
 -1.519D-05 -1.353D+00
 -1.428D-05 -2.255D+00
 -1.181D-05 -1.476D+00
 -1.006D-05 -6.697D-02
 -9.591D-06  1.118D+00
 -9.871D-06  1.876D+00
 -1.057D-05  2.437D+00
 -1.148D-05  2.793D+00
 -1.274D-05  3.039D+00
 -1.463D-05  3.131D+00
 -1.656D-05  3.227D+00
 -1.893D-05  3.186D+00
 -2.119D-05  3.228D+00
 -2.425D-05  3.056D+00
 -2.682D-05  3.093D+00
 -3.229D-05  2.710D+00
 -3.429D-05  2.828D+00
 -4.531D-05  2.116D+00
 -4.590D-05  2.408D+00
 -6.577D-05  1.266D+00
 -6.125D-05  1.872D+00
 -1.068D-04  1.103D-01
 -8.242D-05  1.266D+00
 -1.910D-04 -1.165D+00
 -1.155D-04  6.104D-01
 -3.684D-04 -2.279D+00
 -1.598D-04 -1.631D-01
 -6.604D-04 -1.858D+00
 -2.242D-04 -7.050D-01
 -1.270D-03 -1.308D+00
 -3.086D-04 -1.356D+00
 -2.937D-03 -6.838D-01
 -3.994D-04 -1.669D+00
 -1.567D-05  6.501D-01
 -1.488D-05  2.646D-01
 -1.406D-05 -3.957D-01
 -1.320D-05 -1.507D+00
 -1.175D-05 -2.278D+00
 -8.858D-06 -6.337D-01
 -7.595D-06  9.193D-01
 -7.399D-06  2.027D+00
 -7.604D-06  2.808D+00
 -8.588D-06  3.252D+00
 -9.662D-06  3.581D+00
 -1.081D-05  3.802D+00
 -1.197D-05  3.989D+00
 -1.354D-05  4.040D+00
 -1.522D-05  4.099D+00
 -1.742D-05  4.017D+00
 -1.926D-05  4.057D+00
 -2.292D-05  3.787D+00
 -2.498D-05  3.840D+00
 -3.024D-05  3.403D+00
 -3.225D-05  3.527D+00
 -3.884D-05  2.903D+00
 -4.075D-05  3.161D+00
 -5.754D-05  2.032D+00
 -5.201D-05  2.710D+00
 -9.053D-05  8.814D-01
 -7.012D-05  2.111D+00
 -1.613D-04 -5.650D-01
 -9.276D-05  1.421D+00
 -3.199D-04 -1.922D+00
 -1.301D-04  7.490D-01
 -6.156D-04 -2.004D+00
 -1.790D-04 -3.383D-02
 -1.199D-03 -1.413D+00
 -2.447D-04 -5.755D-01
 -2.800D-03 -7.531D-01
 -3.200D-04 -1.053D+00
 -1.461D-05  6.489D-01
 -1.365D-05  2.535D-01
 -1.263D-05 -4.606D-01
 -1.144D-05 -1.643D+00
 -9.159D-06 -1.823D+00
 -6.685D-06  8.468D-02
 -5.818D-06  1.782D+00
 -5.696D-06  2.917D+00
 -6.491D-06  3.539D+00
 -6.986D-06  4.068D+00
 -8.457D-06  4.213D+00
 -9.837D-06  4.360D+00
 -1.126D-05  4.454D+00
 -1.271D-05  4.545D+00
 -1.446D-05  4.538D+00
 -1.615D-05  4.578D+00
 -1.842D-05  4.467D+00
 -2.039D-05  4.488D+00
 -2.315D-05  4.289D+00
 -2.533D-05  4.326D+00
 -2.781D-05  4.081D+00
 -3.050D-05  4.144D+00
 -3.730D-05  3.504D+00
 -3.708D-05  3.865D+00
 -4.982D-05  2.759D+00
 -4.792D-05  3.380D+00
 -7.697D-05  1.556D+00
 -5.886D-05  2.908D+00
 -1.371D-04 -2.289D-02
 -7.971D-05  2.264D+00
 -2.795D-04 -1.696D+00
 -1.054D-04  1.543D+00
 -5.718D-04 -2.176D+00
 -1.449D-04  8.613D-01
 -1.130D-03 -1.519D+00
 -1.955D-04  1.492D-01
 -2.668D-03 -8.256D-01
 -2.524D-04 -3.514D-01
 -1.365D-05  6.478D-01
 -1.254D-05  2.429D-01
 -1.134D-05 -5.297D-01
 -9.873D-06 -1.804D+00
 -7.174D-06 -1.447D+00
 -5.104D-06  9.857D-01
 -4.589D-06  2.649D+00
 -4.954D-06  3.609D+00
 -5.650D-06  4.175D+00
 -6.691D-06  4.484D+00
 -7.664D-06  4.744D+00
 -9.566D-06  4.677D+00
 -1.144D-05  4.663D+00
 -1.325D-05  4.664D+00
 -1.517D-05  4.671D+00
 -1.700D-05  4.663D+00
 -1.907D-05  4.664D+00
 -2.074D-05  4.653D+00
 -2.301D-05  4.651D+00
 -2.372D-05  4.695D+00
 -2.644D-05  4.673D+00
 -2.886D-05  4.455D+00
 -3.040D-05  4.611D+00
 -3.493D-05  4.083D+00
 -3.738D-05  4.295D+00
 -4.708D-05  3.331D+00
 -4.325D-05  4.049D+00
 -6.831D-05  2.260D+00
 -5.519D-05  3.535D+00
 -1.176D-04  6.906D-01
 -6.859D-05  3.000D+00
 -2.409D-04 -1.188D+00
 -8.984D-05  2.367D+00
 -5.308D-04 -2.381D+00
 -1.182D-04  1.657D+00
 -1.061D-03 -1.610D+00
 -1.568D-04  1.007D+00
 -2.539D-03 -9.018D-01
 -2.019D-04  4.756D-01
 -1.277D-05  6.468D-01
 -1.154D-05  2.329D-01
 -1.019D-05 -6.035D-01
 -8.517D-06 -1.973D+00
 -5.487D-06 -6.779D-01
 -3.977D-06  1.807D+00
 -3.892D-06  3.354D+00
 -4.390D-06  4.190D+00
 -5.111D-06  4.698D+00
 -6.843D-06  4.651D+00
 -8.428D-06  4.701D+00
 -1.019D-05  4.709D+00
 -1.294D-05  4.493D+00
 -1.585D-05  4.337D+00
 -1.819D-05  4.311D+00
 -2.102D-05  4.249D+00
 -2.250D-05  4.348D+00
 -2.529D-05  4.318D+00
 -2.497D-05  4.579D+00
 -2.799D-05  4.530D+00
 -2.782D-05  4.685D+00
 -3.033D-05  4.716D+00
 -3.143D-05  4.628D+00
 -3.505D-05  4.629D+00
 -3.555D-05  4.450D+00
 -3.788D-05  4.654D+00
 -4.242D-05  3.957D+00
 -4.397D-05  4.427D+00
 -5.982D-05  2.892D+00
 -5.166D-05  4.093D+00
 -9.976D-05  1.298D+00
 -6.267D-05  3.644D+00
 -2.058D-04 -6.570D-01
 -7.841D-05  3.070D+00
 -4.831D-04 -2.404D+00
 -9.958D-05  2.467D+00
 -9.933D-04 -1.709D+00
 -1.291D-04  1.815D+00
 -2.414D-03 -9.821D-01
 -1.599D-04  1.283D+00
 -1.196D-05  6.460D-01
 -1.063D-05  2.233D-01
 -9.168D-06 -6.828D-01
 -7.324D-06 -2.179D+00
 -4.216D-06 -4.864D-02
 -3.171D-06  2.620D+00
 -3.260D-06  4.056D+00
 -3.940D-06  4.719D+00
 -5.601D-06  4.662D+00
 -7.632D-06  4.515D+00
 -1.088D-05  4.108D+00
 -1.410D-05  3.892D+00
 -1.746D-05  3.748D+00
 -2.063D-05  3.681D+00
 -2.408D-05  3.621D+00
 -2.695D-05  3.632D+00
 -3.045D-05  3.608D+00
 -3.252D-05  3.688D+00
 -3.614D-05  3.673D+00
 -3.656D-05  3.849D+00
 -4.061D-05  3.814D+00
 -3.780D-05  4.161D+00
 -4.313D-05  4.047D+00
 -3.468D-05  4.723D+00
 -4.267D-05  4.419D+00
 -3.833D-05  4.604D+00
 -4.316D-05  4.658D+00
 -4.388D-05  4.254D+00
 -4.717D-05  4.594D+00
 -5.713D-05  3.397D+00
 -5.054D-05  4.529D+00
 -8.908D-05  1.939D+00
 -6.005D-05  4.129D+00
 -1.759D-04 -2.132D-01
 -7.022D-05  3.730D+00
 -4.227D-04 -2.065D+00
 -8.802D-05  3.142D+00
 -9.279D-04 -1.818D+00
 -1.073D-04  2.610D+00
 -2.294D-03 -1.067D+00
 -1.339D-04  2.117D+00
 -1.122D-05  6.452D-01
 -9.809D-06  2.143D-01
 -8.248D-06 -7.686D-01
 -6.305D-06 -2.442D+00
 -3.292D-06  8.005D-01
 -2.708D-06  3.290D+00
 -3.100D-06  4.452D+00
 -4.355D-06  4.650D+00
 -6.813D-06  4.242D+00
 -1.019D-05  3.791D+00
 -1.364D-05  3.550D+00
 -1.725D-05  3.397D+00
 -2.088D-05  3.308D+00
 -2.471D-05  3.242D+00
 -2.835D-05  3.220D+00
 -3.235D-05  3.191D+00
 -3.570D-05  3.214D+00
 -3.985D-05  3.202D+00
 -4.242D-05  3.273D+00
 -4.683D-05  3.262D+00
 -4.778D-05  3.401D+00
 -5.280D-05  3.370D+00
 -5.062D-05  3.625D+00
 -5.714D-05  3.533D+00
 -4.908D-05  4.022D+00
 -5.907D-05  3.772D+00
 -4.208D-05  4.673D+00
 -5.756D-05  4.128D+00
 -4.289D-05  4.640D+00
 -5.099D-05  4.706D+00
 -5.173D-05  3.958D+00
 -5.634D-05  4.567D+00
 -7.831D-05  2.539D+00
 -5.716D-05  4.608D+00
 -1.528D-04  4.410D-01
 -6.847D-05  4.161D+00
 -3.720D-04 -1.835D+00
 -7.730D-05  3.822D+00
 -8.661D-04 -1.923D+00
 -9.652D-05  3.256D+00
 -2.178D-03 -1.158D+00
 -1.119D-04  2.867D+00
 -1.053D-05  6.445D-01
 -9.061D-06  2.057D-01
 -7.423D-06 -8.617D-01
 -5.099D-06 -2.069D+00
 -2.565D-06  1.544D+00
 -2.240D-06  3.999D+00
 -3.153D-06  4.607D+00
 -5.281D-06  4.233D+00
 -8.671D-06  3.641D+00
 -1.220D-05  3.347D+00
 -1.591D-05  3.170D+00
 -1.975D-05  3.062D+00
 -2.379D-05  2.986D+00
 -2.784D-05  2.945D+00
 -3.215D-05  2.910D+00
 -3.622D-05  2.906D+00
 -4.076D-05  2.891D+00
 -4.456D-05  2.919D+00
 -4.933D-05  2.912D+00
 -5.235D-05  2.976D+00
 -5.750D-05  2.966D+00
 -5.889D-05  3.083D+00
 -6.483D-05  3.053D+00
 -6.310D-05  3.259D+00
 -7.076D-05  3.179D+00
 -6.332D-05  3.551D+00
 -7.465D-05  3.352D+00
 -5.658D-05  4.090D+00
 -7.565D-05  3.594D+00
 -4.930D-05  4.565D+00
 -7.272D-05  3.942D+00
 -5.331D-05  4.217D+00
 -6.425D-05  4.487D+00
 -7.246D-05  3.039D+00
 -6.550D-05  4.551D+00
 -1.315D-04  1.005D+00
 -6.557D-05  4.601D+00
 -3.264D-04 -1.576D+00
 -7.674D-05  4.201D+00
 -8.065D-04 -2.038D+00
 -8.449D-05  3.923D+00
 -2.067D-03 -1.255D+00
 -1.013D-04  3.502D+00
 -9.906D-06  6.439D-01
 -8.382D-06  1.978D-01
 -6.683D-06 -9.637D-01
 -4.109D-06 -1.746D+00
 -2.105D-06  2.307D+00
 -2.170D-06  4.341D+00
 -3.325D-06  4.621D+00
 -6.681D-06  3.644D+00
 -1.016D-05  3.246D+00
 -1.386D-05  3.027D+00
 -1.775D-05  2.894D+00
 -2.185D-05  2.805D+00
 -2.608D-05  2.749D+00
 -3.055D-05  2.707D+00
 -3.500D-05  2.688D+00
 -3.978D-05  2.668D+00
 -4.426D-05  2.674D+00
 -4.932D-05  2.666D+00
 -5.353D-05  2.695D+00
 -5.890D-05  2.690D+00
 -6.231D-05  2.749D+00
 -6.819D-05  2.739D+00
 -6.994D-05  2.841D+00
 -7.676D-05  2.812D+00
 -7.538D-05  2.986D+00
 -8.415D-05  2.912D+00
 -7.708D-05  3.216D+00
 -8.975D-05  3.047D+00
 -7.243D-05  3.612D+00
 -9.287D-05  3.226D+00
 -5.629D-05  4.450D+00
 -9.266D-05  3.470D+00
 -5.132D-05  4.602D+00
 -8.810D-05  3.811D+00
 -6.730D-05  3.527D+00
 -7.770D-05  4.329D+00
 -1.154D-04  1.560D+00
 -7.471D-05  4.542D+00
 -2.820D-04 -1.048D+00
 -7.580D-05  4.540D+00
 -7.490D-04 -2.169D+00
 -8.427D-05  4.281D+00
 -1.954D-03 -1.322D+00
 -9.424D-05  4.017D+00
 -9.326D-06  6.434D-01
 -7.762D-06  1.904D-01
 -6.019D-06 -1.076D+00
 -3.298D-06 -1.322D+00
 -1.742D-06  2.982D+00
 -2.124D-06  4.588D+00
 -4.442D-06  3.883D+00
 -7.813D-06  3.253D+00
 -1.140D-05  2.956D+00
 -1.522D-05  2.786D+00
 -1.928D-05  2.677D+00
 -2.354D-05  2.606D+00
 -2.803D-05  2.556D+00
 -3.264D-05  2.525D+00
 -3.752D-05  2.500D+00
 -4.236D-05  2.493D+00
 -4.759D-05  2.482D+00
 -5.245D-05  2.493D+00
 -5.801D-05  2.488D+00
 -6.259D-05  2.518D+00
 -6.854D-05  2.513D+00
 -7.230D-05  2.568D+00
 -7.886D-05  2.557D+00
 -8.093D-05  2.649D+00
 -8.860D-05  2.619D+00
 -8.750D-05  2.771D+00
 -9.732D-05  2.702D+00
 -9.052D-05  2.961D+00
 -1.045D-04  2.810D+00
 -8.759D-05  3.272D+00
 -1.095D-04  2.950D+00
 -7.443D-05  3.864D+00
 -1.116D-04  3.133D+00
 -5.855D-05  4.509D+00
 -1.100D-04  3.377D+00
 -6.365D-05  3.940D+00
 -1.038D-04  3.711D+00
 -1.031D-04  2.123D+00
 -9.171D-05  4.197D+00
 -2.442D-04 -6.213D-01
 -8.393D-05  4.542D+00
 -6.953D-04 -2.318D+00
 -8.693D-05  4.487D+00
 -1.845D-03 -1.390D+00
 -8.901D-05  4.481D+00
 -8.791D-06  6.430D-01
 -7.197D-06  1.835D-01
 -5.414D-06 -1.183D+00
 -2.609D-06 -6.878D-01
 -1.516D-06  3.582D+00
 -2.206D-06  4.649D+00
 -5.331D-06  3.426D+00
 -8.752D-06  2.965D+00
 -1.242D-05  2.732D+00
 -1.635D-05  2.592D+00
 -2.052D-05  2.503D+00
 -2.494D-05  2.441D+00
 -2.955D-05  2.401D+00
 -3.443D-05  2.370D+00
 -3.940D-05  2.354D+00
 -4.468D-05  2.339D+00
 -4.988D-05  2.338D+00
 -5.553D-05  2.331D+00
 -6.075D-05  2.345D+00
 -6.679D-05  2.342D+00
 -7.170D-05  2.371D+00
 -7.821D-05  2.367D+00
 -8.228D-05  2.418D+00
 -8.951D-05  2.406D+00
 -9.184D-05  2.490D+00
 -1.003D-04  2.459D+00
 -9.944D-05  2.596D+00
 -1.103D-04  2.529D+00
 -1.037D-04  2.756D+00
 -1.188D-04  2.619D+00
 -1.022D-04  3.012D+00
 -1.255D-04  2.732D+00
 -9.133D-05  3.468D+00
 -1.297D-04  2.876D+00
 -6.258D-05  4.557D+00
 -1.306D-04  3.061D+00
 -6.378D-05  4.213D+00
 -1.276D-04  3.301D+00
 -9.026D-05  2.654D+00
 -1.200D-04  3.621D+00
 -2.113D-04 -1.947D-01
 -1.072D-04  4.062D+00
 -6.456D-04 -2.491D+00
 -9.285D-05  4.569D+00
 -1.739D-03 -1.462D+00
 -9.915D-05  4.464D+00
 -8.296D-06  6.426D-01
 -6.681D-06  1.772D-01
 -4.851D-06 -1.260D+00
 -2.062D-06 -1.684D-01
 -1.370D-06  4.056D+00
 -2.832D-06  4.030D+00
 -6.064D-06  3.100D+00
 -9.528D-06  2.742D+00
 -1.326D-05  2.551D+00
 -1.727D-05  2.434D+00
 -2.154D-05  2.357D+00
 -2.605D-05  2.306D+00
 -3.082D-05  2.268D+00
 -3.577D-05  2.244D+00
 -4.101D-05  2.225D+00
 -4.632D-05  2.217D+00
 -5.198D-05  2.207D+00
 -5.752D-05  2.211D+00
 -6.358D-05  2.206D+00
 -6.913D-05  2.222D+00
 -7.563D-05  2.219D+00
 -8.085D-05  2.248D+00
 -8.788D-05  2.243D+00
 -9.223D-05  2.291D+00
 -1.001D-04  2.278D+00
 -1.027D-04  2.355D+00
 -1.119D-04  2.324D+00
 -1.112D-04  2.449D+00
 -1.230D-04  2.384D+00
 -1.165D-04  2.587D+00
 -1.329D-04  2.459D+00
 -1.165D-04  2.803D+00
 -1.411D-04  2.553D+00
 -1.074D-04  3.171D+00
 -1.471D-04  2.670D+00
 -8.261D-05  3.948D+00
 -1.502D-04  2.815D+00
 -6.236D-05  4.510D+00
 -1.500D-04  2.999D+00
 -8.619D-05  3.063D+00
 -1.459D-04  3.231D+00
 -1.847D-04  3.740D-01
 -1.376D-04  3.526D+00
 -5.843D-04 -2.428D+00
 -1.259D-04  3.894D+00
 -1.639D-03 -1.539D+00
 -1.146D-04  4.283D+00
 -7.838D-06  6.422D-01
 -6.209D-06  1.715D-01
 -4.345D-06 -1.344D+00
 -1.664D-06  5.761D-01
 -1.263D-06  4.470D+00
 -3.444D-06  3.534D+00
 -6.674D-06  2.851D+00
 -1.017D-05  2.560D+00
 -1.395D-05  2.400D+00
 -1.801D-05  2.301D+00
 -2.234D-05  2.235D+00
 -2.694D-05  2.188D+00
 -3.178D-05  2.157D+00
 -3.689D-05  2.133D+00
 -4.217D-05  2.118D+00
 -4.775D-05  2.106D+00
 -5.338D-05  2.103D+00
 -5.940D-05  2.097D+00
 -6.525D-05  2.103D+00
 -7.171D-05  2.100D+00
 -7.755D-05  2.116D+00
 -8.449D-05  2.113D+00
 -8.998D-05  2.142D+00
 -9.752D-05  2.136D+00
 -1.021D-04  2.182D+00
 -1.106D-04  2.167D+00
 -1.133D-04  2.240D+00
 -1.233D-04  2.208D+00
 -1.228D-04  2.323D+00
 -1.354D-04  2.260D+00
 -1.291D-04  2.444D+00
 -1.465D-04  2.324D+00
 -1.303D-04  2.630D+00
 -1.561D-04  2.403D+00
 -1.229D-04  2.937D+00
 -1.638D-04  2.499D+00
 -1.010D-04  3.538D+00
 -1.689D-04  2.617D+00
 -6.950D-05  4.440D+00
 -1.711D-04  2.762D+00
 -7.925D-05  3.516D+00
 -1.700D-04  2.940D+00
 -1.609D-04  8.651D-01
 -1.654D-04  3.156D+00
 -5.164D-04 -2.149D+00
 -1.582D-04  3.406D+00
 -1.541D-03 -1.605D+00
 -1.521D-04  3.647D+00
 -7.412D-06  6.420D-01
 -5.777D-06  1.663D-01
 -3.888D-06 -1.437D+00
 -1.326D-06  1.218D+00
 -1.321D-06  4.510D+00
 -3.948D-06  3.187D+00
 -7.181D-06  2.652D+00
 -1.070D-05  2.410D+00
 -1.451D-05  2.273D+00
 -1.860D-05  2.187D+00
 -2.298D-05  2.128D+00
 -2.762D-05  2.088D+00
 -3.254D-05  2.058D+00
 -3.768D-05  2.038D+00
 -4.311D-05  2.023D+00
 -4.870D-05  2.014D+00
 -5.461D-05  2.006D+00
 -6.054D-05  2.006D+00
 -6.691D-05  2.002D+00
 -7.305D-05  2.010D+00
 -7.988D-05  2.008D+00
 -8.599D-05  2.024D+00
 -9.334D-05  2.021D+00
 -9.908D-05  2.049D+00
 -1.071D-04  2.042D+00
 -1.119D-04  2.086D+00
 -1.209D-04  2.070D+00
 -1.238D-04  2.138D+00
 -1.345D-04  2.106D+00
 -1.341D-04  2.213D+00
 -1.476D-04  2.151D+00
 -1.413D-04  2.321D+00
 -1.598D-04  2.207D+00
 -1.436D-04  2.483D+00
 -1.707D-04  2.274D+00
 -1.378D-04  2.745D+00
 -1.799D-04  2.355D+00
 -1.183D-04  3.233D+00
 -1.868D-04  2.452D+00
 -7.201D-05  4.542D+00
 -1.912D-04  2.570D+00
 -7.588D-05  3.858D+00
 -1.926D-04  2.711D+00
 -1.411D-04  1.352D+00
 -1.911D-04  2.876D+00
 -4.592D-04 -1.946D+00
 -1.876D-04  3.061D+00
 -1.448D-03 -1.666D+00
 -1.854D-04  3.228D+00
 -7.017D-06  6.417D-01
 -5.381D-06  1.617D-01
 -3.472D-06 -1.503D+00
 -1.108D-06  1.880D+00
 -1.356D-06  4.569D+00
 -4.369D-06  2.923D+00
 -7.599D-06  2.488D+00
 -1.112D-05  2.282D+00
 -1.494D-05  2.163D+00
 -1.906D-05  2.087D+00
 -2.345D-05  2.036D+00
 -2.814D-05  1.999D+00
 -3.308D-05  1.973D+00
 -3.830D-05  1.954D+00
 -4.374D-05  1.941D+00
 -4.947D-05  1.930D+00
 -5.535D-05  1.926D+00
 -6.157D-05  1.920D+00
 -6.778D-05  1.923D+00
 -7.447D-05  1.920D+00
 -8.087D-05  1.928D+00
 -8.805D-05  1.926D+00
 -9.441D-05  1.943D+00
 -1.022D-04  1.940D+00
 -1.081D-04  1.966D+00
 -1.166D-04  1.959D+00
 -1.216D-04  2.001D+00
 -1.311D-04  1.984D+00
 -1.342D-04  2.049D+00
 -1.455D-04  2.016D+00
 -1.452D-04  2.116D+00
 -1.595D-04  2.056D+00
 -1.533D-04  2.213D+00
 -1.727D-04  2.104D+00
 -1.566D-04  2.356D+00
 -1.848D-04  2.161D+00
 -1.522D-04  2.584D+00
 -1.953D-04  2.230D+00
 -1.347D-04  2.992D+00
 -2.039D-04  2.312D+00
 -9.344D-05  3.952D+00
 -2.102D-04  2.410D+00
 -7.536D-05  4.109D+00
 -2.139D-04  2.524D+00
 -1.271D-04  1.857D+00
 -2.152D-04  2.655D+00
 -4.076D-04 -1.797D+00
 -2.147D-04  2.797D+00
 -1.358D-03 -1.730D+00
 -2.159D-04  2.921D+00
 -6.649D-06  6.415D-01
 -5.017D-06  1.576D-01
 -3.096D-06 -1.573D+00
 -9.187D-07  2.504D+00
 -1.763D-06  3.888D+00
 -4.720D-06  2.714D+00
 -7.942D-06  2.350D+00
 -1.146D-05  2.172D+00
 -1.528D-05  2.067D+00
 -1.940D-05  2.000D+00
 -2.380D-05  1.953D+00
 -2.849D-05  1.921D+00
 -3.346D-05  1.896D+00
 -3.868D-05  1.879D+00
 -4.420D-05  1.866D+00
 -4.991D-05  1.858D+00
 -5.594D-05  1.851D+00
 -6.207D-05  1.849D+00
 -6.859D-05  1.845D+00
 -7.505D-05  1.849D+00
 -8.206D-05  1.847D+00
 -8.869D-05  1.856D+00
 -9.621D-05  1.854D+00
 -1.028D-04  1.870D+00
 -1.109D-04  1.866D+00
 -1.170D-04  1.892D+00
 -1.260D-04  1.884D+00
 -1.311D-04  1.924D+00
 -1.412D-04  1.907D+00
 -1.443D-04  1.968D+00
 -1.563D-04  1.935D+00
 -1.560D-04  2.030D+00
 -1.711D-04  1.970D+00
 -1.649D-04  2.117D+00
 -1.852D-04  2.012D+00
 -1.692D-04  2.245D+00
 -1.983D-04  2.062D+00
 -1.660D-04  2.445D+00
 -2.101D-04  2.121D+00
 -1.504D-04  2.793D+00
 -2.202D-04  2.191D+00
 -1.129D-04  3.550D+00
 -2.282D-04  2.272D+00
 -7.179D-05  4.437D+00
 -2.340D-04  2.367D+00
 -1.132D-04  2.325D+00
 -2.376D-04  2.473D+00
 -3.570D-04 -1.356D+00
 -2.399D-04  2.586D+00
 -1.272D-03 -1.798D+00
 -2.439D-04  2.682D+00
 -6.307D-06  6.413D-01
 -4.683D-06  1.542D-01
 -2.756D-06 -1.650D+00
 -8.057D-07  3.034D+00
 -2.090D-06  3.451D+00
 -5.013D-06  2.542D+00
 -8.218D-06  2.232D+00
 -1.173D-05  2.075D+00
 -1.553D-05  1.982D+00
 -1.964D-05  1.921D+00
 -2.404D-05  1.880D+00
 -2.872D-05  1.850D+00
 -3.368D-05  1.828D+00
 -3.893D-05  1.812D+00
 -4.442D-05  1.800D+00
 -5.020D-05  1.791D+00
 -5.617D-05  1.786D+00
 -6.247D-05  1.781D+00
 -6.886D-05  1.781D+00
 -7.565D-05  1.778D+00
 -8.235D-05  1.783D+00
 -8.964D-05  1.781D+00
 -9.649D-05  1.791D+00
 -1.043D-04  1.788D+00
 -1.111D-04  1.805D+00
 -1.196D-04  1.800D+00
 -1.259D-04  1.826D+00
 -1.352D-04  1.816D+00
 -1.404D-04  1.855D+00
 -1.510D-04  1.837D+00
 -1.542D-04  1.896D+00
 -1.668D-04  1.862D+00
 -1.665D-04  1.952D+00
 -1.823D-04  1.893D+00
 -1.761D-04  2.031D+00
 -1.972D-04  1.930D+00
 -1.813D-04  2.146D+00
 -2.113D-04  1.973D+00
 -1.793D-04  2.324D+00
 -2.243D-04  2.024D+00
 -1.655D-04  2.626D+00
 -2.357D-04  2.084D+00
 -1.310D-04  3.247D+00
 -2.453D-04  2.153D+00
 -7.975D-05  4.341D+00
 -2.529D-04  2.232D+00
 -1.041D-04  2.735D+00
 -2.587D-04  2.320D+00
 -3.134D-04 -9.612D-01
 -2.634D-04  2.411D+00
 -1.190D-03 -1.867D+00
 -2.698D-04  2.487D+00
 -5.987D-06  6.412D-01
 -4.375D-06  1.513D-01
 -2.453D-06 -1.721D+00
 -6.999D-07  3.574D+00
 -2.363D-06  3.133D+00
 -5.254D-06  2.397D+00
 -8.437D-06  2.128D+00
 -1.192D-05  1.990D+00
 -1.571D-05  1.906D+00
 -1.979D-05  1.852D+00
 -2.417D-05  1.813D+00
 -2.884D-05  1.786D+00
 -3.379D-05  1.766D+00
 -3.901D-05  1.751D+00
 -4.452D-05  1.740D+00
 -5.026D-05  1.732D+00
 -5.630D-05  1.725D+00
 -6.251D-05  1.723D+00
 -6.906D-05  1.719D+00
 -7.567D-05  1.720D+00
 -8.273D-05  1.718D+00
 -8.963D-05  1.723D+00
 -9.720D-05  1.721D+00
 -1.042D-04  1.731D+00
 -1.124D-04  1.729D+00
 -1.193D-04  1.745D+00
 -1.281D-04  1.740D+00
 -1.345D-04  1.765D+00
 -1.442D-04  1.754D+00
 -1.496D-04  1.792D+00
 -1.606D-04  1.773D+00
 -1.639D-04  1.829D+00
 -1.770D-04  1.796D+00
 -1.767D-04  1.881D+00
 -1.932D-04  1.823D+00
 -1.870D-04  1.953D+00
 -2.089D-04  1.855D+00
 -1.930D-04  2.057D+00
 -2.239D-04  1.893D+00
 -1.921D-04  2.217D+00
 -2.378D-04  1.938D+00
 -1.799D-04  2.483D+00
 -2.504D-04  1.989D+00
 -1.480D-04  3.006D+00
 -2.614D-04  2.048D+00
 -8.278D-05  4.409D+00
 -2.707D-04  2.115D+00
 -9.788D-05  3.113D+00
 -2.784D-04  2.189D+00
 -2.740D-04 -6.168D-01
 -2.853D-04  2.264D+00
 -1.113D-03 -1.931D+00
 -2.938D-04  2.325D+00
 -5.689D-06  6.410D-01
 -4.092D-06  1.489D-01
 -2.180D-06 -1.794D+00
 -6.487D-07  3.946D+00
 -2.592D-06  2.886D+00
 -5.451D-06  2.273D+00
 -8.606D-06  2.037D+00
 -1.206D-05  1.913D+00
 -1.582D-05  1.838D+00
 -1.988D-05  1.788D+00
 -2.422D-05  1.753D+00
 -2.886D-05  1.728D+00
 -3.378D-05  1.710D+00
 -3.898D-05  1.695D+00
 -4.444D-05  1.685D+00
 -5.020D-05  1.677D+00
 -5.617D-05  1.672D+00
 -6.245D-05  1.667D+00
 -6.888D-05  1.666D+00
 -7.567D-05  1.663D+00
 -8.249D-05  1.665D+00
 -8.979D-05  1.663D+00
 -9.688D-05  1.669D+00
 -1.047D-04  1.667D+00
 -1.119D-04  1.677D+00
 -1.203D-04  1.674D+00
 -1.274D-04  1.690D+00
 -1.365D-04  1.684D+00
 -1.430D-04  1.708D+00
 -1.531D-04  1.698D+00
 -1.585D-04  1.734D+00
 -1.700D-04  1.714D+00
 -1.733D-04  1.768D+00
 -1.869D-04  1.734D+00
 -1.867D-04  1.816D+00
 -2.037D-04  1.759D+00
 -1.976D-04  1.882D+00
 -2.201D-04  1.787D+00
 -2.043D-04  1.977D+00
 -2.359D-04  1.821D+00
 -2.044D-04  2.121D+00
 -2.507D-04  1.859D+00
 -1.936D-04  2.357D+00
 -2.644D-04  1.904D+00
 -1.642D-04  2.807D+00
 -2.767D-04  1.955D+00
 -9.849D-05  4.048D+00
 -2.875D-04  2.012D+00
 -8.889D-05  3.537D+00
 -2.969D-04  2.074D+00
 -2.405D-04 -2.116D-01
 -3.056D-04  2.137D+00
 -1.040D-03 -1.999D+00
 -3.161D-04  2.187D+00
 -5.410D-06  6.409D-01
 -3.830D-06  1.472D-01
 -1.933D-06 -1.874D+00
 -6.030D-07  4.299D+00
 -2.784D-06  2.687D+00
 -5.609D-06  2.165D+00
 -8.730D-06  1.956D+00
 -1.215D-05  1.844D+00
 -1.587D-05  1.776D+00
 -1.989D-05  1.730D+00
 -2.420D-05  1.698D+00
 -2.879D-05  1.675D+00
 -3.368D-05  1.657D+00
 -3.883D-05  1.645D+00
 -4.428D-05  1.634D+00
 -4.996D-05  1.627D+00
 -5.595D-05  1.621D+00
 -6.213D-05  1.618D+00
 -6.864D-05  1.614D+00
 -7.527D-05  1.614D+00
 -8.228D-05  1.612D+00
 -8.929D-05  1.614D+00
 -9.682D-05  1.613D+00
 -1.041D-04  1.619D+00
 -1.121D-04  1.617D+00
 -1.195D-04  1.627D+00
 -1.282D-04  1.623D+00
 -1.354D-04  1.639D+00
 -1.448D-04  1.633D+00
 -1.514D-04  1.656D+00
 -1.618D-04  1.645D+00
 -1.673D-04  1.680D+00
 -1.791D-04  1.660D+00
 -1.825D-04  1.712D+00
 -1.965D-04  1.678D+00
 -1.963D-04  1.756D+00
 -2.139D-04  1.699D+00
 -2.077D-04  1.816D+00
 -2.309D-04  1.725D+00
 -2.152D-04  1.903D+00
 -2.473D-04  1.754D+00
 -2.162D-04  2.034D+00
 -2.630D-04  1.788D+00
 -2.068D-04  2.246D+00
 -2.777D-04  1.827D+00
 -1.796D-04  2.638D+00
 -2.911D-04  1.871D+00
 -1.189D-04  3.624D+00
 -3.032D-04  1.920D+00
 -8.781D-05  3.767D+00
 -3.141D-04  1.973D+00
 -2.130D-04  2.548D-01
 -3.245D-04  2.025D+00
 -9.694D-04 -2.072D+00
 -3.367D-04  2.067D+00
 -5.150D-06  6.408D-01
 -3.589D-06  1.460D-01
 -1.715D-06 -1.961D+00
 -6.121D-07  4.388D+00
 -2.945D-06  2.522D+00
 -5.732D-06  2.069D+00
 -8.816D-06  1.882D+00
 -1.220D-05  1.781D+00
 -1.588D-05  1.719D+00
 -1.985D-05  1.677D+00
 -2.411D-05  1.648D+00
 -2.866D-05  1.626D+00
 -3.349D-05  1.610D+00
 -3.861D-05  1.597D+00
 -4.398D-05  1.588D+00
 -4.965D-05  1.581D+00
 -5.555D-05  1.576D+00
 -6.174D-05  1.571D+00
 -6.813D-05  1.569D+00
 -7.484D-05  1.566D+00
 -8.166D-05  1.567D+00
 -8.888D-05  1.565D+00
 -9.605D-05  1.568D+00
 -1.038D-04  1.566D+00
 -1.112D-04  1.572D+00
 -1.195D-04  1.570D+00
 -1.270D-04  1.580D+00
 -1.359D-04  1.576D+00
 -1.432D-04  1.592D+00
 -1.528D-04  1.585D+00
 -1.595D-04  1.608D+00
 -1.703D-04  1.596D+00
 -1.757D-04  1.630D+00
 -1.880D-04  1.609D+00
 -1.913D-04  1.660D+00
 -2.058D-04  1.625D+00
 -2.056D-04  1.700D+00
 -2.236D-04  1.644D+00
 -2.175D-04  1.756D+00
 -2.412D-04  1.667D+00
 -2.256D-04  1.836D+00
 -2.583D-04  1.693D+00
 -2.275D-04  1.955D+00
 -2.747D-04  1.722D+00
 -2.193D-04  2.146D+00
 -2.902D-04  1.757D+00
 -1.942D-04  2.493D+00
 -3.047D-04  1.795D+00
 -1.376D-04  3.307D+00
 -3.180D-04  1.837D+00
 -8.591D-05  4.008D+00
 -3.302D-04  1.882D+00
 -1.876D-04  6.768D-01
 -3.421D-04  1.927D+00
 -9.025D-04 -2.151D+00
 -3.558D-04  1.961D+00
 -4.905D-06  6.407D-01
 -3.366D-06  1.454D-01
 -1.520D-06 -2.057D+00
 -6.260D-07  4.439D+00
 -3.078D-06  2.381D+00
 -5.826D-06  1.985D+00
 -8.869D-06  1.816D+00
 -1.221D-05  1.724D+00
 -1.584D-05  1.667D+00
 -1.976D-05  1.628D+00
 -2.397D-05  1.601D+00
 -2.846D-05  1.581D+00
 -3.324D-05  1.565D+00
 -3.829D-05  1.554D+00
 -4.362D-05  1.545D+00
 -4.921D-05  1.538D+00
 -5.508D-05  1.532D+00
 -6.117D-05  1.529D+00
 -6.757D-05  1.525D+00
 -7.413D-05  1.524D+00
 -8.104D-05  1.522D+00
 -8.802D-05  1.523D+00
 -9.544D-05  1.521D+00
 -1.028D-04  1.525D+00
 -1.107D-04  1.523D+00
 -1.182D-04  1.529D+00
 -1.267D-04  1.526D+00
 -1.343D-04  1.537D+00
 -1.434D-04  1.532D+00
 -1.508D-04  1.547D+00
 -1.607D-04  1.540D+00
 -1.675D-04  1.563D+00
 -1.785D-04  1.550D+00
 -1.840D-04  1.583D+00
 -1.966D-04  1.562D+00
 -1.999D-04  1.611D+00
 -2.148D-04  1.576D+00
 -2.145D-04  1.648D+00
 -2.330D-04  1.593D+00
 -2.269D-04  1.700D+00
 -2.511D-04  1.613D+00
 -2.356D-04  1.773D+00
 -2.687D-04  1.636D+00
 -2.383D-04  1.883D+00
 -2.858D-04  1.662D+00
 -2.313D-04  2.057D+00
 -3.021D-04  1.692D+00
 -2.080D-04  2.365D+00
 -3.174D-04  1.725D+00
 -1.551D-04  3.055D+00
 -3.318D-04  1.762D+00
 -8.186D-05  4.294D+00
 -3.452D-04  1.801D+00
 -1.643D-04  1.088D+00
 -3.585D-04  1.838D+00
 -8.417D-04 -2.234D+00
 -3.734D-04  1.867D+00
 -4.676D-06  6.406D-01
 -3.160D-06  1.454D-01
 -1.344D-06 -2.167D+00
 -7.396D-07  4.028D+00
 -3.188D-06  2.260D+00
 -5.894D-06  1.908D+00
 -8.891D-06  1.756D+00
 -1.218D-05  1.671D+00
 -1.576D-05  1.618D+00
 -1.963D-05  1.583D+00
 -2.378D-05  1.557D+00
 -2.821D-05  1.538D+00
 -3.292D-05  1.524D+00
 -3.791D-05  1.513D+00
 -4.317D-05  1.505D+00
 -4.870D-05  1.498D+00
 -5.448D-05  1.493D+00
 -6.055D-05  1.488D+00
 -6.682D-05  1.486D+00
 -7.340D-05  1.483D+00
 -8.013D-05  1.483D+00
 -8.722D-05  1.481D+00
 -9.435D-05  1.482D+00
 -1.019D-04  1.480D+00
 -1.094D-04  1.484D+00
 -1.175D-04  1.482D+00
 -1.252D-04  1.489D+00
 -1.338D-04  1.486D+00
 -1.415D-04  1.496D+00
 -1.508D-04  1.491D+00
 -1.583D-04  1.506D+00
 -1.684D-04  1.498D+00
 -1.752D-04  1.520D+00
 -1.865D-04  1.506D+00
 -1.920D-04  1.539D+00
 -2.049D-04  1.517D+00
 -2.082D-04  1.564D+00
 -2.234D-04  1.530D+00
 -2.231D-04  1.599D+00
 -2.421D-04  1.545D+00
 -2.359D-04  1.647D+00
 -2.605D-04  1.562D+00
 -2.451D-04  1.715D+00
 -2.787D-04  1.583D+00
 -2.485D-04  1.816D+00
 -2.963D-04  1.606D+00
 -2.426D-04  1.975D+00
 -3.133D-04  1.632D+00
 -2.211D-04  2.252D+00
 -3.294D-04  1.661D+00
 -1.715D-04  2.847D+00
 -3.447D-04  1.693D+00
 -8.948D-05  4.204D+00
 -3.592D-04  1.726D+00
 -1.499D-04  1.523D+00
 -3.736D-04  1.758D+00
 -7.838D-04 -2.324D+00
 -3.896D-04  1.782D+00
 -4.461D-06  6.405D-01
 -2.969D-06  1.459D-01
 -1.172D-06 -2.116D+00
 -8.820D-07  3.565D+00
 -3.276D-06  2.153D+00
 -5.939D-06  1.839D+00
 -8.889D-06  1.700D+00
 -1.213D-05  1.622D+00
 -1.565D-05  1.573D+00
 -1.946D-05  1.540D+00
 -2.355D-05  1.516D+00
 -2.791D-05  1.499D+00
 -3.256D-05  1.485D+00
 -3.747D-05  1.475D+00
 -4.266D-05  1.467D+00
 -4.811D-05  1.461D+00
 -5.383D-05  1.455D+00
 -5.979D-05  1.452D+00
 -6.603D-05  1.448D+00
 -7.247D-05  1.446D+00
 -7.922D-05  1.444D+00
 -8.610D-05  1.444D+00
 -9.335D-05  1.442D+00
 -1.006D-04  1.444D+00
 -1.084D-04  1.442D+00
 -1.159D-04  1.446D+00
 -1.242D-04  1.444D+00
 -1.320D-04  1.450D+00
 -1.408D-04  1.447D+00
 -1.486D-04  1.457D+00
 -1.581D-04  1.452D+00
 -1.655D-04  1.467D+00
 -1.759D-04  1.458D+00
 -1.827D-04  1.480D+00
 -1.942D-04  1.466D+00
 -1.997D-04  1.497D+00
 -2.129D-04  1.475D+00
 -2.162D-04  1.521D+00
 -2.318D-04  1.486D+00
 -2.314D-04  1.553D+00
 -2.507D-04  1.500D+00
 -2.445D-04  1.598D+00
 -2.695D-04  1.515D+00
 -2.542D-04  1.661D+00
 -2.881D-04  1.533D+00
 -2.583D-04  1.754D+00
 -3.062D-04  1.553D+00
 -2.534D-04  1.899D+00
 -3.238D-04  1.576D+00
 -2.336D-04  2.150D+00
 -3.406D-04  1.602D+00
 -1.869D-04  2.671D+00
 -3.567D-04  1.629D+00
 -9.256D-05  4.248D+00
 -3.722D-04  1.658D+00
 -1.355D-04  1.924D+00
 -3.875D-04  1.686D+00
 -7.288D-04 -2.424D+00
 -4.046D-04  1.705D+00
 -4.259D-06  6.404D-01
 -2.793D-06  1.471D-01
 -9.988D-07 -1.838D+00
 -1.001D-06  3.230D+00
 -3.346D-06  2.059D+00
 -5.963D-06  1.776D+00
 -8.863D-06  1.649D+00
 -1.205D-05  1.577D+00
 -1.551D-05  1.532D+00
 -1.926D-05  1.501D+00
 -2.328D-05  1.478D+00
 -2.758D-05  1.462D+00
 -3.215D-05  1.449D+00
 -3.699D-05  1.439D+00
 -4.210D-05  1.431D+00
 -4.747D-05  1.425D+00
 -5.310D-05  1.420D+00
 -5.900D-05  1.416D+00
 -6.511D-05  1.414D+00
 -7.152D-05  1.411D+00
 -7.811D-05  1.410D+00
 -8.501D-05  1.407D+00
 -9.203D-05  1.408D+00
 -9.943D-05  1.406D+00
 -1.068D-04  1.408D+00
 -1.147D-04  1.406D+00
 -1.224D-04  1.410D+00
 -1.308D-04  1.408D+00
 -1.386D-04  1.414D+00
 -1.476D-04  1.411D+00
 -1.554D-04  1.420D+00
 -1.651D-04  1.415D+00
 -1.726D-04  1.429D+00
 -1.832D-04  1.420D+00
 -1.900D-04  1.441D+00
 -2.017D-04  1.427D+00
 -2.072D-04  1.458D+00
 -2.206D-04  1.435D+00
 -2.238D-04  1.480D+00
 -2.397D-04  1.445D+00
 -2.393D-04  1.510D+00
 -2.589D-04  1.457D+00
 -2.527D-04  1.551D+00
 -2.781D-04  1.471D+00
 -2.628D-04  1.610D+00
 -2.970D-04  1.486D+00
 -2.676D-04  1.696D+00
 -3.156D-04  1.504D+00
 -2.637D-04  1.830D+00
 -3.337D-04  1.524D+00
 -2.454D-04  2.058D+00
 -3.511D-04  1.546D+00
 -2.015D-04  2.519D+00
 -3.679D-04  1.570D+00
 -1.029D-04  4.057D+00
 -3.842D-04  1.595D+00
 -1.205D-04  2.329D+00
 -4.004D-04  1.619D+00
 -6.765D-04 -2.536D+00
 -4.183D-04  1.635D+00
 -4.069D-06  6.402D-01
 -2.629D-06  1.487D-01
 -8.511D-07 -1.613D+00
 -1.101D-06  2.970D+00
 -3.400D-06  1.974D+00
 -5.970D-06  1.718D+00
 -8.819D-06  1.601D+00
 -1.195D-05  1.535D+00
 -1.535D-05  1.492D+00
 -1.903D-05  1.463D+00
 -2.299D-05  1.442D+00
 -2.721D-05  1.427D+00
 -3.171D-05  1.415D+00
 -3.647D-05  1.405D+00
 -4.150D-05  1.398D+00
 -4.678D-05  1.392D+00
 -5.233D-05  1.387D+00
 -5.811D-05  1.384D+00
 -6.417D-05  1.380D+00
 -7.044D-05  1.378D+00
 -7.700D-05  1.376D+00
 -8.372D-05  1.375D+00
 -9.077D-05  1.373D+00
 -9.790D-05  1.374D+00
 -1.054D-04  1.372D+00
 -1.129D-04  1.374D+00
 -1.210D-04  1.372D+00
 -1.287D-04  1.376D+00
 -1.373D-04  1.373D+00
 -1.451D-04  1.380D+00
 -1.543D-04  1.376D+00
 -1.621D-04  1.385D+00
 -1.720D-04  1.379D+00
 -1.795D-04  1.394D+00
 -1.902D-04  1.384D+00
 -1.970D-04  1.405D+00
 -2.090D-04  1.390D+00
 -2.144D-04  1.420D+00
 -2.280D-04  1.397D+00
 -2.312D-04  1.441D+00
 -2.474D-04  1.406D+00
 -2.469D-04  1.469D+00
 -2.668D-04  1.416D+00
 -2.606D-04  1.508D+00
 -2.862D-04  1.428D+00
 -2.711D-04  1.562D+00
 -3.055D-04  1.442D+00
 -2.764D-04  1.642D+00
 -3.244D-04  1.458D+00
 -2.734D-04  1.766D+00
 -3.429D-04  1.475D+00
 -2.565D-04  1.974D+00
 -3.609D-04  1.495D+00
 -2.152D-04  2.386D+00
 -3.783D-04  1.515D+00
 -1.232D-04  3.630D+00
 -3.953D-04  1.537D+00
 -1.144D-04  2.644D+00
 -4.123D-04  1.557D+00
 -6.187D-04 -2.473D+00
 -4.309D-04  1.571D+00
 -3.890D-06  6.401D-01
 -2.477D-06  1.510D-01
 -7.274D-07 -1.428D+00
 -1.186D-06  2.759D+00
 -3.439D-06  1.898D+00
 -5.961D-06  1.665D+00
 -8.757D-06  1.557D+00
 -1.183D-05  1.495D+00
 -1.517D-05  1.455D+00
 -1.879D-05  1.428D+00
 -2.267D-05  1.408D+00
 -2.682D-05  1.394D+00
 -3.123D-05  1.382D+00
 -3.591D-05  1.373D+00
 -4.085D-05  1.366D+00
 -4.605D-05  1.361D+00
 -5.149D-05  1.356D+00
 -5.720D-05  1.352D+00
 -6.314D-05  1.349D+00
 -6.934D-05  1.346D+00
 -7.575D-05  1.345D+00
 -8.244D-05  1.343D+00
 -8.928D-05  1.342D+00
 -9.646D-05  1.340D+00
 -1.037D-04  1.341D+00
 -1.114D-04  1.339D+00
 -1.189D-04  1.342D+00
 -1.271D-04  1.339D+00
 -1.349D-04  1.343D+00
 -1.436D-04  1.341D+00
 -1.515D-04  1.347D+00
 -1.608D-04  1.343D+00
 -1.686D-04  1.352D+00
 -1.786D-04  1.346D+00
 -1.861D-04  1.360D+00
 -1.970D-04  1.350D+00
 -2.038D-04  1.370D+00
 -2.159D-04  1.355D+00
 -2.213D-04  1.384D+00
 -2.352D-04  1.361D+00
 -2.382D-04  1.404D+00
 -2.547D-04  1.369D+00
 -2.541D-04  1.430D+00
 -2.743D-04  1.378D+00
 -2.680D-04  1.466D+00
 -2.939D-04  1.388D+00
 -2.789D-04  1.517D+00
 -3.134D-04  1.400D+00
 -2.847D-04  1.591D+00
 -3.327D-04  1.414D+00
 -2.825D-04  1.705D+00
 -3.516D-04  1.429D+00
 -2.670D-04  1.897D+00
 -3.700D-04  1.446D+00
 -2.281D-04  2.268D+00
 -3.879D-04  1.464D+00
 -1.416D-04  3.309D+00
 -4.055D-04  1.483D+00
 -1.069D-04  2.978D+00
 -4.232D-04  1.500D+00
 -5.577D-04 -2.261D+00
 -4.424D-04  1.511D+00
 -3.722D-06  6.400D-01
 -2.335D-06  1.537D-01
 -6.164D-07 -9.788D-01
 -1.258D-06  2.584D+00
 -3.465D-06  1.829D+00
 -5.938D-06  1.615D+00
 -8.681D-06  1.515D+00
 -1.169D-05  1.457D+00
 -1.497D-05  1.420D+00
 -1.852D-05  1.395D+00
 -2.233D-05  1.376D+00
 -2.640D-05  1.362D+00
 -3.074D-05  1.352D+00
 -3.533D-05  1.343D+00
 -4.018D-05  1.336D+00
 -4.528D-05  1.331D+00
 -5.064D-05  1.326D+00
 -5.623D-05  1.323D+00
 -6.209D-05  1.319D+00
 -6.816D-05  1.317D+00
 -7.450D-05  1.314D+00
 -8.102D-05  1.313D+00
 -8.785D-05  1.311D+00
 -9.479D-05  1.311D+00
 -1.021D-04  1.309D+00
 -1.094D-04  1.310D+00
 -1.172D-04  1.308D+00
 -1.248D-04  1.311D+00
 -1.331D-04  1.308D+00
 -1.410D-04  1.312D+00
 -1.498D-04  1.309D+00
 -1.577D-04  1.315D+00
 -1.671D-04  1.311D+00
 -1.750D-04  1.320D+00
 -1.851D-04  1.313D+00
 -1.926D-04  1.327D+00
 -2.036D-04  1.317D+00
 -2.103D-04  1.337D+00
 -2.226D-04  1.321D+00
 -2.279D-04  1.350D+00
 -2.420D-04  1.327D+00
 -2.450D-04  1.368D+00
 -2.616D-04  1.333D+00
 -2.610D-04  1.392D+00
 -2.814D-04  1.341D+00
 -2.751D-04  1.426D+00
 -3.012D-04  1.350D+00
 -2.863D-04  1.473D+00
 -3.209D-04  1.360D+00
 -2.926D-04  1.543D+00
 -3.404D-04  1.372D+00
 -2.911D-04  1.649D+00
 -3.596D-04  1.386D+00
 -2.769D-04  1.825D+00
 -3.784D-04  1.400D+00
 -2.402D-04  2.162D+00
 -3.968D-04  1.416D+00
 -1.586D-04  3.054D+00
 -4.149D-04  1.432D+00
 -9.739D-05  3.345D+00
 -4.331D-04  1.446D+00
 -5.028D-04 -2.086D+00
 -4.528D-04  1.455D+00
 -3.563D-06  6.398D-01
 -2.204D-06  1.571D-01
 -5.202D-07 -5.837D-01
 -1.318D-06  2.435D+00
 -3.480D-06  1.765D+00
 -5.904D-06  1.569D+00
 -8.593D-06  1.476D+00
 -1.155D-05  1.422D+00
 -1.476D-05  1.387D+00
 -1.824D-05  1.363D+00
 -2.197D-05  1.346D+00
 -2.597D-05  1.333D+00
 -3.022D-05  1.322D+00
 -3.473D-05  1.314D+00
 -3.948D-05  1.308D+00
 -4.449D-05  1.302D+00
 -4.974D-05  1.298D+00
 -5.525D-05  1.294D+00
 -6.098D-05  1.291D+00
 -6.697D-05  1.288D+00
 -7.316D-05  1.287D+00
 -7.963D-05  1.284D+00
 -8.626D-05  1.283D+00
 -9.319D-05  1.282D+00
 -1.002D-04  1.282D+00
 -1.076D-04  1.280D+00
 -1.150D-04  1.281D+00
 -1.229D-04  1.279D+00
 -1.306D-04  1.281D+00
 -1.390D-04  1.279D+00
 -1.469D-04  1.283D+00
 -1.558D-04  1.279D+00
 -1.637D-04  1.285D+00
 -1.732D-04  1.280D+00
 -1.811D-04  1.290D+00
 -1.913D-04  1.282D+00
 -1.988D-04  1.296D+00
 -2.099D-04  1.285D+00
 -2.166D-04  1.305D+00
 -2.290D-04  1.289D+00
 -2.343D-04  1.317D+00
 -2.485D-04  1.293D+00
 -2.514D-04  1.334D+00
 -2.682D-04  1.299D+00
 -2.675D-04  1.356D+00
 -2.881D-04  1.306D+00
 -2.818D-04  1.388D+00
 -3.080D-04  1.313D+00
 -2.932D-04  1.432D+00
 -3.279D-04  1.322D+00
 -3.000D-04  1.497D+00
 -3.476D-04  1.333D+00
 -2.992D-04  1.596D+00
 -3.671D-04  1.344D+00
 -2.862D-04  1.759D+00
 -3.862D-04  1.357D+00
 -2.516D-04  2.065D+00
 -4.050D-04  1.370D+00
 -1.743D-04  2.843D+00
 -4.235D-04  1.384D+00
 -9.572D-05  3.541D+00
 -4.422D-04  1.396D+00
 -4.529D-04 -1.939D+00
 -4.623D-04  1.403D+00
 -3.413D-06  6.396D-01
 -2.082D-06  1.610D-01
 -4.400D-07 -2.456D-01
 -1.368D-06  2.305D+00
 -3.485D-06  1.706D+00
 -5.860D-06  1.525D+00
 -8.494D-06  1.439D+00
 -1.139D-05  1.389D+00
 -1.454D-05  1.356D+00
 -1.794D-05  1.333D+00
 -2.161D-05  1.317D+00
 -2.552D-05  1.304D+00
 -2.969D-05  1.295D+00
 -3.410D-05  1.287D+00
 -3.877D-05  1.280D+00
 -4.368D-05  1.275D+00
 -4.883D-05  1.271D+00
 -5.422D-05  1.267D+00
 -5.986D-05  1.264D+00
 -6.572D-05  1.262D+00
 -7.183D-05  1.259D+00
 -7.813D-05  1.258D+00
 -8.471D-05  1.256D+00
 -9.144D-05  1.255D+00
 -9.847D-05  1.253D+00
 -1.056D-04  1.253D+00
 -1.131D-04  1.251D+00
 -1.205D-04  1.252D+00
 -1.285D-04  1.250D+00
 -1.362D-04  1.253D+00
 -1.447D-04  1.250D+00
 -1.526D-04  1.254D+00
 -1.616D-04  1.250D+00
 -1.696D-04  1.256D+00
 -1.792D-04  1.251D+00
 -1.870D-04  1.260D+00
 -1.973D-04  1.252D+00
 -2.047D-04  1.266D+00
 -2.160D-04  1.255D+00
 -2.226D-04  1.274D+00
 -2.352D-04  1.258D+00
 -2.403D-04  1.285D+00
 -2.547D-04  1.261D+00
 -2.575D-04  1.301D+00
 -2.745D-04  1.266D+00
 -2.737D-04  1.322D+00
 -2.944D-04  1.272D+00
 -2.882D-04  1.351D+00
 -3.145D-04  1.278D+00
 -2.998D-04  1.393D+00
 -3.345D-04  1.286D+00
 -3.069D-04  1.454D+00
 -3.544D-04  1.295D+00
 -3.069D-04  1.546D+00
 -3.740D-04  1.305D+00
 -2.949D-04  1.697D+00
 -3.934D-04  1.315D+00
 -2.623D-04  1.977D+00
 -4.124D-04  1.327D+00
 -1.890D-04  2.664D+00
 -4.313D-04  1.338D+00
 -9.372D-05  3.738D+00
 -4.504D-04  1.348D+00
 -4.084D-04 -1.819D+00
 -4.708D-04  1.353D+00
 -3.271D-06  6.394D-01
 -1.968D-06  1.654D-01
 -3.780D-07  2.123D-01
 -1.410D-06  2.192D+00
 -3.481D-06  1.652D+00
 -5.806D-06  1.485D+00
 -8.385D-06  1.404D+00
 -1.122D-05  1.357D+00
 -1.430D-05  1.326D+00
 -1.764D-05  1.305D+00
 -2.123D-05  1.289D+00
 -2.506D-05  1.277D+00
 -2.914D-05  1.268D+00
 -3.347D-05  1.260D+00
 -3.804D-05  1.254D+00
 -4.285D-05  1.249D+00
 -4.790D-05  1.245D+00
 -5.319D-05  1.242D+00
 -5.871D-05  1.239D+00
 -6.447D-05  1.236D+00
 -7.044D-05  1.234D+00
 -7.666D-05  1.231D+00
 -8.306D-05  1.230D+00
 -8.974D-05  1.228D+00
 -9.655D-05  1.228D+00
 -1.037D-04  1.226D+00
 -1.109D-04  1.226D+00
 -1.184D-04  1.224D+00
 -1.259D-04  1.225D+00
 -1.340D-04  1.223D+00
 -1.418D-04  1.225D+00
 -1.503D-04  1.222D+00
 -1.582D-04  1.226D+00
 -1.673D-04  1.222D+00
 -1.752D-04  1.228D+00
 -1.849D-04  1.223D+00
 -1.927D-04  1.232D+00
 -2.031D-04  1.224D+00
 -2.105D-04  1.237D+00
 -2.219D-04  1.225D+00
 -2.284D-04  1.244D+00
 -2.410D-04  1.228D+00
 -2.461D-04  1.255D+00
 -2.606D-04  1.231D+00
 -2.633D-04  1.269D+00
 -2.804D-04  1.234D+00
 -2.796D-04  1.289D+00
 -3.004D-04  1.239D+00
 -2.941D-04  1.316D+00
 -3.205D-04  1.245D+00
 -3.060D-04  1.355D+00
 -3.406D-04  1.251D+00
 -3.134D-04  1.412D+00
 -3.606D-04  1.258D+00
 -3.140D-04  1.498D+00
 -3.804D-04  1.267D+00
 -3.031D-04  1.639D+00
 -4.000D-04  1.276D+00
 -2.723D-04  1.897D+00
 -4.193D-04  1.286D+00
 -2.027D-04  2.509D+00
 -4.384D-04  1.295D+00
 -8.887D-05  3.999D+00
 -4.578D-04  1.303D+00
 -3.663D-04 -1.477D+00
 -4.785D-04  1.307D+00
