  0.000D+00 -1.000D+00
 -4.593D-03  7.892D-01
  0.000D+00 -1.000D+00
  0.000D+00 -1.000D+00
 -6.151D-03  7.856D-01
  0.000D+00 -1.000D+00
 -1.872D-03  7.926D-01
  0.000D+00 -1.000D+00
 -7.255D-03  7.798D-01
  0.000D+00 -1.000D+00
  0.000D+00 -1.000D+00
 -2.635D-03  7.882D-01
  0.000D+00 -1.000D+00
 -8.070D-03  7.719D-01
  0.000D+00 -1.000D+00
 -1.076D-03  7.947D-01
  0.000D+00 -1.000D+00
 -3.224D-03  7.818D-01
  0.000D+00 -1.000D+00
 -8.682D-03  7.621D-01
  0.000D+00 -1.000D+00
  0.000D+00 -1.000D+00
 -1.557D-03  7.902D-01
  0.000D+00 -1.000D+00
 -3.695D-03  7.734D-01
  0.000D+00 -1.000D+00
 -9.144D-03  7.506D-01
  0.000D+00 -1.000D+00
 -7.173D-04  7.961D-01
  0.000D+00 -1.000D+00
 -1.941D-03  7.836D-01
  0.000D+00 -1.000D+00
 -4.076D-03  7.634D-01
  0.000D+00 -1.000D+00
 -9.489D-03  7.374D-01
  0.000D+00 -1.000D+00
  0.000D+00 -1.000D+00
 -1.058D-03  7.917D-01
  0.000D+00 -1.000D+00
 -2.257D-03  7.753D-01
  0.000D+00 -1.000D+00
 -4.385D-03  7.520D-01
  0.000D+00 -1.000D+00
 -9.742D-03  7.228D-01
  0.000D+00 -1.000D+00
 -5.198D-04  7.972D-01
  0.000D+00 -1.000D+00
 -1.336D-03  7.854D-01
  0.000D+00 -1.000D+00
 -2.522D-03  7.657D-01
  0.000D+00 -1.000D+00
 -4.636D-03  7.394D-01
  0.000D+00 -1.000D+00
 -9.919D-03  7.069D-01
  0.000D+00 -1.000D+00
  0.000D+00 -1.000D+00
 -7.780D-04  7.930D-01
  0.000D+00 -1.000D+00
 -1.569D-03  7.776D-01
  0.000D+00 -1.000D+00
 -2.744D-03  7.549D-01
  0.000D+00 -1.000D+00
 -4.838D-03  7.259D-01
  0.000D+00 -1.000D+00
 -1.003D-02  6.898D-01
  0.000D+00 -1.000D+00
 -3.978D-04  7.978D-01
  0.000D+00 -1.000D+00
 -9.924D-04  7.872D-01
  0.000D+00 -1.000D+00
 -1.767D-03  7.687D-01
  0.000D+00 -1.000D+00
 -2.930D-03  7.433D-01
  0.000D+00 -1.000D+00
 -4.997D-03  7.115D-01
  0.000D+00 -1.000D+00
 -1.009D-02  6.719D-01
  0.000D+00 -1.000D+00
  0.000D+00 -1.000D+00
 -6.022D-04  7.940D-01
  0.000D+00 -1.000D+00
 -1.175D-03  7.801D-01
  0.000D+00 -1.000D+00
 -1.937D-03  7.589D-01
  0.000D+00 -1.000D+00
 -3.085D-03  7.311D-01
  0.000D+00 -1.000D+00
 -5.121D-03  6.965D-01
  0.000D+00 -1.000D+00
 -1.011D-02  6.532D-01
  0.000D+00 -1.000D+00
 -3.163D-04  7.982D-01
  0.000D+00 -1.000D+00
 -7.745D-04  7.888D-01
  0.000D+00 -1.000D+00
 -1.331D-03  7.721D-01
  0.000D+00 -1.000D+00
 -2.082D-03  7.486D-01
  0.000D+00 -1.000D+00
 -3.214D-03  7.184D-01
  0.000D+00 -1.000D+00
 -5.213D-03  6.812D-01
  0.000D+00 -1.000D+00
 -1.009D-02  6.340D-01
  0.000D+00 -1.000D+00
  0.000D+00 -1.000D+00
 -4.832D-04  7.948D-01
  0.000D+00 -1.000D+00
 -9.226D-04  7.825D-01
  0.000D+00 -1.000D+00
 -1.467D-03  7.635D-01
  0.000D+00 -1.000D+00
 -2.206D-03  7.379D-01
  0.000D+00 -1.000D+00
 -3.320D-03  7.055D-01
  0.000D+00 -1.000D+00
 -5.278D-03  6.655D-01
  0.000D+00 -1.000D+00
 -1.003D-02  6.143D-01
  0.000D+00 -1.000D+00
 -2.587D-04  7.984D-01
  0.000D+00 -1.000D+00
 -6.259D-04  7.902D-01
  0.000D+00 -1.000D+00
 -1.051D-03  7.756D-01
  0.000D+00 -1.000D+00
 -1.585D-03  7.546D-01
  0.000D+00 -1.000D+00
 -2.311D-03  7.271D-01
  0.000D+00 -1.000D+00
 -3.405D-03  6.926D-01
  0.000D+00 -1.000D+00
 -5.319D-03  6.498D-01
  0.000D+00 -1.000D+00
 -9.946D-03  5.945D-01
  0.000D+00 -1.000D+00
  0.000D+00 -1.000D+00
 -3.984D-04  7.953D-01
  0.000D+00 -1.000D+00
 -7.496D-04  7.848D-01
  0.000D+00 -1.000D+00
 -1.163D-03  7.682D-01
  0.000D+00 -1.000D+00
 -1.687D-03  7.454D-01
  0.000D+00 -1.000D+00
 -2.401D-03  7.162D-01
  0.000D+00 -1.000D+00
 -3.472D-03  6.798D-01
  0.000D+00 -1.000D+00
 -5.340D-03  6.342D-01
  0.000D+00 -1.000D+00
 -9.837D-03  5.745D-01
  0.000D+00 -1.000D+00
 -2.164D-04  7.982D-01
  0.000D+00 -1.000D+00
 -5.190D-04  7.913D-01
  0.000D+00 -1.000D+00
 -8.579D-04  7.788D-01
  0.000D+00 -1.000D+00
 -1.262D-03  7.606D-01
  0.000D+00 -1.000D+00
 -1.775D-03  7.364D-01
  0.000D+00 -1.000D+00
 -2.475D-03  7.056D-01
  0.000D+00 -1.000D+00
 -3.523D-03  6.671D-01
  0.000D+00 -1.000D+00
 -5.342D-03  6.188D-01
  0.000D+00 -1.000D+00
 -9.709D-03  5.547D-01
  0.000D+00 -1.000D+00
  0.000D+00 -1.000D+00
 -3.353D-04  7.955D-01
  0.000D+00 -1.000D+00
 -6.246D-04  7.867D-01
  0.000D+00 -1.000D+00
 -9.534D-04  7.726D-01
  0.000D+00 -1.000D+00
 -1.348D-03  7.530D-01
  0.000D+00 -1.000D+00
 -1.852D-03  7.275D-01
  0.000D+00 -1.000D+00
 -2.537D-03  6.952D-01
  0.000D+00 -1.000D+00
 -3.560D-03  6.549D-01
  0.000D+00 -1.000D+00
 -5.330D-03  6.038D-01
  0.000D+00 -1.000D+00
 -9.563D-03  5.351D-01
  0.000D+00 -1.000D+00
 -1.842D-04  7.978D-01
  0.000D+00 -1.000D+00
 -4.391D-04  7.921D-01
  0.000D+00 -1.000D+00
 -7.177D-04  7.817D-01
  0.000D+00 -1.000D+00
 -1.038D-03  7.663D-01
  0.000D+00 -1.000D+00
 -1.424D-03  7.455D-01
  0.000D+00 -1.000D+00
 -1.917D-03  7.189D-01
  0.000D+00 -1.000D+00
 -2.587D-03  6.853D-01
  0.000D+00 -1.000D+00
 -3.584D-03  6.431D-01
  0.000D+00 -1.000D+00
 -5.304D-03  5.892D-01
  0.000D+00 -1.000D+00
 -9.403D-03  5.158D-01
  0.000D+00 -1.000D+00
  0.000D+00 -1.000D+00
 -2.870D-04  7.955D-01
  0.000D+00 -1.000D+00
 -5.307D-04  7.882D-01
  0.000D+00 -1.000D+00
 -8.004D-04  7.765D-01
  0.000D+00 -1.000D+00
 -1.113D-03  7.600D-01
  0.000D+00 -1.000D+00
 -1.491D-03  7.384D-01
  0.000D+00 -1.000D+00
 -1.973D-03  7.107D-01
  0.000D+00 -1.000D+00
 -2.627D-03  6.758D-01
  0.000D+00 -1.000D+00
 -3.598D-03  6.318D-01
  0.000D+00 -1.000D+00
 -5.266D-03  5.751D-01
  0.000D+00 -1.000D+00
 -9.231D-03  4.969D-01
  0.000D+00 -1.000D+00
 -1.591D-04  7.972D-01
  0.000D+00 -1.000D+00
 -3.775D-04  7.925D-01
  0.000D+00 -1.000D+00
 -6.120D-04  7.840D-01
  0.000D+00 -1.000D+00
 -8.740D-04  7.713D-01
  0.000D+00 -1.000D+00
 -1.179D-03  7.540D-01
  0.000D+00 -1.000D+00
 -1.549D-03  7.316D-01
  0.000D+00 -1.000D+00
 -2.020D-03  7.030D-01
  0.000D+00 -1.000D+00
 -2.659D-03  6.670D-01
  0.000D+00 -1.000D+00
 -3.602D-03  6.212D-01
  0.000D+00 -1.000D+00
 -5.219D-03  5.617D-01
  0.000D+00 -1.000D+00
 -9.050D-03  4.786D-01
  0.000D+00 -1.000D+00
  0.000D+00 -1.000D+00
 -2.490D-04  7.951D-01
  0.000D+00 -1.000D+00
 -4.579D-04  7.893D-01
  0.000D+00 -1.000D+00
 -6.847D-04  7.797D-01
  0.000D+00 -1.000D+00
 -9.397D-04  7.663D-01
  0.000D+00 -1.000D+00
 -1.237D-03  7.483D-01
  0.000D+00 -1.000D+00
 -1.599D-03  7.252D-01
  0.000D+00 -1.000D+00
 -2.060D-03  6.959D-01
  0.000D+00 -1.000D+00
 -2.682D-03  6.587D-01
  0.000D+00 -1.000D+00
 -3.598D-03  6.113D-01
  0.000D+00 -1.000D+00
 -5.163D-03  5.490D-01
  0.000D+00 -1.000D+00
 -8.862D-03  4.610D-01
  0.000D+00 -1.000D+00
 -1.390D-04  7.964D-01
  0.000D+00 -1.000D+00
 -3.288D-04  7.926D-01
  0.000D+00 -1.000D+00
 -5.299D-04  7.858D-01
  0.000D+00 -1.000D+00
 -7.498D-04  7.756D-01
  0.000D+00 -1.000D+00
 -9.984D-04  7.615D-01
  0.000D+00 -1.000D+00
 -1.289D-03  7.430D-01
  0.000D+00 -1.000D+00
 -1.643D-03  7.194D-01
  0.000D+00 -1.000D+00
 -2.092D-03  6.893D-01
  0.000D+00 -1.000D+00
 -2.698D-03  6.511D-01
  0.000D+00 -1.000D+00
 -3.587D-03  6.020D-01
  0.000D+00 -1.000D+00
 -5.100D-03  5.370D-01
  0.000D+00 -1.000D+00
 -8.668D-03  4.441D-01
  0.000D+00 -1.000D+00
  0.000D+00 -1.000D+00
 -2.185D-04  7.945D-01
  0.000D+00 -1.000D+00
 -4.002D-04  7.899D-01
  0.000D+00 -1.000D+00
 -5.945D-04  7.823D-01
  0.000D+00 -1.000D+00
 -8.083D-04  7.715D-01
  0.000D+00 -1.000D+00
 -1.051D-03  7.570D-01
  0.000D+00 -1.000D+00
 -1.335D-03  7.382D-01
  0.000D+00 -1.000D+00
 -1.681D-03  7.140D-01
  0.000D+00 -1.000D+00
 -2.119D-03  6.833D-01
  0.000D+00 -1.000D+00
 -2.707D-03  6.442D-01
  0.000D+00 -1.000D+00
 -3.570D-03  5.935D-01
  0.000D+00 -1.000D+00
 -5.032D-03  5.258D-01
  0.000D+00 -1.000D+00
 -8.470D-03  4.279D-01
  0.000D+00 -1.000D+00
 -1.227D-04  7.953D-01
  0.000D+00 -1.000D+00
 -2.895D-04  7.924D-01
  0.000D+00 -1.000D+00
 -4.644D-04  7.870D-01
  0.000D+00 -1.000D+00
 -6.527D-04  7.789D-01
  0.000D+00 -1.000D+00
 -8.610D-04  7.678D-01
  0.000D+00 -1.000D+00
 -1.098D-03  7.529D-01
  0.000D+00 -1.000D+00
 -1.376D-03  7.338D-01
  0.000D+00 -1.000D+00
 -1.713D-03  7.093D-01
  0.000D+00 -1.000D+00
 -2.140D-03  6.780D-01
  0.000D+00 -1.000D+00
 -2.712D-03  6.380D-01
  0.000D+00 -1.000D+00
 -3.547D-03  5.858D-01
  0.000D+00 -1.000D+00
 -4.959D-03  5.155D-01
  0.000D+00 -1.000D+00
 -8.270D-03  4.126D-01
  0.000D+00 -1.000D+00
  0.000D+00 -1.000D+00
 -1.936D-04  7.937D-01
  0.000D+00 -1.000D+00
 -3.535D-04  7.901D-01
  0.000D+00 -1.000D+00
 -5.225D-04  7.842D-01
  0.000D+00 -1.000D+00
 -7.054D-04  7.757D-01
  0.000D+00 -1.000D+00
 -9.085D-04  7.643D-01
  0.000D+00 -1.000D+00
 -1.140D-03  7.492D-01
  0.000D+00 -1.000D+00
 -1.411D-03  7.298D-01
  0.000D+00 -1.000D+00
 -1.740D-03  7.050D-01
  0.000D+00 -1.000D+00
 -2.156D-03  6.733D-01
  0.000D+00 -1.000D+00
 -2.711D-03  6.324D-01
  0.000D+00 -1.000D+00
 -3.520D-03  5.788D-01
  0.000D+00 -1.000D+00
 -4.882D-03  5.059D-01
  0.000D+00 -1.000D+00
 -8.069D-03  3.981D-01
  0.000D+00 -1.000D+00
 -1.092D-04  7.940D-01
  0.000D+00 -1.000D+00
 -2.573D-04  7.918D-01
  0.000D+00 -1.000D+00
 -4.113D-04  7.877D-01
  0.000D+00 -1.000D+00
 -5.751D-04  7.815D-01
  0.000D+00 -1.000D+00
 -7.532D-04  7.728D-01
  0.000D+00 -1.000D+00
 -9.514D-04  7.611D-01
  0.000D+00 -1.000D+00
 -1.177D-03  7.460D-01
  0.000D+00 -1.000D+00
 -1.442D-03  7.264D-01
  0.000D+00 -1.000D+00
 -1.763D-03  7.013D-01
  0.000D+00 -1.000D+00
 -2.167D-03  6.691D-01
  0.000D+00 -1.000D+00
 -2.706D-03  6.275D-01
  0.000D+00 -1.000D+00
 -3.489D-03  5.726D-01
  0.000D+00 -1.000D+00
 -4.803D-03  4.973D-01
  0.000D+00 -1.000D+00
 -7.868D-03  3.846D-01
  0.000D+00 -1.000D+00
  0.000D+00 -1.000D+00
 -1.729D-04  7.925D-01
  0.000D+00 -1.000D+00
 -3.150D-04  7.898D-01
  0.000D+00 -1.000D+00
 -4.638D-04  7.854D-01
  0.000D+00 -1.000D+00
 -6.229D-04  7.789D-01
  0.000D+00 -1.000D+00
 -7.965D-04  7.701D-01
  0.000D+00 -1.000D+00
 -9.900D-04  7.583D-01
  0.000D+00 -1.000D+00
 -1.211D-03  7.431D-01
  0.000D+00 -1.000D+00
 -1.470D-03  7.234D-01
  0.000D+00 -1.000D+00
 -1.782D-03  6.981D-01
  0.000D+00 -1.000D+00
 -2.175D-03  6.656D-01
  0.000D+00 -1.000D+00
 -2.698D-03  6.232D-01
  0.000D+00 -1.000D+00
 -3.454D-03  5.670D-01
  0.000D+00 -1.000D+00
 -4.721D-03  4.894D-01
  0.000D+00 -1.000D+00
 -7.667D-03  3.719D-01
  0.000D+00 -1.000D+00
 -9.800D-05  7.925D-01
  0.000D+00 -1.000D+00
 -2.305D-04  7.909D-01
  0.000D+00 -1.000D+00
 -3.674D-04  7.878D-01
  0.000D+00 -1.000D+00
 -5.116D-04  7.831D-01
  0.000D+00 -1.000D+00
 -6.664D-04  7.765D-01
  0.000D+00 -1.000D+00
 -8.358D-04  7.676D-01
  0.000D+00 -1.000D+00
 -1.025D-03  7.559D-01
  0.000D+00 -1.000D+00
 -1.241D-03  7.406D-01
  0.000D+00 -1.000D+00
 -1.493D-03  7.209D-01
  0.000D+00 -1.000D+00
 -1.798D-03  6.954D-01
  0.000D+00 -1.000D+00
 -2.180D-03  6.625D-01
  0.000D+00 -1.000D+00
 -2.687D-03  6.196D-01
  0.000D+00 -1.000D+00
 -3.417D-03  5.622D-01
  0.000D+00 -1.000D+00
 -4.638D-03  4.823D-01
  0.000D+00 -1.000D+00
 -7.469D-03  3.602D-01
  0.000D+00 -1.000D+00
  0.000D+00 -1.000D+00
 -1.555D-04  7.911D-01
  0.000D+00 -1.000D+00
 -2.829D-04  7.892D-01
  0.000D+00 -1.000D+00
 -4.153D-04  7.859D-01
  0.000D+00 -1.000D+00
 -5.554D-04  7.811D-01
  0.000D+00 -1.000D+00
 -7.062D-04  7.744D-01
  0.000D+00 -1.000D+00
 -8.716D-04  7.655D-01
  0.000D+00 -1.000D+00
 -1.056D-03  7.538D-01
  0.000D+00 -1.000D+00
 -1.267D-03  7.385D-01
  0.000D+00 -1.000D+00
 -1.514D-03  7.187D-01
  0.000D+00 -1.000D+00
 -1.810D-03  6.932D-01
  0.000D+00 -1.000D+00
 -2.182D-03  6.600D-01
  0.000D+00 -1.000D+00
 -2.673D-03  6.165D-01
  0.000D+00 -1.000D+00
 -3.379D-03  5.580D-01
  0.000D+00 -1.000D+00
 -4.554D-03  4.761D-01
  0.000D+00 -1.000D+00
 -7.272D-03  3.494D-01
  0.000D+00 -1.000D+00
 -8.849D-05  7.908D-01
  0.000D+00 -1.000D+00
 -2.079D-04  7.897D-01
  0.000D+00 -1.000D+00
 -3.307D-04  7.875D-01
  0.000D+00 -1.000D+00
 -4.590D-04  7.841D-01
  0.000D+00 -1.000D+00
 -5.954D-04  7.792D-01
  0.000D+00 -1.000D+00
 -7.426D-04  7.725D-01
  0.000D+00 -1.000D+00
 -9.042D-04  7.637D-01
  0.000D+00 -1.000D+00
 -1.085D-03  7.520D-01
  0.000D+00 -1.000D+00
 -1.291D-03  7.367D-01
  0.000D+00 -1.000D+00
 -1.531D-03  7.169D-01
  0.000D+00 -1.000D+00
 -1.820D-03  6.913D-01
  0.000D+00 -1.000D+00
 -2.181D-03  6.579D-01
  0.000D+00 -1.000D+00
 -2.656D-03  6.139D-01
  0.000D+00 -1.000D+00
 -3.338D-03  5.545D-01
  0.000D+00 -1.000D+00
 -4.469D-03  4.706D-01
  0.000D+00 -1.000D+00
 -7.079D-03  3.394D-01
  0.000D+00 -1.000D+00
  0.000D+00 -1.000D+00
 -1.408D-04  7.895D-01
  0.000D+00 -1.000D+00
 -2.557D-04  7.881D-01
  0.000D+00 -1.000D+00
 -3.745D-04  7.858D-01
  0.000D+00 -1.000D+00
 -4.992D-04  7.824D-01
  0.000D+00 -1.000D+00
 -6.321D-04  7.775D-01
  0.000D+00 -1.000D+00
 -7.758D-04  7.709D-01
  0.000D+00 -1.000D+00
 -9.338D-04  7.621D-01
  0.000D+00 -1.000D+00
 -1.110D-03  7.504D-01
  0.000D+00 -1.000D+00
 -1.312D-03  7.352D-01
  0.000D+00 -1.000D+00
 -1.546D-03  7.155D-01
  0.000D+00 -1.000D+00
 -1.827D-03  6.898D-01
  0.000D+00 -1.000D+00
 -2.178D-03  6.562D-01
  0.000D+00 -1.000D+00
 -2.638D-03  6.118D-01
  0.000D+00 -1.000D+00
 -3.296D-03  5.515D-01
  0.000D+00 -1.000D+00
 -4.385D-03  4.657D-01
  0.000D+00 -1.000D+00
 -6.889D-03  3.304D-01
  0.000D+00 -1.000D+00
 -8.036D-05  7.889D-01
  0.000D+00 -1.000D+00
 -1.886D-04  7.881D-01
  0.000D+00 -1.000D+00
 -2.995D-04  7.866D-01
  0.000D+00 -1.000D+00
 -4.147D-04  7.843D-01
  0.000D+00 -1.000D+00
 -5.361D-04  7.808D-01
  0.000D+00 -1.000D+00
 -6.658D-04  7.760D-01
  0.000D+00 -1.000D+00
 -8.063D-04  7.695D-01
  0.000D+00 -1.000D+00
 -9.608D-04  7.607D-01
  0.000D+00 -1.000D+00
 -1.133D-03  7.492D-01
  0.000D+00 -1.000D+00
 -1.330D-03  7.340D-01
  0.000D+00 -1.000D+00
 -1.559D-03  7.143D-01
  0.000D+00 -1.000D+00
 -1.833D-03  6.886D-01
  0.000D+00 -1.000D+00
 -2.173D-03  6.549D-01
  0.000D+00 -1.000D+00
 -2.618D-03  6.101D-01
  0.000D+00 -1.000D+00
 -3.253D-03  5.491D-01
  0.000D+00 -1.000D+00
 -4.300D-03  4.616D-01
  0.000D+00 -1.000D+00
 -6.703D-03  3.223D-01
  0.000D+00 -1.000D+00
  0.000D+00 -1.000D+00
 -1.282D-04  7.877D-01
  0.000D+00 -1.000D+00
 -2.324D-04  7.868D-01
  0.000D+00 -1.000D+00
 -3.398D-04  7.852D-01
  0.000D+00 -1.000D+00
 -4.518D-04  7.828D-01
  0.000D+00 -1.000D+00
 -5.702D-04  7.794D-01
  0.000D+00 -1.000D+00
 -6.968D-04  7.747D-01
  0.000D+00 -1.000D+00
 -8.342D-04  7.682D-01
  0.000D+00 -1.000D+00
 -9.854D-04  7.596D-01
  0.000D+00 -1.000D+00
 -1.154D-03  7.481D-01
  0.000D+00 -1.000D+00
 -1.346D-03  7.331D-01
  0.000D+00 -1.000D+00
 -1.569D-03  7.134D-01
  0.000D+00 -1.000D+00
 -1.836D-03  6.877D-01
  0.000D+00 -1.000D+00
 -2.166D-03  6.539D-01
  0.000D+00 -1.000D+00
 -2.597D-03  6.088D-01
  0.000D+00 -1.000D+00
 -3.210D-03  5.471D-01
  0.000D+00 -1.000D+00
 -4.217D-03  4.581D-01
  0.000D+00 -1.000D+00
 -6.521D-03  3.149D-01
  0.000D+00 -1.000D+00
 -7.334D-05  7.869D-01
  0.000D+00 -1.000D+00
 -1.720D-04  7.864D-01
  0.000D+00 -1.000D+00
 -2.728D-04  7.854D-01
  0.000D+00 -1.000D+00
 -3.770D-04  7.838D-01
  0.000D+00 -1.000D+00
 -4.861D-04  7.815D-01
  0.000D+00 -1.000D+00
 -6.016D-04  7.782D-01
  0.000D+00 -1.000D+00
 -7.254D-04  7.735D-01
  0.000D+00 -1.000D+00
 -8.598D-04  7.671D-01
  0.000D+00 -1.000D+00
 -1.008D-03  7.586D-01
  0.000D+00 -1.000D+00
 -1.173D-03  7.472D-01
  0.000D+00 -1.000D+00
 -1.360D-03  7.323D-01
  0.000D+00 -1.000D+00
 -1.578D-03  7.127D-01
  0.000D+00 -1.000D+00
 -1.837D-03  6.870D-01
  0.000D+00 -1.000D+00
 -2.158D-03  6.532D-01
  0.000D+00 -1.000D+00
 -2.575D-03  6.079D-01
  0.000D+00 -1.000D+00
 -3.166D-03  5.456D-01
  0.000D+00 -1.000D+00
 -4.134D-03  4.552D-01
  0.000D+00 -1.000D+00
 -6.344D-03  3.084D-01
  0.000D+00 -1.000D+00
  0.000D+00 -1.000D+00
 -1.172D-04  7.856D-01
  0.000D+00 -1.000D+00
 -2.124D-04  7.851D-01
  0.000D+00 -1.000D+00
 -3.101D-04  7.841D-01
  0.000D+00 -1.000D+00
 -4.114D-04  7.826D-01
  0.000D+00 -1.000D+00
 -5.178D-04  7.803D-01
  0.000D+00 -1.000D+00
 -6.306D-04  7.770D-01
  0.000D+00 -1.000D+00
 -7.518D-04  7.725D-01
  0.000D+00 -1.000D+00
 -8.834D-04  7.662D-01
  0.000D+00 -1.000D+00
 -1.028D-03  7.577D-01
  0.000D+00 -1.000D+00
 -1.190D-03  7.465D-01
  0.000D+00 -1.000D+00
 -1.373D-03  7.316D-01
  0.000D+00 -1.000D+00
 -1.585D-03  7.121D-01
  0.000D+00 -1.000D+00
 -1.837D-03  6.865D-01
  0.000D+00 -1.000D+00
 -2.148D-03  6.526D-01
  0.000D+00 -1.000D+00
 -2.552D-03  6.072D-01
  0.000D+00 -1.000D+00
 -3.122D-03  5.444D-01
  0.000D+00 -1.000D+00
 -4.053D-03  4.528D-01
  0.000D+00 -1.000D+00
 -6.171D-03  3.026D-01
  0.000D+00 -1.000D+00
 -6.725D-05  7.846D-01
  0.000D+00 -1.000D+00
 -1.576D-04  7.843D-01
  0.000D+00 -1.000D+00
 -2.497D-04  7.838D-01
  0.000D+00 -1.000D+00
 -3.446D-04  7.828D-01
  0.000D+00 -1.000D+00
 -4.433D-04  7.814D-01
  0.000D+00 -1.000D+00
 -5.471D-04  7.792D-01
  0.000D+00 -1.000D+00
 -6.575D-04  7.760D-01
  0.000D+00 -1.000D+00
 -7.761D-04  7.715D-01
  0.000D+00 -1.000D+00
 -9.049D-04  7.653D-01
  0.000D+00 -1.000D+00
 -1.047D-03  7.570D-01
  0.000D+00 -1.000D+00
 -1.205D-03  7.458D-01
  0.000D+00 -1.000D+00
 -1.384D-03  7.310D-01
  0.000D+00 -1.000D+00
 -1.590D-03  7.116D-01
  0.000D+00 -1.000D+00
 -1.836D-03  6.861D-01
  0.000D+00 -1.000D+00
 -2.137D-03  6.523D-01
  0.000D+00 -1.000D+00
 -2.528D-03  6.067D-01
  0.000D+00 -1.000D+00
 -3.078D-03  5.436D-01
  0.000D+00 -1.000D+00
 -3.973D-03  4.509D-01
  0.000D+00 -1.000D+00
 -6.003D-03  2.976D-01
  0.000D+00 -1.000D+00
  0.000D+00 -1.000D+00
 -1.077D-04  7.833D-01
  0.000D+00 -1.000D+00
 -1.950D-04  7.831D-01
  0.000D+00 -1.000D+00
 -2.843D-04  7.825D-01
  0.000D+00 -1.000D+00
 -3.766D-04  7.817D-01
  0.000D+00 -1.000D+00
 -4.729D-04  7.803D-01
  0.000D+00 -1.000D+00
 -5.744D-04  7.782D-01
  0.000D+00 -1.000D+00
 -6.824D-04  7.751D-01
  0.000D+00 -1.000D+00
 -7.986D-04  7.707D-01
  0.000D+00 -1.000D+00
 -9.248D-04  7.646D-01
  0.000D+00 -1.000D+00
 -1.063D-03  7.563D-01
  0.000D+00 -1.000D+00
 -1.218D-03  7.452D-01
  0.000D+00 -1.000D+00
 -1.393D-03  7.305D-01
  0.000D+00 -1.000D+00
 -1.594D-03  7.112D-01
  0.000D+00 -1.000D+00
 -1.833D-03  6.858D-01
  0.000D+00 -1.000D+00
 -2.126D-03  6.520D-01
  0.000D+00 -1.000D+00
 -2.504D-03  6.064D-01
  0.000D+00 -1.000D+00
 -3.034D-03  5.430D-01
  0.000D+00 -1.000D+00
 -3.894D-03  4.494D-01
  0.000D+00 -1.000D+00
 -5.840D-03  2.932D-01
  0.000D+00 -1.000D+00
 -6.191D-05  7.821D-01
  0.000D+00 -1.000D+00
 -1.450D-04  7.820D-01
  0.000D+00 -1.000D+00
 -2.296D-04  7.818D-01
  0.000D+00 -1.000D+00
 -3.164D-04  7.814D-01
  0.000D+00 -1.000D+00
 -4.063D-04  7.806D-01
  0.000D+00 -1.000D+00
 -5.004D-04  7.793D-01
  0.000D+00 -1.000D+00
 -5.997D-04  7.772D-01
  0.000D+00 -1.000D+00
 -7.055D-04  7.742D-01
  0.000D+00 -1.000D+00
 -8.193D-04  7.699D-01
  0.000D+00 -1.000D+00
 -9.430D-04  7.638D-01
  0.000D+00 -1.000D+00
 -1.079D-03  7.556D-01
  0.000D+00 -1.000D+00
 -1.230D-03  7.446D-01
  0.000D+00 -1.000D+00
 -1.401D-03  7.301D-01
  0.000D+00 -1.000D+00
 -1.597D-03  7.108D-01
  0.000D+00 -1.000D+00
 -1.829D-03  6.855D-01
  0.000D+00 -1.000D+00
 -2.113D-03  6.518D-01
  0.000D+00 -1.000D+00
 -2.479D-03  6.063D-01
  0.000D+00 -1.000D+00
 -2.990D-03  5.427D-01
  0.000D+00 -1.000D+00
 -3.817D-03  4.483D-01
  0.000D+00 -1.000D+00
 -5.682D-03  2.894D-01
  0.000D+00 -1.000D+00
  0.000D+00 -1.000D+00
 -9.930D-05  7.808D-01
  0.000D+00 -1.000D+00
 -1.797D-04  7.808D-01
  0.000D+00 -1.000D+00
 -2.617D-04  7.806D-01
  0.000D+00 -1.000D+00
 -3.463D-04  7.802D-01
  0.000D+00 -1.000D+00
 -4.340D-04  7.795D-01
  0.000D+00 -1.000D+00
 -5.260D-04  7.783D-01
  0.000D+00 -1.000D+00
 -6.233D-04  7.763D-01
  0.000D+00 -1.000D+00
 -7.270D-04  7.733D-01
  0.000D+00 -1.000D+00
 -8.385D-04  7.691D-01
  0.000D+00 -1.000D+00
 -9.597D-04  7.631D-01
  0.000D+00 -1.000D+00
 -1.093D-03  7.550D-01
  0.000D+00 -1.000D+00
 -1.241D-03  7.440D-01
  0.000D+00 -1.000D+00
 -1.407D-03  7.296D-01
  0.000D+00 -1.000D+00
 -1.599D-03  7.105D-01
  0.000D+00 -1.000D+00
 -1.825D-03  6.852D-01
  0.000D+00 -1.000D+00
 -2.100D-03  6.517D-01
  0.000D+00 -1.000D+00
 -2.454D-03  6.062D-01
  0.000D+00 -1.000D+00
 -2.947D-03  5.425D-01
  0.000D+00 -1.000D+00
 -3.742D-03  4.476D-01
  0.000D+00 -1.000D+00
 -5.529D-03  2.863D-01
  0.000D+00 -1.000D+00
 -5.721D-05  7.795D-01
  0.000D+00 -1.000D+00
 -1.340D-04  7.795D-01
  0.000D+00 -1.000D+00
 -2.119D-04  7.795D-01
  0.000D+00 -1.000D+00
 -2.917D-04  7.794D-01
  0.000D+00 -1.000D+00
 -3.741D-04  7.791D-01
  0.000D+00 -1.000D+00
 -4.599D-04  7.785D-01
  0.000D+00 -1.000D+00
 -5.499D-04  7.773D-01
  0.000D+00 -1.000D+00
 -6.452D-04  7.754D-01
  0.000D+00 -1.000D+00
 -7.469D-04  7.725D-01
  0.000D+00 -1.000D+00
 -8.562D-04  7.683D-01
  0.000D+00 -1.000D+00
 -9.750D-04  7.623D-01
  0.000D+00 -1.000D+00
 -1.105D-03  7.543D-01
  0.000D+00 -1.000D+00
 -1.250D-03  7.434D-01
  0.000D+00 -1.000D+00
 -1.413D-03  7.290D-01
  0.000D+00 -1.000D+00
 -1.600D-03  7.100D-01
  0.000D+00 -1.000D+00
 -1.819D-03  6.849D-01
  0.000D+00 -1.000D+00
 -2.086D-03  6.515D-01
  0.000D+00 -1.000D+00
 -2.428D-03  6.062D-01
  0.000D+00 -1.000D+00
 -2.904D-03  5.424D-01
  0.000D+00 -1.000D+00
 -3.668D-03  4.471D-01
  0.000D+00 -1.000D+00
 -5.381D-03  2.836D-01
  0.000D+00 -1.000D+00
  0.000D+00 -1.000D+00
 -9.190D-05  7.782D-01
  0.000D+00 -1.000D+00
 -1.662D-04  7.783D-01
  0.000D+00 -1.000D+00
 -2.419D-04  7.783D-01
  0.000D+00 -1.000D+00
 -3.197D-04  7.783D-01
  0.000D+00 -1.000D+00
 -4.001D-04  7.781D-01
  0.000D+00 -1.000D+00
 -4.840D-04  7.775D-01
  0.000D+00 -1.000D+00
 -5.723D-04  7.763D-01
  0.000D+00 -1.000D+00
 -6.657D-04  7.745D-01
  0.000D+00 -1.000D+00
 -7.654D-04  7.716D-01
  0.000D+00 -1.000D+00
 -8.726D-04  7.674D-01
  0.000D+00 -1.000D+00
 -9.891D-04  7.615D-01
  0.000D+00 -1.000D+00
 -1.117D-03  7.535D-01
  0.000D+00 -1.000D+00
 -1.258D-03  7.427D-01
  0.000D+00 -1.000D+00
 -1.417D-03  7.284D-01
  0.000D+00 -1.000D+00
 -1.599D-03  7.095D-01
  0.000D+00 -1.000D+00
 -1.813D-03  6.846D-01
  0.000D+00 -1.000D+00
 -2.072D-03  6.513D-01
  0.000D+00 -1.000D+00
 -2.403D-03  6.061D-01
  0.000D+00 -1.000D+00
 -2.861D-03  5.425D-01
  0.000D+00 -1.000D+00
 -3.596D-03  4.468D-01
  0.000D+00 -1.000D+00
 -5.237D-03  2.815D-01
  0.000D+00 -1.000D+00
 -5.304D-05  7.767D-01
  0.000D+00 -1.000D+00
 -1.242D-04  7.768D-01
  0.000D+00 -1.000D+00
 -1.963D-04  7.770D-01
  0.000D+00 -1.000D+00
 -2.699D-04  7.771D-01
  0.000D+00 -1.000D+00
 -3.458D-04  7.772D-01
  0.000D+00 -1.000D+00
 -4.245D-04  7.770D-01
  0.000D+00 -1.000D+00
 -5.066D-04  7.764D-01
  0.000D+00 -1.000D+00
 -5.931D-04  7.754D-01
  0.000D+00 -1.000D+00
 -6.847D-04  7.735D-01
  0.000D+00 -1.000D+00
 -7.826D-04  7.707D-01
  0.000D+00 -1.000D+00
 -8.878D-04  7.665D-01
  0.000D+00 -1.000D+00
 -1.002D-03  7.606D-01
  0.000D+00 -1.000D+00
 -1.127D-03  7.526D-01
  0.000D+00 -1.000D+00
 -1.265D-03  7.419D-01
  0.000D+00 -1.000D+00
 -1.421D-03  7.276D-01
  0.000D+00 -1.000D+00
 -1.598D-03  7.089D-01
  0.000D+00 -1.000D+00
 -1.806D-03  6.841D-01
  0.000D+00 -1.000D+00
 -2.058D-03  6.511D-01
  0.000D+00 -1.000D+00
 -2.378D-03  6.061D-01
  0.000D+00 -1.000D+00
 -2.820D-03  5.426D-01
  0.000D+00 -1.000D+00
 -3.526D-03  4.467D-01
  0.000D+00 -1.000D+00
 -5.098D-03  2.798D-01
  0.000D+00 -1.000D+00
  0.000D+00 -1.000D+00
 -8.532D-05  7.753D-01
  0.000D+00 -1.000D+00
 -1.543D-04  7.755D-01
  0.000D+00 -1.000D+00
 -2.244D-04  7.757D-01
  0.000D+00 -1.000D+00
 -2.962D-04  7.759D-01
  0.000D+00 -1.000D+00
 -3.703D-04  7.760D-01
  0.000D+00 -1.000D+00
 -4.473D-04  7.759D-01
  0.000D+00 -1.000D+00
 -5.278D-04  7.754D-01
  0.000D+00 -1.000D+00
 -6.126D-04  7.743D-01
  0.000D+00 -1.000D+00
 -7.025D-04  7.725D-01
  0.000D+00 -1.000D+00
 -7.986D-04  7.696D-01
  0.000D+00 -1.000D+00
 -9.018D-04  7.655D-01
  0.000D+00 -1.000D+00
 -1.014D-03  7.596D-01
  0.000D+00 -1.000D+00
 -1.136D-03  7.516D-01
  0.000D+00 -1.000D+00
 -1.272D-03  7.409D-01
  0.000D+00 -1.000D+00
 -1.423D-03  7.268D-01
  0.000D+00 -1.000D+00
 -1.596D-03  7.081D-01
  0.000D+00 -1.000D+00
 -1.799D-03  6.835D-01
  0.000D+00 -1.000D+00
 -2.043D-03  6.507D-01
  0.000D+00 -1.000D+00
 -2.352D-03  6.060D-01
  0.000D+00 -1.000D+00
 -2.779D-03  5.427D-01
  0.000D+00 -1.000D+00
 -3.457D-03  4.468D-01
  0.000D+00 -1.000D+00
 -4.965D-03  2.785D-01
  0.000D+00 -1.000D+00
 -4.932D-05  7.737D-01
  0.000D+00 -1.000D+00
 -1.154D-04  7.739D-01
  0.000D+00 -1.000D+00
 -1.824D-04  7.742D-01
  0.000D+00 -1.000D+00
 -2.506D-04  7.745D-01
  0.000D+00 -1.000D+00
 -3.208D-04  7.747D-01
  0.000D+00 -1.000D+00
 -3.932D-04  7.749D-01
  0.000D+00 -1.000D+00
 -4.686D-04  7.748D-01
  0.000D+00 -1.000D+00
 -5.476D-04  7.743D-01
  0.000D+00 -1.000D+00
 -6.309D-04  7.732D-01
  0.000D+00 -1.000D+00
 -7.192D-04  7.714D-01
  0.000D+00 -1.000D+00
 -8.134D-04  7.685D-01
  0.000D+00 -1.000D+00
 -9.147D-04  7.643D-01
  0.000D+00 -1.000D+00
 -1.025D-03  7.585D-01
  0.000D+00 -1.000D+00
 -1.144D-03  7.505D-01
  0.000D+00 -1.000D+00
 -1.277D-03  7.398D-01
  0.000D+00 -1.000D+00
 -1.425D-03  7.258D-01
  0.000D+00 -1.000D+00
 -1.594D-03  7.072D-01
  0.000D+00 -1.000D+00
 -1.791D-03  6.828D-01
  0.000D+00 -1.000D+00
 -2.027D-03  6.502D-01
  0.000D+00 -1.000D+00
 -2.327D-03  6.058D-01
  0.000D+00 -1.000D+00
 -2.738D-03  5.428D-01
  0.000D+00 -1.000D+00
 -3.391D-03  4.469D-01
  0.000D+00 -1.000D+00
 -4.835D-03  2.775D-01
  0.000D+00 -1.000D+00
  0.000D+00 -1.000D+00
 -7.945D-05  7.723D-01
  0.000D+00 -1.000D+00
 -1.436D-04  7.725D-01
  0.000D+00 -1.000D+00
 -2.087D-04  7.728D-01
  0.000D+00 -1.000D+00
 -2.753D-04  7.732D-01
  0.000D+00 -1.000D+00
 -3.438D-04  7.735D-01
  0.000D+00 -1.000D+00
 -4.148D-04  7.737D-01
  0.000D+00 -1.000D+00
 -4.887D-04  7.736D-01
  0.000D+00 -1.000D+00
 -5.662D-04  7.731D-01
  0.000D+00 -1.000D+00
 -6.480D-04  7.721D-01
  0.000D+00 -1.000D+00
 -7.347D-04  7.702D-01
  0.000D+00 -1.000D+00
 -8.272D-04  7.673D-01
  0.000D+00 -1.000D+00
 -9.267D-04  7.630D-01
  0.000D+00 -1.000D+00
 -1.034D-03  7.572D-01
  0.000D+00 -1.000D+00
 -1.152D-03  7.492D-01
  0.000D+00 -1.000D+00
 -1.282D-03  7.386D-01
  0.000D+00 -1.000D+00
 -1.426D-03  7.245D-01
  0.000D+00 -1.000D+00
 -1.591D-03  7.062D-01
  0.000D+00 -1.000D+00
 -1.782D-03  6.819D-01
  0.000D+00 -1.000D+00
 -2.012D-03  6.496D-01
  0.000D+00 -1.000D+00
 -2.302D-03  6.055D-01
  0.000D+00 -1.000D+00
 -2.698D-03  5.428D-01
  0.000D+00 -1.000D+00
 -3.326D-03  4.472D-01
  0.000D+00 -1.000D+00
 -4.710D-03  2.768D-01
  0.000D+00 -1.000D+00
 -4.599D-05  7.706D-01
  0.000D+00 -1.000D+00
 -1.076D-04  7.708D-01
  0.000D+00 -1.000D+00
 -1.700D-04  7.711D-01
  0.000D+00 -1.000D+00
 -2.334D-04  7.715D-01
  0.000D+00 -1.000D+00
 -2.985D-04  7.719D-01
  0.000D+00 -1.000D+00
 -3.655D-04  7.723D-01
  0.000D+00 -1.000D+00
 -4.351D-04  7.725D-01
  0.000D+00 -1.000D+00
 -5.076D-04  7.724D-01
  0.000D+00 -1.000D+00
 -5.837D-04  7.719D-01
  0.000D+00 -1.000D+00
 -6.640D-04  7.708D-01
  0.000D+00 -1.000D+00
 -7.492D-04  7.688D-01
  0.000D+00 -1.000D+00
 -8.401D-04  7.659D-01
  0.000D+00 -1.000D+00
 -9.377D-04  7.616D-01
  0.000D+00 -1.000D+00
 -1.043D-03  7.557D-01
  0.000D+00 -1.000D+00
 -1.158D-03  7.477D-01
  0.000D+00 -1.000D+00
 -1.285D-03  7.371D-01
  0.000D+00 -1.000D+00
 -1.427D-03  7.232D-01
  0.000D+00 -1.000D+00
 -1.587D-03  7.049D-01
  0.000D+00 -1.000D+00
 -1.773D-03  6.808D-01
  0.000D+00 -1.000D+00
 -1.996D-03  6.488D-01
  0.000D+00 -1.000D+00
 -2.277D-03  6.050D-01
  0.000D+00 -1.000D+00
 -2.659D-03  5.428D-01
  0.000D+00 -1.000D+00
 -3.263D-03  4.474D-01
  0.000D+00 -1.000D+00
 -4.590D-03  2.764D-01
  0.000D+00 -1.000D+00
  0.000D+00 -1.000D+00
 -7.418D-05  7.690D-01
  0.000D+00 -1.000D+00
 -1.340D-04  7.693D-01
  0.000D+00 -1.000D+00
 -1.947D-04  7.697D-01
  0.000D+00 -1.000D+00
 -2.567D-04  7.702D-01
  0.000D+00 -1.000D+00
 -3.202D-04  7.706D-01
  0.000D+00 -1.000D+00
 -3.859D-04  7.710D-01
  0.000D+00 -1.000D+00
 -4.541D-04  7.712D-01
  0.000D+00 -1.000D+00
 -5.253D-04  7.711D-01
  0.000D+00 -1.000D+00
 -6.001D-04  7.705D-01
  0.000D+00 -1.000D+00
 -6.790D-04  7.693D-01
  0.000D+00 -1.000D+00
 -7.627D-04  7.673D-01
  0.000D+00 -1.000D+00
 -8.520D-04  7.643D-01
  0.000D+00 -1.000D+00
 -9.478D-04  7.600D-01
  0.000D+00 -1.000D+00
 -1.051D-03  7.540D-01
  0.000D+00 -1.000D+00
 -1.164D-03  7.460D-01
  0.000D+00 -1.000D+00
 -1.288D-03  7.354D-01
  0.000D+00 -1.000D+00
 -1.427D-03  7.216D-01
  0.000D+00 -1.000D+00
 -1.583D-03  7.034D-01
  0.000D+00 -1.000D+00
 -1.764D-03  6.795D-01
  0.000D+00 -1.000D+00
 -1.980D-03  6.478D-01
  0.000D+00 -1.000D+00
 -2.252D-03  6.044D-01
  0.000D+00 -1.000D+00
 -2.621D-03  5.426D-01
  0.000D+00 -1.000D+00
 -3.201D-03  4.476D-01
  0.000D+00 -1.000D+00
 -4.474D-03  2.762D-01
  0.000D+00 -1.000D+00
 -4.300D-05  7.673D-01
  0.000D+00 -1.000D+00
 -1.006D-04  7.675D-01
  0.000D+00 -1.000D+00
 -1.588D-04  7.678D-01
  0.000D+00 -1.000D+00
 -2.180D-04  7.683D-01
  0.000D+00 -1.000D+00
 -2.785D-04  7.688D-01
  0.000D+00 -1.000D+00
 -3.408D-04  7.693D-01
  0.000D+00 -1.000D+00
 -4.052D-04  7.696D-01
  0.000D+00 -1.000D+00
 -4.721D-04  7.698D-01
  0.000D+00 -1.000D+00
 -5.421D-04  7.696D-01
  0.000D+00 -1.000D+00
 -6.155D-04  7.690D-01
  0.000D+00 -1.000D+00
 -6.931D-04  7.678D-01
  0.000D+00 -1.000D+00
 -7.753D-04  7.657D-01
  0.000D+00 -1.000D+00
 -8.631D-04  7.626D-01
  0.000D+00 -1.000D+00
 -9.572D-04  7.582D-01
  0.000D+00 -1.000D+00
 -1.059D-03  7.522D-01
  0.000D+00 -1.000D+00
 -1.169D-03  7.441D-01
  0.000D+00 -1.000D+00
 -1.291D-03  7.336D-01
  0.000D+00 -1.000D+00
 -1.426D-03  7.197D-01
  0.000D+00 -1.000D+00
 -1.578D-03  7.017D-01
  0.000D+00 -1.000D+00
 -1.754D-03  6.780D-01
  0.000D+00 -1.000D+00
 -1.964D-03  6.465D-01
  0.000D+00 -1.000D+00
 -2.227D-03  6.036D-01
  0.000D+00 -1.000D+00
 -2.584D-03  5.423D-01
  0.000D+00 -1.000D+00
 -3.142D-03  4.478D-01
  0.000D+00 -1.000D+00
 -4.361D-03  2.762D-01
  0.000D+00 -1.000D+00
  0.000D+00 -1.000D+00
 -6.942D-05  7.657D-01
  0.000D+00 -1.000D+00
 -1.254D-04  7.659D-01
  0.000D+00 -1.000D+00
 -1.821D-04  7.663D-01
  0.000D+00 -1.000D+00
 -2.399D-04  7.668D-01
  0.000D+00 -1.000D+00
 -2.991D-04  7.673D-01
  0.000D+00 -1.000D+00
 -3.601D-04  7.678D-01
  0.000D+00 -1.000D+00
 -4.233D-04  7.682D-01
  0.000D+00 -1.000D+00
 -4.890D-04  7.683D-01
  0.000D+00 -1.000D+00
 -5.578D-04  7.681D-01
  0.000D+00 -1.000D+00
 -6.300D-04  7.674D-01
  0.000D+00 -1.000D+00
 -7.062D-04  7.660D-01
  0.000D+00 -1.000D+00
 -7.871D-04  7.639D-01
  0.000D+00 -1.000D+00
 -8.733D-04  7.607D-01
  0.000D+00 -1.000D+00
 -9.657D-04  7.562D-01
  0.000D+00 -1.000D+00
 -1.065D-03  7.501D-01
  0.000D+00 -1.000D+00
 -1.174D-03  7.420D-01
  0.000D+00 -1.000D+00
 -1.293D-03  7.315D-01
  0.000D+00 -1.000D+00
 -1.424D-03  7.177D-01
  0.000D+00 -1.000D+00
 -1.573D-03  6.998D-01
  0.000D+00 -1.000D+00
 -1.745D-03  6.763D-01
  0.000D+00 -1.000D+00
 -1.948D-03  6.451D-01
  0.000D+00 -1.000D+00
 -2.203D-03  6.026D-01
  0.000D+00 -1.000D+00
 -2.547D-03  5.418D-01
  0.000D+00 -1.000D+00
 -3.084D-03  4.479D-01
  0.000D+00 -1.000D+00
 -4.253D-03  2.763D-01
  0.000D+00 -1.000D+00
 -4.029D-05  7.638D-01
  0.000D+00 -1.000D+00
 -9.424D-05  7.640D-01
  0.000D+00 -1.000D+00
 -1.487D-04  7.643D-01
  0.000D+00 -1.000D+00
 -2.041D-04  7.648D-01
  0.000D+00 -1.000D+00
 -2.606D-04  7.653D-01
  0.000D+00 -1.000D+00
 -3.186D-04  7.658D-01
  0.000D+00 -1.000D+00
 -3.784D-04  7.663D-01
  0.000D+00 -1.000D+00
 -4.404D-04  7.666D-01
  0.000D+00 -1.000D+00
 -5.050D-04  7.667D-01
  0.000D+00 -1.000D+00
 -5.726D-04  7.664D-01
  0.000D+00 -1.000D+00
 -6.436D-04  7.656D-01
  0.000D+00 -1.000D+00
 -7.186D-04  7.641D-01
  0.000D+00 -1.000D+00
 -7.981D-04  7.619D-01
  0.000D+00 -1.000D+00
 -8.828D-04  7.586D-01
  0.000D+00 -1.000D+00
 -9.735D-04  7.540D-01
  0.000D+00 -1.000D+00
 -1.071D-03  7.478D-01
  0.000D+00 -1.000D+00
 -1.177D-03  7.397D-01
  0.000D+00 -1.000D+00
 -1.294D-03  7.291D-01
  0.000D+00 -1.000D+00
 -1.423D-03  7.154D-01
  0.000D+00 -1.000D+00
 -1.568D-03  6.976D-01
  0.000D+00 -1.000D+00
 -1.734D-03  6.743D-01
  0.000D+00 -1.000D+00
 -1.932D-03  6.434D-01
  0.000D+00 -1.000D+00
 -2.179D-03  6.013D-01
  0.000D+00 -1.000D+00
 -2.511D-03  5.412D-01
  0.000D+00 -1.000D+00
 -3.027D-03  4.480D-01
  0.000D+00 -1.000D+00
 -4.149D-03  2.765D-01
  0.000D+00 -1.000D+00
  0.000D+00 -1.000D+00
 -6.512D-05  7.621D-01
  0.000D+00 -1.000D+00
 -1.176D-04  7.624D-01
  0.000D+00 -1.000D+00
 -1.707D-04  7.627D-01
  0.000D+00 -1.000D+00
 -2.248D-04  7.632D-01
  0.000D+00 -1.000D+00
 -2.801D-04  7.637D-01
  0.000D+00 -1.000D+00
 -3.369D-04  7.643D-01
  0.000D+00 -1.000D+00
 -3.957D-04  7.647D-01
  0.000D+00 -1.000D+00
 -4.566D-04  7.649D-01
  0.000D+00 -1.000D+00
 -5.201D-04  7.649D-01
  0.000D+00 -1.000D+00
 -5.866D-04  7.645D-01
  0.000D+00 -1.000D+00
 -6.564D-04  7.636D-01
  0.000D+00 -1.000D+00
 -7.302D-04  7.620D-01
  0.000D+00 -1.000D+00
 -8.083D-04  7.597D-01
  0.000D+00 -1.000D+00
 -8.916D-04  7.562D-01
  0.000D+00 -1.000D+00
 -9.807D-04  7.516D-01
  0.000D+00 -1.000D+00
 -1.077D-03  7.453D-01
  0.000D+00 -1.000D+00
 -1.181D-03  7.371D-01
  0.000D+00 -1.000D+00
 -1.294D-03  7.265D-01
  0.000D+00 -1.000D+00
 -1.420D-03  7.128D-01
  0.000D+00 -1.000D+00
 -1.562D-03  6.952D-01
  0.000D+00 -1.000D+00
 -1.724D-03  6.721D-01
  0.000D+00 -1.000D+00
 -1.916D-03  6.415D-01
  0.000D+00 -1.000D+00
 -2.155D-03  5.999D-01
  0.000D+00 -1.000D+00
 -2.475D-03  5.404D-01
  0.000D+00 -1.000D+00
 -2.972D-03  4.479D-01
  0.000D+00 -1.000D+00
 -4.048D-03  2.767D-01
  0.000D+00 -1.000D+00
 -3.784D-05  7.602D-01
  0.000D+00 -1.000D+00
 -8.849D-05  7.604D-01
  0.000D+00 -1.000D+00
 -1.396D-04  7.607D-01
  0.000D+00 -1.000D+00
 -1.915D-04  7.611D-01
  0.000D+00 -1.000D+00
 -2.444D-04  7.616D-01
  0.000D+00 -1.000D+00
 -2.985D-04  7.621D-01
  0.000D+00 -1.000D+00
 -3.543D-04  7.626D-01
  0.000D+00 -1.000D+00
 -4.120D-04  7.629D-01
  0.000D+00 -1.000D+00
 -4.719D-04  7.631D-01
  0.000D+00 -1.000D+00
 -5.343D-04  7.630D-01
  0.000D+00 -1.000D+00
 -5.997D-04  7.625D-01
  0.000D+00 -1.000D+00
 -6.685D-04  7.614D-01
  0.000D+00 -1.000D+00
 -7.410D-04  7.597D-01
  0.000D+00 -1.000D+00
 -8.178D-04  7.572D-01
  0.000D+00 -1.000D+00
 -8.997D-04  7.537D-01
  0.000D+00 -1.000D+00
 -9.871D-04  7.489D-01
  0.000D+00 -1.000D+00
 -1.081D-03  7.426D-01
  0.000D+00 -1.000D+00
 -1.183D-03  7.343D-01
  0.000D+00 -1.000D+00
 -1.295D-03  7.237D-01
  0.000D+00 -1.000D+00
 -1.418D-03  7.101D-01
  0.000D+00 -1.000D+00
 -1.555D-03  6.925D-01
  0.000D+00 -1.000D+00
 -1.713D-03  6.696D-01
  0.000D+00 -1.000D+00
 -1.900D-03  6.394D-01
  0.000D+00 -1.000D+00
 -2.131D-03  5.982D-01
  0.000D+00 -1.000D+00
 -2.440D-03  5.393D-01
  0.000D+00 -1.000D+00
 -2.919D-03  4.476D-01
  0.000D+00 -1.000D+00
 -3.951D-03  2.770D-01
  0.000D+00 -1.000D+00
  0.000D+00 -1.000D+00
 -6.122D-05  7.584D-01
  0.000D+00 -1.000D+00
 -1.105D-04  7.586D-01
  0.000D+00 -1.000D+00
 -1.604D-04  7.590D-01
  0.000D+00 -1.000D+00
 -2.111D-04  7.594D-01
  0.000D+00 -1.000D+00
 -2.629D-04  7.599D-01
  0.000D+00 -1.000D+00
 -3.160D-04  7.604D-01
  0.000D+00 -1.000D+00
 -3.708D-04  7.608D-01
  0.000D+00 -1.000D+00
 -4.274D-04  7.611D-01
  0.000D+00 -1.000D+00
 -4.863D-04  7.611D-01
  0.000D+00 -1.000D+00
 -5.478D-04  7.609D-01
  0.000D+00 -1.000D+00
 -6.121D-04  7.603D-01
  0.000D+00 -1.000D+00
 -6.798D-04  7.591D-01
  0.000D+00 -1.000D+00
 -7.511D-04  7.573D-01
  0.000D+00 -1.000D+00
 -8.267D-04  7.546D-01
  0.000D+00 -1.000D+00
 -9.071D-04  7.509D-01
  0.000D+00 -1.000D+00
 -9.930D-04  7.460D-01
  0.000D+00 -1.000D+00
 -1.085D-03  7.396D-01
  0.000D+00 -1.000D+00
 -1.185D-03  7.313D-01
  0.000D+00 -1.000D+00
 -1.294D-03  7.206D-01
  0.000D+00 -1.000D+00
 -1.414D-03  7.070D-01
  0.000D+00 -1.000D+00
 -1.549D-03  6.895D-01
  0.000D+00 -1.000D+00
 -1.703D-03  6.669D-01
  0.000D+00 -1.000D+00
 -1.884D-03  6.370D-01
  0.000D+00 -1.000D+00
 -2.107D-03  5.963D-01
  0.000D+00 -1.000D+00
 -2.406D-03  5.381D-01
  0.000D+00 -1.000D+00
 -2.867D-03  4.472D-01
  0.000D+00 -1.000D+00
 -3.857D-03  2.773D-01
  0.000D+00 -1.000D+00
 -3.561D-05  7.564D-01
  0.000D+00 -1.000D+00
 -8.326D-05  7.565D-01
  0.000D+00 -1.000D+00
 -1.313D-04  7.568D-01
  0.000D+00 -1.000D+00
 -1.800D-04  7.572D-01
  0.000D+00 -1.000D+00
 -2.296D-04  7.576D-01
  0.000D+00 -1.000D+00
 -2.804D-04  7.581D-01
  0.000D+00 -1.000D+00
 -3.325D-04  7.585D-01
  0.000D+00 -1.000D+00
 -3.863D-04  7.589D-01
  0.000D+00 -1.000D+00
 -4.421D-04  7.590D-01
  0.000D+00 -1.000D+00
 -5.000D-04  7.590D-01
  0.000D+00 -1.000D+00
 -5.605D-04  7.586D-01
  0.000D+00 -1.000D+00
 -6.238D-04  7.579D-01
  0.000D+00 -1.000D+00
 -6.904D-04  7.565D-01
  0.000D+00 -1.000D+00
 -7.606D-04  7.545D-01
  0.000D+00 -1.000D+00
 -8.349D-04  7.517D-01
  0.000D+00 -1.000D+00
 -9.139D-04  7.479D-01
  0.000D+00 -1.000D+00
 -9.983D-04  7.429D-01
  0.000D+00 -1.000D+00
 -1.089D-03  7.363D-01
  0.000D+00 -1.000D+00
 -1.187D-03  7.280D-01
  0.000D+00 -1.000D+00
 -1.293D-03  7.173D-01
  0.000D+00 -1.000D+00
 -1.411D-03  7.037D-01
  0.000D+00 -1.000D+00
 -1.542D-03  6.863D-01
  0.000D+00 -1.000D+00
 -1.692D-03  6.639D-01
  0.000D+00 -1.000D+00
 -1.867D-03  6.343D-01
  0.000D+00 -1.000D+00
 -2.084D-03  5.941D-01
  0.000D+00 -1.000D+00
 -2.373D-03  5.366D-01
  0.000D+00 -1.000D+00
 -2.816D-03  4.466D-01
  0.000D+00 -1.000D+00
 -3.767D-03  2.776D-01
  0.000D+00 -1.000D+00
  0.000D+00 -1.000D+00
 -5.766D-05  7.545D-01
  0.000D+00 -1.000D+00
 -1.041D-04  7.547D-01
  0.000D+00 -1.000D+00
 -1.510D-04  7.550D-01
  0.000D+00 -1.000D+00
 -1.986D-04  7.553D-01
  0.000D+00 -1.000D+00
 -2.472D-04  7.558D-01
  0.000D+00 -1.000D+00
 -2.970D-04  7.562D-01
  0.000D+00 -1.000D+00
 -3.482D-04  7.565D-01
  0.000D+00 -1.000D+00
 -4.011D-04  7.568D-01
  0.000D+00 -1.000D+00
 -4.559D-04  7.569D-01
  0.000D+00 -1.000D+00
 -5.129D-04  7.567D-01
  0.000D+00 -1.000D+00
 -5.725D-04  7.562D-01
  0.000D+00 -1.000D+00
 -6.348D-04  7.553D-01
  0.000D+00 -1.000D+00
 -7.003D-04  7.538D-01
  0.000D+00 -1.000D+00
 -7.694D-04  7.516D-01
  0.000D+00 -1.000D+00
 -8.425D-04  7.486D-01
  0.000D+00 -1.000D+00
 -9.201D-04  7.447D-01
  0.000D+00 -1.000D+00
 -1.003D-03  7.395D-01
  0.000D+00 -1.000D+00
 -1.092D-03  7.329D-01
  0.000D+00 -1.000D+00
 -1.188D-03  7.244D-01
  0.000D+00 -1.000D+00
 -1.292D-03  7.137D-01
  0.000D+00 -1.000D+00
 -1.407D-03  7.001D-01
  0.000D+00 -1.000D+00
 -1.535D-03  6.829D-01
  0.000D+00 -1.000D+00
 -1.680D-03  6.606D-01
  0.000D+00 -1.000D+00
 -1.851D-03  6.314D-01
  0.000D+00 -1.000D+00
 -2.061D-03  5.917D-01
  0.000D+00 -1.000D+00
 -2.340D-03  5.348D-01
  0.000D+00 -1.000D+00
 -2.767D-03  4.459D-01
  0.000D+00 -1.000D+00
 -3.679D-03  2.778D-01
  0.000D+00 -1.000D+00
 -3.357D-05  7.524D-01
  0.000D+00 -1.000D+00
 -7.848D-05  7.525D-01
  0.000D+00 -1.000D+00
 -1.238D-04  7.528D-01
  0.000D+00 -1.000D+00
 -1.696D-04  7.531D-01
  0.000D+00 -1.000D+00
 -2.162D-04  7.534D-01
  0.000D+00 -1.000D+00
 -2.639D-04  7.538D-01
  0.000D+00 -1.000D+00
 -3.128D-04  7.542D-01
  0.000D+00 -1.000D+00
 -3.631D-04  7.544D-01
  0.000D+00 -1.000D+00
 -4.151D-04  7.546D-01
  0.000D+00 -1.000D+00
 -4.690D-04  7.545D-01
  0.000D+00 -1.000D+00
 -5.252D-04  7.542D-01
  0.000D+00 -1.000D+00
 -5.838D-04  7.536D-01
  0.000D+00 -1.000D+00
 -6.452D-04  7.525D-01
  0.000D+00 -1.000D+00
 -7.096D-04  7.508D-01
  0.000D+00 -1.000D+00
 -7.776D-04  7.485D-01
  0.000D+00 -1.000D+00
 -8.495D-04  7.453D-01
  0.000D+00 -1.000D+00
 -9.258D-04  7.412D-01
  0.000D+00 -1.000D+00
 -1.007D-03  7.359D-01
  0.000D+00 -1.000D+00
 -1.094D-03  7.291D-01
  0.000D+00 -1.000D+00
 -1.188D-03  7.206D-01
  0.000D+00 -1.000D+00
 -1.290D-03  7.099D-01
  0.000D+00 -1.000D+00
 -1.402D-03  6.963D-01
  0.000D+00 -1.000D+00
 -1.527D-03  6.792D-01
  0.000D+00 -1.000D+00
 -1.669D-03  6.571D-01
  0.000D+00 -1.000D+00
 -1.835D-03  6.282D-01
  0.000D+00 -1.000D+00
 -2.038D-03  5.890D-01
  0.000D+00 -1.000D+00
 -2.308D-03  5.329D-01
  0.000D+00 -1.000D+00
 -2.719D-03  4.449D-01
  0.000D+00 -1.000D+00
 -3.595D-03  2.780D-01
  0.000D+00 -1.000D+00
  0.000D+00 -1.000D+00
 -5.440D-05  7.504D-01
  0.000D+00 -1.000D+00
 -9.817D-05  7.506D-01
  0.000D+00 -1.000D+00
 -1.424D-04  7.508D-01
  0.000D+00 -1.000D+00
 -1.873D-04  7.511D-01
  0.000D+00 -1.000D+00
 -2.330D-04  7.514D-01
  0.000D+00 -1.000D+00
 -2.797D-04  7.517D-01
  0.000D+00 -1.000D+00
 -3.277D-04  7.520D-01
  0.000D+00 -1.000D+00
 -3.772D-04  7.522D-01
  0.000D+00 -1.000D+00
 -4.284D-04  7.522D-01
  0.000D+00 -1.000D+00
 -4.815D-04  7.520D-01
  0.000D+00 -1.000D+00
 -5.367D-04  7.516D-01
  0.000D+00 -1.000D+00
 -5.945D-04  7.507D-01
  0.000D+00 -1.000D+00
 -6.549D-04  7.495D-01
  0.000D+00 -1.000D+00
 -7.184D-04  7.476D-01
  0.000D+00 -1.000D+00
 -7.853D-04  7.451D-01
  0.000D+00 -1.000D+00
 -8.559D-04  7.418D-01
  0.000D+00 -1.000D+00
 -9.309D-04  7.375D-01
  0.000D+00 -1.000D+00
 -1.011D-03  7.320D-01
  0.000D+00 -1.000D+00
 -1.096D-03  7.252D-01
  0.000D+00 -1.000D+00
 -1.188D-03  7.165D-01
  0.000D+00 -1.000D+00
 -1.288D-03  7.058D-01
  0.000D+00 -1.000D+00
 -1.398D-03  6.923D-01
  0.000D+00 -1.000D+00
 -1.519D-03  6.752D-01
  0.000D+00 -1.000D+00
 -1.657D-03  6.533D-01
  0.000D+00 -1.000D+00
 -1.819D-03  6.247D-01
  0.000D+00 -1.000D+00
 -2.016D-03  5.860D-01
  0.000D+00 -1.000D+00
 -2.276D-03  5.306D-01
  0.000D+00 -1.000D+00
 -2.672D-03  4.437D-01
  0.000D+00 -1.000D+00
 -3.514D-03  2.780D-01
  0.000D+00 -1.000D+00
 -3.170D-05  7.483D-01
  0.000D+00 -1.000D+00
 -7.410D-05  7.484D-01
  0.000D+00 -1.000D+00
 -1.168D-04  7.486D-01
  0.000D+00 -1.000D+00
 -1.601D-04  7.488D-01
  0.000D+00 -1.000D+00
 -2.040D-04  7.490D-01
  0.000D+00 -1.000D+00
 -2.488D-04  7.493D-01
  0.000D+00 -1.000D+00
 -2.947D-04  7.496D-01
  0.000D+00 -1.000D+00
 -3.419D-04  7.497D-01
  0.000D+00 -1.000D+00
 -3.906D-04  7.498D-01
  0.000D+00 -1.000D+00
 -4.410D-04  7.497D-01
  0.000D+00 -1.000D+00
 -4.932D-04  7.493D-01
  0.000D+00 -1.000D+00
 -5.477D-04  7.487D-01
  0.000D+00 -1.000D+00
 -6.045D-04  7.477D-01
  0.000D+00 -1.000D+00
 -6.640D-04  7.462D-01
  0.000D+00 -1.000D+00
 -7.265D-04  7.442D-01
  0.000D+00 -1.000D+00
 -7.923D-04  7.415D-01
  0.000D+00 -1.000D+00
 -8.619D-04  7.380D-01
  0.000D+00 -1.000D+00
 -9.355D-04  7.335D-01
  0.000D+00 -1.000D+00
 -1.014D-03  7.279D-01
  0.000D+00 -1.000D+00
 -1.098D-03  7.209D-01
  0.000D+00 -1.000D+00
 -1.188D-03  7.122D-01
  0.000D+00 -1.000D+00
 -1.286D-03  7.014D-01
  0.000D+00 -1.000D+00
 -1.393D-03  6.879D-01
  0.000D+00 -1.000D+00
 -1.511D-03  6.710D-01
  0.000D+00 -1.000D+00
 -1.646D-03  6.493D-01
  0.000D+00 -1.000D+00
 -1.802D-03  6.210D-01
  0.000D+00 -1.000D+00
 -1.994D-03  5.828D-01
  0.000D+00 -1.000D+00
 -2.245D-03  5.281D-01
  0.000D+00 -1.000D+00
 -2.627D-03  4.423D-01
  0.000D+00 -1.000D+00
 -3.435D-03  2.779D-01
  0.000D+00 -1.000D+00
  0.000D+00 -1.000D+00
 -5.141D-05  7.462D-01
  0.000D+00 -1.000D+00
 -9.277D-05  7.463D-01
  0.000D+00 -1.000D+00
 -1.345D-04  7.465D-01
  0.000D+00 -1.000D+00
 -1.768D-04  7.467D-01
  0.000D+00 -1.000D+00
 -2.199D-04  7.469D-01
  0.000D+00 -1.000D+00
 -2.639D-04  7.471D-01
  0.000D+00 -1.000D+00
 -3.090D-04  7.472D-01
  0.000D+00 -1.000D+00
 -3.554D-04  7.473D-01
  0.000D+00 -1.000D+00
 -4.033D-04  7.472D-01
  0.000D+00 -1.000D+00
 -4.529D-04  7.470D-01
  0.000D+00 -1.000D+00
 -5.044D-04  7.465D-01
  0.000D+00 -1.000D+00
 -5.580D-04  7.456D-01
  0.000D+00 -1.000D+00
 -6.140D-04  7.444D-01
  0.000D+00 -1.000D+00
 -6.726D-04  7.428D-01
  0.000D+00 -1.000D+00
 -7.342D-04  7.406D-01
  0.000D+00 -1.000D+00
 -7.989D-04  7.377D-01
  0.000D+00 -1.000D+00
 -8.673D-04  7.340D-01
  0.000D+00 -1.000D+00
 -9.397D-04  7.294D-01
  0.000D+00 -1.000D+00
 -1.017D-03  7.236D-01
  0.000D+00 -1.000D+00
 -1.099D-03  7.165D-01
  0.000D+00 -1.000D+00
 -1.187D-03  7.077D-01
  0.000D+00 -1.000D+00
 -1.283D-03  6.968D-01
  0.000D+00 -1.000D+00
 -1.387D-03  6.833D-01
  0.000D+00 -1.000D+00
 -1.503D-03  6.665D-01
  0.000D+00 -1.000D+00
 -1.634D-03  6.450D-01
  0.000D+00 -1.000D+00
 -1.786D-03  6.170D-01
  0.000D+00 -1.000D+00
 -1.971D-03  5.793D-01
  0.000D+00 -1.000D+00
 -2.215D-03  5.254D-01
  0.000D+00 -1.000D+00
 -2.583D-03  4.406D-01
  0.000D+00 -1.000D+00
 -3.359D-03  2.777D-01
  0.000D+00 -1.000D+00
 -2.998D-05  7.440D-01
  0.000D+00 -1.000D+00
 -7.008D-05  7.441D-01
  0.000D+00 -1.000D+00
 -1.105D-04  7.442D-01
  0.000D+00 -1.000D+00
 -1.513D-04  7.443D-01
  0.000D+00 -1.000D+00
 -1.928D-04  7.445D-01
  0.000D+00 -1.000D+00
 -2.350D-04  7.446D-01
  0.000D+00 -1.000D+00
 -2.782D-04  7.447D-01
  0.000D+00 -1.000D+00
 -3.226D-04  7.448D-01
  0.000D+00 -1.000D+00
 -3.683D-04  7.447D-01
  0.000D+00 -1.000D+00
 -4.154D-04  7.445D-01
  0.000D+00 -1.000D+00
 -4.643D-04  7.441D-01
  0.000D+00 -1.000D+00
 -5.150D-04  7.434D-01
  0.000D+00 -1.000D+00
 -5.678D-04  7.424D-01
  0.000D+00 -1.000D+00
 -6.230D-04  7.410D-01
  0.000D+00 -1.000D+00
 -6.807D-04  7.391D-01
  0.000D+00 -1.000D+00
 -7.412D-04  7.367D-01
  0.000D+00 -1.000D+00
 -8.050D-04  7.336D-01
  0.000D+00 -1.000D+00
 -8.722D-04  7.297D-01
  0.000D+00 -1.000D+00
 -9.433D-04  7.249D-01
  0.000D+00 -1.000D+00
 -1.019D-03  7.190D-01
  0.000D+00 -1.000D+00
 -1.100D-03  7.118D-01
  0.000D+00 -1.000D+00
 -1.186D-03  7.029D-01
  0.000D+00 -1.000D+00
 -1.280D-03  6.920D-01
  0.000D+00 -1.000D+00
 -1.382D-03  6.785D-01
  0.000D+00 -1.000D+00
 -1.495D-03  6.617D-01
  0.000D+00 -1.000D+00
 -1.622D-03  6.404D-01
  0.000D+00 -1.000D+00
 -1.770D-03  6.128D-01
  0.000D+00 -1.000D+00
 -1.950D-03  5.755D-01
  0.000D+00 -1.000D+00
 -2.185D-03  5.224D-01
  0.000D+00 -1.000D+00
 -2.539D-03  4.387D-01
  0.000D+00 -1.000D+00
 -3.285D-03  2.774D-01
  0.000D+00 -1.000D+00
  0.000D+00 -1.000D+00
 -4.866D-05  7.418D-01
  0.000D+00 -1.000D+00
 -8.780D-05  7.419D-01
  0.000D+00 -1.000D+00
 -1.273D-04  7.420D-01
  0.000D+00 -1.000D+00
 -1.673D-04  7.421D-01
  0.000D+00 -1.000D+00
 -2.079D-04  7.422D-01
  0.000D+00 -1.000D+00
 -2.494D-04  7.422D-01
  0.000D+00 -1.000D+00
 -2.919D-04  7.422D-01
  0.000D+00 -1.000D+00
 -3.355D-04  7.422D-01
  0.000D+00 -1.000D+00
 -3.805D-04  7.420D-01
  0.000D+00 -1.000D+00
 -4.269D-04  7.416D-01
  0.000D+00 -1.000D+00
 -4.750D-04  7.410D-01
  0.000D+00 -1.000D+00
 -5.250D-04  7.401D-01
  0.000D+00 -1.000D+00
 -5.770D-04  7.389D-01
  0.000D+00 -1.000D+00
 -6.314D-04  7.373D-01
  0.000D+00 -1.000D+00
 -6.882D-04  7.352D-01
  0.000D+00 -1.000D+00
 -7.478D-04  7.326D-01
  0.000D+00 -1.000D+00
 -8.105D-04  7.293D-01
  0.000D+00 -1.000D+00
 -8.766D-04  7.253D-01
  0.000D+00 -1.000D+00
 -9.465D-04  7.203D-01
  0.000D+00 -1.000D+00
 -1.021D-03  7.142D-01
  0.000D+00 -1.000D+00
 -1.100D-03  7.068D-01
  0.000D+00 -1.000D+00
 -1.185D-03  6.978D-01
  0.000D+00 -1.000D+00
 -1.276D-03  6.869D-01
  0.000D+00 -1.000D+00
 -1.376D-03  6.734D-01
  0.000D+00 -1.000D+00
 -1.486D-03  6.567D-01
  0.000D+00 -1.000D+00
 -1.610D-03  6.356D-01
  0.000D+00 -1.000D+00
 -1.754D-03  6.083D-01
  0.000D+00 -1.000D+00
 -1.928D-03  5.715D-01
  0.000D+00 -1.000D+00
 -2.155D-03  5.191D-01
  0.000D+00 -1.000D+00
 -2.497D-03  4.366D-01
  0.000D+00 -1.000D+00
 -3.214D-03  2.768D-01
  0.000D+00 -1.000D+00
 -2.840D-05  7.396D-01
  0.000D+00 -1.000D+00
 -6.638D-05  7.396D-01
  0.000D+00 -1.000D+00
 -1.046D-04  7.396D-01
  0.000D+00 -1.000D+00
 -1.433D-04  7.397D-01
  0.000D+00 -1.000D+00
 -1.825D-04  7.397D-01
  0.000D+00 -1.000D+00
 -2.224D-04  7.397D-01
  0.000D+00 -1.000D+00
 -2.631D-04  7.397D-01
  0.000D+00 -1.000D+00
 -3.049D-04  7.396D-01
  0.000D+00 -1.000D+00
 -3.478D-04  7.394D-01
  0.000D+00 -1.000D+00
 -3.921D-04  7.390D-01
  0.000D+00 -1.000D+00
 -4.378D-04  7.385D-01
  0.000D+00 -1.000D+00
 -4.852D-04  7.377D-01
  0.000D+00 -1.000D+00
 -5.345D-04  7.366D-01
  0.000D+00 -1.000D+00
 -5.858D-04  7.352D-01
  0.000D+00 -1.000D+00
 -6.393D-04  7.334D-01
  0.000D+00 -1.000D+00
 -6.953D-04  7.311D-01
  0.000D+00 -1.000D+00
 -7.539D-04  7.283D-01
  0.000D+00 -1.000D+00
 -8.156D-04  7.248D-01
  0.000D+00 -1.000D+00
 -8.806D-04  7.205D-01
  0.000D+00 -1.000D+00
 -9.492D-04  7.154D-01
  0.000D+00 -1.000D+00
 -1.022D-03  7.091D-01
  0.000D+00 -1.000D+00
 -1.100D-03  7.016D-01
  0.000D+00 -1.000D+00
 -1.183D-03  6.925D-01
  0.000D+00 -1.000D+00
 -1.272D-03  6.815D-01
  0.000D+00 -1.000D+00
 -1.370D-03  6.681D-01
  0.000D+00 -1.000D+00
 -1.477D-03  6.515D-01
  0.000D+00 -1.000D+00
 -1.598D-03  6.305D-01
  0.000D+00 -1.000D+00
 -1.738D-03  6.035D-01
  0.000D+00 -1.000D+00
 -1.906D-03  5.672D-01
  0.000D+00 -1.000D+00
 -2.126D-03  5.156D-01
  0.000D+00 -1.000D+00
 -2.456D-03  4.342D-01
  0.000D+00 -1.000D+00
 -3.145D-03  2.761D-01
  0.000D+00 -1.000D+00
  0.000D+00 -1.000D+00
 -4.613D-05  7.373D-01
  0.000D+00 -1.000D+00
 -8.321D-05  7.373D-01
  0.000D+00 -1.000D+00
 -1.206D-04  7.373D-01
  0.000D+00 -1.000D+00
 -1.585D-04  7.373D-01
  0.000D+00 -1.000D+00
 -1.969D-04  7.373D-01
  0.000D+00 -1.000D+00
 -2.361D-04  7.372D-01
  0.000D+00 -1.000D+00
 -2.762D-04  7.371D-01
  0.000D+00 -1.000D+00
 -3.172D-04  7.368D-01
  0.000D+00 -1.000D+00
 -3.595D-04  7.365D-01
  0.000D+00 -1.000D+00
 -4.031D-04  7.359D-01
  0.000D+00 -1.000D+00
 -4.482D-04  7.352D-01
  0.000D+00 -1.000D+00
 -4.949D-04  7.342D-01
  0.000D+00 -1.000D+00
 -5.434D-04  7.329D-01
  0.000D+00 -1.000D+00
 -5.940D-04  7.313D-01
  0.000D+00 -1.000D+00
 -6.467D-04  7.293D-01
  0.000D+00 -1.000D+00
 -7.018D-04  7.268D-01
  0.000D+00 -1.000D+00
 -7.596D-04  7.238D-01
  0.000D+00 -1.000D+00
 -8.202D-04  7.201D-01
  0.000D+00 -1.000D+00
 -8.841D-04  7.156D-01
  0.000D+00 -1.000D+00
 -9.516D-04  7.102D-01
  0.000D+00 -1.000D+00
 -1.023D-03  7.039D-01
  0.000D+00 -1.000D+00
 -1.099D-03  6.962D-01
  0.000D+00 -1.000D+00
 -1.180D-03  6.870D-01
  0.000D+00 -1.000D+00
 -1.268D-03  6.760D-01
  0.000D+00 -1.000D+00
 -1.363D-03  6.625D-01
  0.000D+00 -1.000D+00
 -1.468D-03  6.460D-01
  0.000D+00 -1.000D+00
 -1.586D-03  6.252D-01
  0.000D+00 -1.000D+00
 -1.721D-03  5.985D-01
  0.000D+00 -1.000D+00
 -1.885D-03  5.627D-01
  0.000D+00 -1.000D+00
 -2.098D-03  5.118D-01
  0.000D+00 -1.000D+00
 -2.416D-03  4.316D-01
  0.000D+00 -1.000D+00
 -3.079D-03  2.752D-01
  0.000D+00 -1.000D+00
 -2.694D-05  7.350D-01
  0.000D+00 -1.000D+00
 -6.297D-05  7.349D-01
  0.000D+00 -1.000D+00
 -9.922D-05  7.349D-01
  0.000D+00 -1.000D+00
 -1.358D-04  7.349D-01
  0.000D+00 -1.000D+00
 -1.729D-04  7.348D-01
  0.000D+00 -1.000D+00
 -2.107D-04  7.347D-01
  0.000D+00 -1.000D+00
 -2.492D-04  7.345D-01
  0.000D+00 -1.000D+00
 -2.886D-04  7.343D-01
  0.000D+00 -1.000D+00
 -3.290D-04  7.339D-01
  0.000D+00 -1.000D+00
 -3.707D-04  7.333D-01
  0.000D+00 -1.000D+00
 -4.136D-04  7.326D-01
  0.000D+00 -1.000D+00
 -4.580D-04  7.317D-01
  0.000D+00 -1.000D+00
 -5.041D-04  7.305D-01
  0.000D+00 -1.000D+00
 -5.519D-04  7.291D-01
  0.000D+00 -1.000D+00
 -6.017D-04  7.272D-01
  0.000D+00 -1.000D+00
 -6.536D-04  7.250D-01
  0.000D+00 -1.000D+00
 -7.079D-04  7.223D-01
  0.000D+00 -1.000D+00
 -7.648D-04  7.190D-01
  0.000D+00 -1.000D+00
 -8.244D-04  7.151D-01
  0.000D+00 -1.000D+00
 -8.872D-04  7.104D-01
  0.000D+00 -1.000D+00
 -9.535D-04  7.049D-01
  0.000D+00 -1.000D+00
 -1.024D-03  6.983D-01
  0.000D+00 -1.000D+00
 -1.098D-03  6.906D-01
  0.000D+00 -1.000D+00
 -1.178D-03  6.813D-01
  0.000D+00 -1.000D+00
 -1.263D-03  6.702D-01
  0.000D+00 -1.000D+00
 -1.357D-03  6.567D-01
  0.000D+00 -1.000D+00
 -1.459D-03  6.402D-01
  0.000D+00 -1.000D+00
 -1.573D-03  6.196D-01
  0.000D+00 -1.000D+00
 -1.705D-03  5.932D-01
  0.000D+00 -1.000D+00
 -1.864D-03  5.579D-01
  0.000D+00 -1.000D+00
 -2.070D-03  5.077D-01
  0.000D+00 -1.000D+00
 -2.377D-03  4.287D-01
  0.000D+00 -1.000D+00
 -3.014D-03  2.742D-01
  0.000D+00 -1.000D+00
  0.000D+00 -1.000D+00
 -4.379D-05  7.326D-01
  0.000D+00 -1.000D+00
 -7.898D-05  7.325D-01
  0.000D+00 -1.000D+00
 -1.145D-04  7.325D-01
  0.000D+00 -1.000D+00
 -1.503D-04  7.324D-01
  0.000D+00 -1.000D+00
 -1.867D-04  7.322D-01
  0.000D+00 -1.000D+00
 -2.238D-04  7.320D-01
  0.000D+00 -1.000D+00
 -2.617D-04  7.317D-01
  0.000D+00 -1.000D+00
 -3.004D-04  7.313D-01
  0.000D+00 -1.000D+00
 -3.403D-04  7.308D-01
  0.000D+00 -1.000D+00
 -3.813D-04  7.301D-01
  0.000D+00 -1.000D+00
 -4.236D-04  7.292D-01
  0.000D+00 -1.000D+00
 -4.674D-04  7.280D-01
  0.000D+00 -1.000D+00
 -5.128D-04  7.267D-01
  0.000D+00 -1.000D+00
 -5.599D-04  7.250D-01
  0.000D+00 -1.000D+00
 -6.090D-04  7.229D-01
  0.000D+00 -1.000D+00
 -6.601D-04  7.204D-01
  0.000D+00 -1.000D+00
 -7.136D-04  7.175D-01
  0.000D+00 -1.000D+00
 -7.695D-04  7.140D-01
  0.000D+00 -1.000D+00
 -8.282D-04  7.099D-01
  0.000D+00 -1.000D+00
 -8.899D-04  7.050D-01
  0.000D+00 -1.000D+00
 -9.550D-04  6.993D-01
  0.000D+00 -1.000D+00
 -1.024D-03  6.926D-01
  0.000D+00 -1.000D+00
 -1.097D-03  6.847D-01
  0.000D+00 -1.000D+00
 -1.175D-03  6.753D-01
  0.000D+00 -1.000D+00
 -1.259D-03  6.641D-01
  0.000D+00 -1.000D+00
 -1.350D-03  6.507D-01
  0.000D+00 -1.000D+00
 -1.449D-03  6.343D-01
  0.000D+00 -1.000D+00
 -1.561D-03  6.138D-01
  0.000D+00 -1.000D+00
 -1.689D-03  5.877D-01
  0.000D+00 -1.000D+00
 -1.843D-03  5.528D-01
  0.000D+00 -1.000D+00
 -2.042D-03  5.034D-01
  0.000D+00 -1.000D+00
 -2.338D-03  4.255D-01
  0.000D+00 -1.000D+00
 -2.952D-03  2.728D-01
  0.000D+00 -1.000D+00
 -2.559D-05  7.302D-01
  0.000D+00 -1.000D+00
 -5.980D-05  7.302D-01
  0.000D+00 -1.000D+00
 -9.422D-05  7.301D-01
  0.000D+00 -1.000D+00
 -1.290D-04  7.299D-01
  0.000D+00 -1.000D+00
 -1.642D-04  7.298D-01
  0.000D+00 -1.000D+00
 -1.999D-04  7.295D-01
  0.000D+00 -1.000D+00
 -2.363D-04  7.292D-01
  0.000D+00 -1.000D+00
 -2.736D-04  7.287D-01
  0.000D+00 -1.000D+00
 -3.117D-04  7.282D-01
  0.000D+00 -1.000D+00
 -3.510D-04  7.275D-01
  0.000D+00 -1.000D+00
 -3.914D-04  7.266D-01
  0.000D+00 -1.000D+00
 -4.331D-04  7.255D-01
  0.000D+00 -1.000D+00
 -4.762D-04  7.242D-01
  0.000D+00 -1.000D+00
 -5.210D-04  7.226D-01
  0.000D+00 -1.000D+00
 -5.674D-04  7.206D-01
  0.000D+00 -1.000D+00
 -6.158D-04  7.184D-01
  0.000D+00 -1.000D+00
 -6.662D-04  7.157D-01
  0.000D+00 -1.000D+00
 -7.188D-04  7.125D-01
  0.000D+00 -1.000D+00
 -7.739D-04  7.088D-01
  0.000D+00 -1.000D+00
 -8.316D-04  7.045D-01
  0.000D+00 -1.000D+00
 -8.922D-04  6.994D-01
  0.000D+00 -1.000D+00
 -9.561D-04  6.935D-01
  0.000D+00 -1.000D+00
 -1.024D-03  6.866D-01
  0.000D+00 -1.000D+00
 -1.095D-03  6.786D-01
  0.000D+00 -1.000D+00
 -1.172D-03  6.691D-01
  0.000D+00 -1.000D+00
 -1.254D-03  6.579D-01
  0.000D+00 -1.000D+00
 -1.342D-03  6.444D-01
  0.000D+00 -1.000D+00
 -1.440D-03  6.281D-01
  0.000D+00 -1.000D+00
 -1.548D-03  6.078D-01
  0.000D+00 -1.000D+00
 -1.673D-03  5.819D-01
  0.000D+00 -1.000D+00
 -1.823D-03  5.475D-01
  0.000D+00 -1.000D+00
 -2.015D-03  4.988D-01
  0.000D+00 -1.000D+00
 -2.301D-03  4.221D-01
  0.000D+00 -1.000D+00
 -2.891D-03  2.713D-01
  0.000D+00 -1.000D+00
  0.000D+00 -1.000D+00
 -4.161D-05  7.277D-01
  0.000D+00 -1.000D+00
 -7.505D-05  7.276D-01
  0.000D+00 -1.000D+00
 -1.087D-04  7.275D-01
  0.000D+00 -1.000D+00
 -1.428D-04  7.273D-01
  0.000D+00 -1.000D+00
 -1.773D-04  7.270D-01
  0.000D+00 -1.000D+00
 -2.125D-04  7.267D-01
  0.000D+00 -1.000D+00
 -2.483D-04  7.262D-01
  0.000D+00 -1.000D+00
 -2.849D-04  7.256D-01
  0.000D+00 -1.000D+00
 -3.225D-04  7.249D-01
  0.000D+00 -1.000D+00
 -3.612D-04  7.240D-01
  0.000D+00 -1.000D+00
 -4.010D-04  7.229D-01
  0.000D+00 -1.000D+00
 -4.421D-04  7.216D-01
  0.000D+00 -1.000D+00
 -4.846D-04  7.201D-01
  0.000D+00 -1.000D+00
 -5.287D-04  7.183D-01
  0.000D+00 -1.000D+00
 -5.745D-04  7.161D-01
  0.000D+00 -1.000D+00
 -6.222D-04  7.136D-01
  0.000D+00 -1.000D+00
 -6.718D-04  7.107D-01
  0.000D+00 -1.000D+00
 -7.236D-04  7.073D-01
  0.000D+00 -1.000D+00
 -7.778D-04  7.034D-01
  0.000D+00 -1.000D+00
 -8.346D-04  6.988D-01
  0.000D+00 -1.000D+00
 -8.942D-04  6.936D-01
  0.000D+00 -1.000D+00
 -9.569D-04  6.875D-01
  0.000D+00 -1.000D+00
 -1.023D-03  6.805D-01
  0.000D+00 -1.000D+00
 -1.093D-03  6.723D-01
  0.000D+00 -1.000D+00
 -1.168D-03  6.627D-01
  0.000D+00 -1.000D+00
 -1.248D-03  6.514D-01
  0.000D+00 -1.000D+00
 -1.335D-03  6.379D-01
  0.000D+00 -1.000D+00
 -1.430D-03  6.216D-01
  0.000D+00 -1.000D+00
 -1.536D-03  6.015D-01
  0.000D+00 -1.000D+00
 -1.657D-03  5.759D-01
  0.000D+00 -1.000D+00
 -1.802D-03  5.420D-01
  0.000D+00 -1.000D+00
 -1.989D-03  4.940D-01
  0.000D+00 -1.000D+00
 -2.264D-03  4.184D-01
  0.000D+00 -1.000D+00
 -2.832D-03  2.696D-01
  0.000D+00 -1.000D+00
 -2.434D-05  7.253D-01
  0.000D+00 -1.000D+00
 -5.687D-05  7.252D-01
  0.000D+00 -1.000D+00
 -8.959D-05  7.251D-01
  0.000D+00 -1.000D+00
 -1.226D-04  7.248D-01
  0.000D+00 -1.000D+00
 -1.560D-04  7.245D-01
  0.000D+00 -1.000D+00
 -1.899D-04  7.242D-01
  0.000D+00 -1.000D+00
 -2.244D-04  7.237D-01
  0.000D+00 -1.000D+00
 -2.597D-04  7.231D-01
  0.000D+00 -1.000D+00
 -2.958D-04  7.223D-01
  0.000D+00 -1.000D+00
 -3.328D-04  7.214D-01
  0.000D+00 -1.000D+00
 -3.709D-04  7.203D-01
  0.000D+00 -1.000D+00
 -4.101D-04  7.191D-01
  0.000D+00 -1.000D+00
 -4.507D-04  7.176D-01
  0.000D+00 -1.000D+00
 -4.926D-04  7.158D-01
  0.000D+00 -1.000D+00
 -5.361D-04  7.138D-01
  0.000D+00 -1.000D+00
 -5.812D-04  7.114D-01
  0.000D+00 -1.000D+00
 -6.282D-04  7.087D-01
  0.000D+00 -1.000D+00
 -6.770D-04  7.055D-01
  0.000D+00 -1.000D+00
 -7.280D-04  7.019D-01
  0.000D+00 -1.000D+00
 -7.814D-04  6.977D-01
  0.000D+00 -1.000D+00
 -8.372D-04  6.930D-01
  0.000D+00 -1.000D+00
 -8.957D-04  6.875D-01
  0.000D+00 -1.000D+00
 -9.573D-04  6.813D-01
  0.000D+00 -1.000D+00
 -1.022D-03  6.741D-01
  0.000D+00 -1.000D+00
 -1.091D-03  6.657D-01
  0.000D+00 -1.000D+00
 -1.164D-03  6.560D-01
  0.000D+00 -1.000D+00
 -1.243D-03  6.447D-01
  0.000D+00 -1.000D+00
 -1.327D-03  6.312D-01
  0.000D+00 -1.000D+00
 -1.420D-03  6.150D-01
  0.000D+00 -1.000D+00
 -1.523D-03  5.950D-01
  0.000D+00 -1.000D+00
 -1.641D-03  5.697D-01
  0.000D+00 -1.000D+00
 -1.782D-03  5.362D-01
  0.000D+00 -1.000D+00
 -1.962D-03  4.889D-01
  0.000D+00 -1.000D+00
 -2.229D-03  4.145D-01
  0.000D+00 -1.000D+00
 -2.775D-03  2.676D-01
  0.000D+00 -1.000D+00
  0.000D+00 -1.000D+00
 -3.960D-05  7.227D-01
  0.000D+00 -1.000D+00
 -7.141D-05  7.226D-01
  0.000D+00 -1.000D+00
 -1.034D-04  7.224D-01
  0.000D+00 -1.000D+00
 -1.358D-04  7.221D-01
  0.000D+00 -1.000D+00
 -1.686D-04  7.217D-01
  0.000D+00 -1.000D+00
 -2.019D-04  7.212D-01
  0.000D+00 -1.000D+00
 -2.359D-04  7.205D-01
  0.000D+00 -1.000D+00
 -2.706D-04  7.198D-01
  0.000D+00 -1.000D+00
 -3.061D-04  7.188D-01
  0.000D+00 -1.000D+00
 -3.426D-04  7.178D-01
  0.000D+00 -1.000D+00
 -3.802D-04  7.165D-01
  0.000D+00 -1.000D+00
 -4.188D-04  7.150D-01
  0.000D+00 -1.000D+00
 -4.588D-04  7.133D-01
  0.000D+00 -1.000D+00
 -5.002D-04  7.113D-01
  0.000D+00 -1.000D+00
 -5.430D-04  7.091D-01
  0.000D+00 -1.000D+00
 -5.875D-04  7.065D-01
  0.000D+00 -1.000D+00
 -6.337D-04  7.035D-01
  0.000D+00 -1.000D+00
 -6.819D-04  7.001D-01
  0.000D+00 -1.000D+00
 -7.321D-04  6.963D-01
  0.000D+00 -1.000D+00
 -7.845D-04  6.919D-01
  0.000D+00 -1.000D+00
 -8.394D-04  6.869D-01
  0.000D+00 -1.000D+00
 -8.969D-04  6.813D-01
  0.000D+00 -1.000D+00
 -9.574D-04  6.748D-01
  0.000D+00 -1.000D+00
 -1.021D-03  6.675D-01
  0.000D+00 -1.000D+00
 -1.089D-03  6.590D-01
  0.000D+00 -1.000D+00
 -1.160D-03  6.492D-01
  0.000D+00 -1.000D+00
 -1.237D-03  6.378D-01
  0.000D+00 -1.000D+00
 -1.320D-03  6.243D-01
  0.000D+00 -1.000D+00
 -1.410D-03  6.081D-01
  0.000D+00 -1.000D+00
 -1.510D-03  5.883D-01
  0.000D+00 -1.000D+00
 -1.625D-03  5.632D-01
  0.000D+00 -1.000D+00
 -1.762D-03  5.301D-01
  0.000D+00 -1.000D+00
 -1.936D-03  4.836D-01
  0.000D+00 -1.000D+00
 -2.193D-03  4.103D-01
  0.000D+00 -1.000D+00
 -2.720D-03  2.654D-01
  0.000D+00 -1.000D+00
 -2.317D-05  7.202D-01
  0.000D+00 -1.000D+00
 -5.414D-05  7.201D-01
  0.000D+00 -1.000D+00
 -8.528D-05  7.199D-01
  0.000D+00 -1.000D+00
 -1.167D-04  7.196D-01
  0.000D+00 -1.000D+00
 -1.484D-04  7.192D-01
  0.000D+00 -1.000D+00
 -1.807D-04  7.187D-01
  0.000D+00 -1.000D+00
 -2.134D-04  7.180D-01
  0.000D+00 -1.000D+00
 -2.468D-04  7.172D-01
  0.000D+00 -1.000D+00
 -2.810D-04  7.163D-01
  0.000D+00 -1.000D+00
 -3.160D-04  7.152D-01
  0.000D+00 -1.000D+00
 -3.520D-04  7.139D-01
  0.000D+00 -1.000D+00
 -3.890D-04  7.125D-01
  0.000D+00 -1.000D+00
 -4.271D-04  7.108D-01
  0.000D+00 -1.000D+00
 -4.665D-04  7.089D-01
  0.000D+00 -1.000D+00
 -5.073D-04  7.067D-01
  0.000D+00 -1.000D+00
 -5.495D-04  7.042D-01
  0.000D+00 -1.000D+00
 -5.934D-04  7.013D-01
  0.000D+00 -1.000D+00
 -6.389D-04  6.981D-01
  0.000D+00 -1.000D+00
 -6.863D-04  6.945D-01
  0.000D+00 -1.000D+00
 -7.357D-04  6.904D-01
  0.000D+00 -1.000D+00
 -7.873D-04  6.858D-01
  0.000D+00 -1.000D+00
 -8.413D-04  6.807D-01
  0.000D+00 -1.000D+00
 -8.978D-04  6.748D-01
  0.000D+00 -1.000D+00
 -9.571D-04  6.682D-01
  0.000D+00 -1.000D+00
 -1.020D-03  6.606D-01
  0.000D+00 -1.000D+00
 -1.086D-03  6.520D-01
  0.000D+00 -1.000D+00
 -1.156D-03  6.421D-01
  0.000D+00 -1.000D+00
 -1.231D-03  6.307D-01
  0.000D+00 -1.000D+00
 -1.312D-03  6.172D-01
  0.000D+00 -1.000D+00
 -1.400D-03  6.010D-01
  0.000D+00 -1.000D+00
 -1.498D-03  5.813D-01
  0.000D+00 -1.000D+00
 -1.609D-03  5.565D-01
  0.000D+00 -1.000D+00
 -1.742D-03  5.239D-01
  0.000D+00 -1.000D+00
 -1.911D-03  4.780D-01
  0.000D+00 -1.000D+00
 -2.159D-03  4.058D-01
  0.000D+00 -1.000D+00
 -2.666D-03  2.629D-01
  0.000D+00 -1.000D+00
  0.000D+00 -1.000D+00
 -3.772D-05  7.176D-01
  0.000D+00 -1.000D+00
 -6.802D-05  7.174D-01
  0.000D+00 -1.000D+00
 -9.852D-05  7.171D-01
  0.000D+00 -1.000D+00
 -1.293D-04  7.167D-01
  0.000D+00 -1.000D+00
 -1.605D-04  7.162D-01
  0.000D+00 -1.000D+00
 -1.922D-04  7.155D-01
  0.000D+00 -1.000D+00
 -2.244D-04  7.147D-01
  0.000D+00 -1.000D+00
 -2.573D-04  7.138D-01
  0.000D+00 -1.000D+00
 -2.909D-04  7.127D-01
  0.000D+00 -1.000D+00
 -3.254D-04  7.114D-01
  0.000D+00 -1.000D+00
 -3.609D-04  7.099D-01
  0.000D+00 -1.000D+00
 -3.974D-04  7.083D-01
  0.000D+00 -1.000D+00
 -4.350D-04  7.064D-01
  0.000D+00 -1.000D+00
 -4.738D-04  7.042D-01
  0.000D+00 -1.000D+00
 -5.140D-04  7.018D-01
  0.000D+00 -1.000D+00
 -5.557D-04  6.990D-01
  0.000D+00 -1.000D+00
 -5.989D-04  6.960D-01
  0.000D+00 -1.000D+00
 -6.437D-04  6.925D-01
  0.000D+00 -1.000D+00
 -6.904D-04  6.887D-01
  0.000D+00 -1.000D+00
 -7.390D-04  6.844D-01
  0.000D+00 -1.000D+00
 -7.898D-04  6.796D-01
  0.000D+00 -1.000D+00
 -8.428D-04  6.742D-01
  0.000D+00 -1.000D+00
 -8.983D-04  6.681D-01
  0.000D+00 -1.000D+00
 -9.565D-04  6.613D-01
  0.000D+00 -1.000D+00
 -1.018D-03  6.536D-01
  0.000D+00 -1.000D+00
 -1.083D-03  6.449D-01
  0.000D+00 -1.000D+00
 -1.151D-03  6.349D-01
  0.000D+00 -1.000D+00
 -1.225D-03  6.233D-01
  0.000D+00 -1.000D+00
 -1.304D-03  6.098D-01
  0.000D+00 -1.000D+00
 -1.389D-03  5.937D-01
  0.000D+00 -1.000D+00
 -1.485D-03  5.742D-01
  0.000D+00 -1.000D+00
 -1.593D-03  5.496D-01
  0.000D+00 -1.000D+00
 -1.722D-03  5.174D-01
  0.000D+00 -1.000D+00
 -1.886D-03  4.721D-01
  0.000D+00 -1.000D+00
 -2.126D-03  4.011D-01
  0.000D+00 -1.000D+00
 -2.614D-03  2.602D-01
  0.000D+00 -1.000D+00
 -2.209D-05  7.150D-01
  0.000D+00 -1.000D+00
 -5.160D-05  7.149D-01
  0.000D+00 -1.000D+00
 -8.127D-05  7.146D-01
  0.000D+00 -1.000D+00
 -1.112D-04  7.142D-01
  0.000D+00 -1.000D+00
 -1.414D-04  7.137D-01
  0.000D+00 -1.000D+00
 -1.720D-04  7.130D-01
  0.000D+00 -1.000D+00
 -2.032D-04  7.122D-01
  0.000D+00 -1.000D+00
 -2.349D-04  7.113D-01
  0.000D+00 -1.000D+00
 -2.673D-04  7.102D-01
  0.000D+00 -1.000D+00
 -3.004D-04  7.089D-01
  0.000D+00 -1.000D+00
 -3.345D-04  7.074D-01
  0.000D+00 -1.000D+00
 -3.694D-04  7.057D-01
  0.000D+00 -1.000D+00
 -4.054D-04  7.039D-01
  0.000D+00 -1.000D+00
 -4.425D-04  7.017D-01
  0.000D+00 -1.000D+00
 -4.808D-04  6.994D-01
  0.000D+00 -1.000D+00
 -5.204D-04  6.967D-01
  0.000D+00 -1.000D+00
 -5.614D-04  6.937D-01
  0.000D+00 -1.000D+00
 -6.040D-04  6.904D-01
  0.000D+00 -1.000D+00
 -6.482D-04  6.868D-01
  0.000D+00 -1.000D+00
 -6.941D-04  6.827D-01
  0.000D+00 -1.000D+00
 -7.420D-04  6.782D-01
  0.000D+00 -1.000D+00
 -7.918D-04  6.731D-01
  0.000D+00 -1.000D+00
 -8.439D-04  6.675D-01
  0.000D+00 -1.000D+00
 -8.985D-04  6.613D-01
  0.000D+00 -1.000D+00
 -9.556D-04  6.543D-01
  0.000D+00 -1.000D+00
 -1.016D-03  6.464D-01
  0.000D+00 -1.000D+00
 -1.079D-03  6.376D-01
  0.000D+00 -1.000D+00
 -1.146D-03  6.274D-01
  0.000D+00 -1.000D+00
 -1.218D-03  6.158D-01
  0.000D+00 -1.000D+00
 -1.295D-03  6.023D-01
  0.000D+00 -1.000D+00
 -1.379D-03  5.862D-01
  0.000D+00 -1.000D+00
 -1.472D-03  5.668D-01
  0.000D+00 -1.000D+00
 -1.577D-03  5.425D-01
  0.000D+00 -1.000D+00
 -1.702D-03  5.106D-01
  0.000D+00 -1.000D+00
 -1.861D-03  4.661D-01
  0.000D+00 -1.000D+00
 -2.093D-03  3.962D-01
  0.000D+00 -1.000D+00
 -2.563D-03  2.573D-01
  0.000D+00 -1.000D+00
