 -5.548D-03  7.660D-01
 -3.236D-03  7.606D-01
 -5.946D-03  7.585D-01
 -1.807D-03  7.598D-01
 -4.189D-03  7.505D-01
 -5.887D-03  7.496D-01
 -1.290D-03  7.574D-01
 -2.298D-03  7.514D-01
 -4.814D-03  7.382D-01
 -5.698D-03  7.394D-01
 -9.501D-04  7.574D-01
 -1.725D-03  7.476D-01
 -2.562D-03  7.418D-01
 -5.283D-03  7.239D-01
 -5.467D-03  7.283D-01
 -7.522D-04  7.567D-01
 -1.268D-03  7.487D-01
 -2.020D-03  7.359D-01
 -2.713D-03  7.311D-01
 -5.650D-03  7.078D-01
 -5.226D-03  7.163D-01
 -6.101D-04  7.573D-01
 -1.022D-03  7.474D-01
 -1.471D-03  7.389D-01
 -2.247D-03  7.225D-01
 -2.795D-03  7.197D-01
 -5.943D-03  6.901D-01
 -4.988D-03  7.036D-01
 -5.111D-04  7.576D-01
 -8.305D-04  7.489D-01
 -1.209D-03  7.367D-01
 -1.613D-03  7.284D-01
 -2.429D-03  7.077D-01
 -2.832D-03  7.077D-01
 -6.174D-03  6.710D-01
 -4.757D-03  6.906D-01
 -4.354D-04  7.586D-01
 -7.019D-04  7.491D-01
 -9.812D-04  7.395D-01
 -1.354D-03  7.247D-01
 -1.714D-03  7.173D-01
 -2.580D-03  6.918D-01
 -2.838D-03  6.954D-01
 -6.354D-03  6.508D-01
 -4.537D-03  6.774D-01
 -3.777D-04  7.594D-01
 -5.995D-04  7.508D-01
 -8.371D-04  7.395D-01
 -1.094D-03  7.297D-01
 -1.472D-03  7.118D-01
 -1.785D-03  7.060D-01
 -2.706D-03  6.748D-01
 -2.821D-03  6.831D-01
 -6.490D-03  6.295D-01
 -4.328D-03  6.643D-01
 -3.314D-04  7.606D-01
 -5.227D-04  7.518D-01
 -7.154D-04  7.424D-01
 -9.427D-04  7.291D-01
 -1.180D-03  7.196D-01
 -1.569D-03  6.981D-01
 -1.834D-03  6.948D-01
 -2.810D-03  6.571D-01
 -2.789D-03  6.709D-01
 -6.586D-03  6.075D-01
 -4.131D-03  6.514D-01
 -2.942D-04  7.616D-01
 -4.598D-04  7.537D-01
 -6.271D-04  7.435D-01
 -8.049D-04  7.336D-01
 -1.029D-03  7.181D-01
 -1.247D-03  7.095D-01
 -1.651D-03  6.838D-01
 -1.865D-03  6.837D-01
 -2.896D-03  6.388D-01
 -2.745D-03  6.591D-01
 -6.648D-03  5.848D-01
 -3.944D-03  6.389D-01
 -2.634D-04  7.629D-01
 -4.097D-04  7.551D-01
 -5.525D-04  7.463D-01
 -7.097D-04  7.347D-01
 -8.764D-04  7.247D-01
 -1.101D-03  7.067D-01
 -1.299D-03  6.995D-01
 -1.720D-03  6.691D-01
 -1.882D-03  6.730D-01
 -2.965D-03  6.202D-01
 -2.693D-03  6.477D-01
 -6.679D-03  5.616D-01
 -3.768D-03  6.271D-01
 -2.377D-04  7.641D-01
 -3.676D-04  7.570D-01
 -4.940D-04  7.481D-01
 -6.256D-04  7.388D-01
 -7.778D-04  7.256D-01
 -9.343D-04  7.160D-01
 -1.162D-03  6.950D-01
 -1.338D-03  6.900D-01
 -1.778D-03  6.542D-01
 -1.887D-03  6.628D-01
 -3.019D-03  6.013D-01
 -2.635D-03  6.371D-01
 -6.684D-03  5.381D-01
 -3.602D-03  6.161D-01
 -2.159D-04  7.653D-01
 -3.327D-04  7.586D-01
 -4.441D-04  7.508D-01
 -5.615D-04  7.408D-01
 -6.853D-04  7.313D-01
 -8.350D-04  7.163D-01
 -9.813D-04  7.076D-01
 -1.214D-03  6.833D-01
 -1.367D-03  6.809D-01
 -1.827D-03  6.392D-01
 -1.884D-03  6.534D-01
 -3.060D-03  5.824D-01
 -2.574D-03  6.273D-01
 -6.665D-03  5.145D-01
 -3.445D-03  6.060D-01
 -1.973D-04  7.664D-01
 -3.029D-04  7.603D-01
 -4.030D-04  7.528D-01
 -5.052D-04  7.445D-01
 -6.176D-04  7.334D-01
 -7.348D-04  7.240D-01
 -8.838D-04  7.070D-01
 -1.019D-03  6.996D-01
 -1.258D-03  6.716D-01
 -1.387D-03  6.726D-01
 -1.867D-03  6.244D-01
 -1.873D-03  6.447D-01
 -3.089D-03  5.635D-01
 -2.510D-03  6.184D-01
 -6.625D-03  4.909D-01
 -3.298D-03  5.969D-01
 -1.812D-04  7.676D-01
 -2.774D-04  7.619D-01
 -3.674D-04  7.552D-01
 -4.597D-04  7.468D-01
 -5.559D-04  7.383D-01
 -6.652D-04  7.260D-01
 -7.762D-04  7.171D-01
 -9.257D-04  6.979D-01
 -1.050D-03  6.923D-01
 -1.295D-03  6.600D-01
 -1.401D-03  6.650D-01
 -1.899D-03  6.097D-01
 -1.857D-03  6.370D-01
 -3.107D-03  5.449D-01
 -2.445D-03  6.105D-01
 -6.567D-03  4.674D-01
 -3.160D-03  5.890D-01
 -1.672D-04  7.686D-01
 -2.553D-04  7.635D-01
 -3.373D-04  7.572D-01
 -4.197D-04  7.501D-01
 -5.073D-04  7.409D-01
 -5.988D-04  7.325D-01
 -7.061D-04  7.188D-01
 -8.109D-04  7.108D-01
 -9.617D-04  6.889D-01
 -1.074D-03  6.857D-01
 -1.327D-03  6.488D-01
 -1.408D-03  6.583D-01
 -1.924D-03  5.953D-01
 -1.836D-03  6.303D-01
 -3.115D-03  5.267D-01
 -2.379D-03  6.038D-01
 -6.493D-03  4.441D-01
 -3.029D-03  5.822D-01
 -1.549D-04  7.696D-01
 -2.360D-04  7.649D-01
 -3.108D-04  7.594D-01
 -3.860D-04  7.525D-01
 -4.635D-04  7.452D-01
 -5.481D-04  7.352D-01
 -6.353D-04  7.270D-01
 -7.415D-04  7.118D-01
 -8.399D-04  7.050D-01
 -9.927D-04  6.803D-01
 -1.092D-03  6.798D-01
 -1.353D-03  6.379D-01
 -1.410D-03  6.525D-01
 -1.943D-03  5.814D-01
 -1.812D-03  6.245D-01
 -3.114D-03  5.089D-01
 -2.314D-03  5.981D-01
 -6.407D-03  4.212D-01
 -2.907D-03  5.767D-01
 -1.440D-04  7.705D-01
 -2.190D-04  7.664D-01
 -2.879D-04  7.612D-01
 -3.562D-04  7.553D-01
 -4.273D-04  7.479D-01
 -5.010D-04  7.406D-01
 -5.834D-04  7.296D-01
 -6.665D-04  7.221D-01
 -7.723D-04  7.051D-01
 -8.639D-04  6.999D-01
 -1.019D-03  6.720D-01
 -1.106D-03  6.748D-01
 -1.375D-03  6.274D-01
 -1.408D-03  6.476D-01
 -1.957D-03  5.680D-01
 -1.785D-03  6.199D-01
 -3.106D-03  4.916D-01
 -2.251D-03  5.936D-01
 -6.308D-03  3.988D-01
 -2.791D-03  5.725D-01
 -1.343D-04  7.713D-01
 -2.039D-04  7.676D-01
 -2.675D-04  7.631D-01
 -3.305D-04  7.575D-01
 -3.947D-04  7.515D-01
 -4.629D-04  7.435D-01
 -5.334D-04  7.364D-01
 -6.143D-04  7.244D-01
 -6.932D-04  7.177D-01
 -7.991D-04  6.988D-01
 -8.837D-04  6.956D-01
 -1.042D-03  6.641D-01
 -1.116D-03  6.706D-01
 -1.392D-03  6.174D-01
 -1.402D-03  6.437D-01
 -1.965D-03  5.551D-01
 -1.757D-03  6.163D-01
 -3.091D-03  4.749D-01
 -2.188D-03  5.903D-01
 -6.200D-03  3.769D-01
 -2.683D-03  5.694D-01
 -1.257D-04  7.721D-01
 -1.905D-04  7.688D-01
 -2.495D-04  7.647D-01
 -3.075D-04  7.599D-01
 -3.668D-04  7.540D-01
 -4.279D-04  7.480D-01
 -4.940D-04  7.393D-01
 -5.616D-04  7.326D-01
 -6.413D-04  7.195D-01
 -7.161D-04  7.139D-01
 -8.224D-04  6.929D-01
 -8.997D-04  6.920D-01
 -1.061D-03  6.567D-01
 -1.122D-03  6.673D-01
 -1.406D-03  6.079D-01
 -1.394D-03  6.407D-01
 -1.969D-03  5.429D-01
 -1.727D-03  6.137D-01
 -3.069D-03  4.590D-01
 -2.127D-03  5.881D-01
 -6.084D-03  3.556D-01
 -2.581D-03  5.676D-01
 -1.179D-04  7.727D-01
 -1.785D-04  7.698D-01
 -2.334D-04  7.662D-01
 -2.873D-04  7.618D-01
 -3.417D-04  7.570D-01
 -3.984D-04  7.507D-01
 -4.569D-04  7.448D-01
 -5.214D-04  7.355D-01
 -5.861D-04  7.294D-01
 -6.651D-04  7.150D-01
 -7.356D-04  7.108D-01
 -8.427D-04  6.874D-01
 -9.126D-04  6.891D-01
 -1.077D-03  6.498D-01
 -1.125D-03  6.648D-01
 -1.417D-03  5.990D-01
 -1.384D-03  6.387D-01
 -1.969D-03  5.313D-01
 -1.696D-03  6.121D-01
 -3.042D-03  4.437D-01
 -2.068D-03  5.870D-01
 -5.962D-03  3.350D-01
 -2.486D-03  5.670D-01
 -1.109D-04  7.733D-01
 -1.677D-04  7.707D-01
 -2.190D-04  7.675D-01
 -2.691D-04  7.638D-01
 -3.197D-04  7.592D-01
 -3.714D-04  7.543D-01
 -4.262D-04  7.476D-01
 -4.824D-04  7.420D-01
 -5.456D-04  7.320D-01
 -6.075D-04  7.267D-01
 -6.861D-04  7.109D-01
 -7.521D-04  7.083D-01
 -8.603D-04  6.823D-01
 -9.226D-04  6.869D-01
 -1.091D-03  6.434D-01
 -1.126D-03  6.631D-01
 -1.424D-03  5.907D-01
 -1.371D-03  6.375D-01
 -1.965D-03  5.204D-01
 -1.665D-03  6.115D-01
 -3.011D-03  4.293D-01
 -2.011D-03  5.869D-01
 -5.835D-03  3.152D-01
 -2.396D-03  5.674D-01
 -1.045D-04  7.737D-01
 -1.579D-04  7.715D-01
 -2.060D-04  7.687D-01
 -2.528D-04  7.654D-01
 -2.997D-04  7.616D-01
 -3.480D-04  7.567D-01
 -3.976D-04  7.520D-01
 -4.509D-04  7.449D-01
 -5.049D-04  7.397D-01
 -5.672D-04  7.288D-01
 -6.261D-04  7.245D-01
 -7.046D-04  7.071D-01
 -7.661D-04  7.064D-01
 -8.754D-04  6.777D-01
 -9.303D-04  6.855D-01
 -1.102D-03  6.375D-01
 -1.125D-03  6.622D-01
 -1.429D-03  5.830D-01
 -1.358D-03  6.372D-01
 -1.958D-03  5.102D-01
 -1.634D-03  6.118D-01
 -2.975D-03  4.156D-01
 -1.956D-03  5.878D-01
 -5.704D-03  2.961D-01
 -2.312D-03  5.689D-01
 -9.872D-05  7.741D-01
 -1.491D-04  7.721D-01
 -1.943D-04  7.697D-01
 -2.381D-04  7.669D-01
 -2.820D-04  7.634D-01
 -3.266D-04  7.596D-01
 -3.731D-04  7.545D-01
 -4.209D-04  7.500D-01
 -4.729D-04  7.424D-01
 -5.248D-04  7.378D-01
 -5.864D-04  7.260D-01
 -6.424D-04  7.229D-01
 -7.209D-04  7.038D-01
 -7.777D-04  7.051D-01
 -8.885D-04  6.734D-01
 -9.358D-04  6.847D-01
 -1.111D-03  6.321D-01
 -1.122D-03  6.619D-01
 -1.431D-03  5.759D-01
 -1.343D-03  6.376D-01
 -1.948D-03  5.007D-01
 -1.603D-03  6.129D-01
 -2.936D-03  4.027D-01
 -1.904D-03  5.895D-01
 -5.570D-03  2.779D-01
 -2.232D-03  5.712D-01
 -9.344D-05  7.743D-01
 -1.410D-04  7.727D-01
 -1.836D-04  7.706D-01
 -2.248D-04  7.681D-01
 -2.658D-04  7.652D-01
 -3.076D-04  7.615D-01
 -3.504D-04  7.579D-01
 -3.955D-04  7.525D-01
 -4.416D-04  7.484D-01
 -4.926D-04  7.402D-01
 -5.425D-04  7.363D-01
 -6.034D-04  7.235D-01
 -6.565D-04  7.217D-01
 -7.352D-04  7.007D-01
 -7.874D-04  7.044D-01
 -8.996D-04  6.696D-01
 -9.396D-04  6.845D-01
 -1.118D-03  6.271D-01
 -1.118D-03  6.624D-01
 -1.431D-03  5.693D-01
 -1.327D-03  6.388D-01
 -1.936D-03  4.920D-01
 -1.572D-03  6.147D-01
 -2.894D-03  3.907D-01
 -1.853D-03  5.921D-01
 -5.434D-03  2.606D-01
 -2.158D-03  5.744D-01
 -8.860D-05  7.745D-01
 -1.336D-04  7.731D-01
 -1.738D-04  7.713D-01
 -2.126D-04  7.692D-01
 -2.512D-04  7.666D-01
 -2.903D-04  7.638D-01
 -3.305D-04  7.600D-01
 -3.717D-04  7.565D-01
 -4.157D-04  7.508D-01
 -4.601D-04  7.471D-01
 -5.102D-04  7.383D-01
 -5.581D-04  7.353D-01
 -6.187D-04  7.213D-01
 -6.687D-04  7.210D-01
 -7.478D-04  6.980D-01
 -7.953D-04  7.041D-01
 -9.089D-04  6.662D-01
 -9.417D-04  6.848D-01
 -1.123D-03  6.226D-01
 -1.112D-03  6.634D-01
 -1.429D-03  5.634D-01
 -1.311D-03  6.405D-01
 -1.921D-03  4.839D-01
 -1.542D-03  6.172D-01
 -2.850D-03  3.795D-01
 -1.805D-03  5.953D-01
 -5.298D-03  2.441D-01
 -2.088D-03  5.783D-01
 -8.415D-05  7.746D-01
 -1.268D-04  7.734D-01
 -1.649D-04  7.719D-01
 -2.015D-04  7.701D-01
 -2.379D-04  7.680D-01
 -2.747D-04  7.653D-01
 -3.121D-04  7.625D-01
 -3.511D-04  7.586D-01
 -3.909D-04  7.553D-01
 -4.339D-04  7.493D-01
 -4.767D-04  7.461D-01
 -5.262D-04  7.367D-01
 -5.720D-04  7.346D-01
 -6.323D-04  7.194D-01
 -6.793D-04  7.207D-01
 -7.588D-04  6.957D-01
 -8.017D-04  7.043D-01
 -9.168D-04  6.631D-01
 -9.426D-04  6.856D-01
 -1.126D-03  6.186D-01
 -1.106D-03  6.649D-01
 -1.426D-03  5.579D-01
 -1.295D-03  6.428D-01
 -1.905D-03  4.766D-01
 -1.512D-03  6.203D-01
 -2.805D-03  3.692D-01
 -1.759D-03  5.991D-01
 -5.161D-03  2.285D-01
 -2.023D-03  5.829D-01
 -8.005D-05  7.745D-01
 -1.206D-04  7.735D-01
 -1.567D-04  7.723D-01
 -1.914D-04  7.708D-01
 -2.257D-04  7.689D-01
 -2.603D-04  7.669D-01
 -2.956D-04  7.641D-01
 -3.317D-04  7.615D-01
 -3.697D-04  7.574D-01
 -4.082D-04  7.545D-01
 -4.503D-04  7.481D-01
 -4.916D-04  7.455D-01
 -5.405D-04  7.353D-01
 -5.842D-04  7.343D-01
 -6.444D-04  7.177D-01
 -6.884D-04  7.208D-01
 -7.684D-04  6.936D-01
 -8.067D-04  7.050D-01
 -9.232D-04  6.604D-01
 -9.423D-04  6.869D-01
 -1.128D-03  6.149D-01
 -1.098D-03  6.668D-01
 -1.421D-03  5.530D-01
 -1.278D-03  6.455D-01
 -1.886D-03  4.699D-01
 -1.484D-03  6.238D-01
 -2.757D-03  3.596D-01
 -1.715D-03  6.034D-01
 -5.024D-03  2.139D-01
 -1.961D-03  5.879D-01
 -7.627D-05  7.744D-01
 -1.149D-04  7.736D-01
 -1.492D-04  7.726D-01
 -1.820D-04  7.713D-01
 -2.145D-04  7.698D-01
 -2.472D-04  7.679D-01
 -2.804D-04  7.660D-01
 -3.146D-04  7.631D-01
 -3.495D-04  7.607D-01
 -3.865D-04  7.564D-01
 -4.238D-04  7.538D-01
 -4.652D-04  7.470D-01
 -5.050D-04  7.451D-01
 -5.535D-04  7.341D-01
 -5.951D-04  7.343D-01
 -6.552D-04  7.162D-01
 -6.961D-04  7.212D-01
 -7.768D-04  6.917D-01
 -8.105D-04  7.059D-01
 -9.284D-04  6.579D-01
 -9.410D-04  6.884D-01
 -1.129D-03  6.116D-01
 -1.090D-03  6.691D-01
 -1.414D-03  5.486D-01
 -1.261D-03  6.486D-01
 -1.867D-03  4.638D-01
 -1.456D-03  6.277D-01
 -2.709D-03  3.508D-01
 -1.673D-03  6.080D-01
 -4.889D-03  2.001D-01
 -1.903D-03  5.933D-01
 -7.277D-05  7.742D-01
 -1.095D-04  7.735D-01
 -1.422D-04  7.727D-01
 -1.734D-04  7.717D-01
 -2.042D-04  7.704D-01
 -2.351D-04  7.690D-01
 -2.666D-04  7.671D-01
 -2.986D-04  7.652D-01
 -3.318D-04  7.623D-01
 -3.657D-04  7.601D-01
 -4.019D-04  7.555D-01
 -4.380D-04  7.535D-01
 -4.788D-04  7.461D-01
 -5.171D-04  7.450D-01
 -5.651D-04  7.330D-01
 -6.047D-04  7.345D-01
 -6.649D-04  7.150D-01
 -7.027D-04  7.219D-01
 -7.839D-04  6.900D-01
 -8.133D-04  7.071D-01
 -9.324D-04  6.557D-01
 -9.389D-04  6.903D-01
 -1.128D-03  6.087D-01
 -1.082D-03  6.717D-01
 -1.407D-03  5.447D-01
 -1.245D-03  6.519D-01
 -1.846D-03  4.583D-01
 -1.429D-03  6.318D-01
 -2.659D-03  3.429D-01
 -1.633D-03  6.130D-01
 -4.755D-03  1.872D-01
 -1.849D-03  5.989D-01
 -6.951D-05  7.739D-01
 -1.046D-04  7.734D-01
 -1.357D-04  7.727D-01
 -1.654D-04  7.719D-01
 -1.947D-04  7.709D-01
 -2.241D-04  7.696D-01
 -2.537D-04  7.683D-01
 -2.841D-04  7.663D-01
 -3.151D-04  7.646D-01
 -3.475D-04  7.616D-01
 -3.804D-04  7.597D-01
 -4.159D-04  7.548D-01
 -4.508D-04  7.532D-01
 -4.911D-04  7.453D-01
 -5.279D-04  7.450D-01
 -5.757D-04  7.321D-01
 -6.131D-04  7.349D-01
 -6.734D-04  7.138D-01
 -7.083D-04  7.228D-01
 -7.901D-04  6.885D-01
 -8.152D-04  7.085D-01
 -9.354D-04  6.537D-01
 -9.361D-04  6.923D-01
 -1.127D-03  6.060D-01
 -1.073D-03  6.745D-01
 -1.398D-03  5.411D-01
 -1.228D-03  6.555D-01
 -1.824D-03  4.534D-01
 -1.403D-03  6.362D-01
 -2.610D-03  3.356D-01
 -1.595D-03  6.181D-01
 -4.623D-03  1.752D-01
 -1.798D-03  6.048D-01
 -6.649D-05  7.735D-01
 -1.000D-04  7.731D-01
 -1.297D-04  7.726D-01
 -1.581D-04  7.720D-01
 -1.859D-04  7.712D-01
 -2.138D-04  7.702D-01
 -2.420D-04  7.690D-01
 -2.707D-04  7.677D-01
 -3.002D-04  7.657D-01
 -3.302D-04  7.642D-01
 -3.619D-04  7.610D-01
 -3.938D-04  7.594D-01
 -4.287D-04  7.542D-01
 -4.625D-04  7.532D-01
 -5.023D-04  7.446D-01
 -5.376D-04  7.453D-01
 -5.852D-04  7.313D-01
 -6.206D-04  7.355D-01
 -6.810D-04  7.127D-01
 -7.129D-04  7.238D-01
 -7.952D-04  6.871D-01
 -8.163D-04  7.101D-01
 -9.375D-04  6.519D-01
 -9.327D-04  6.945D-01
 -1.124D-03  6.037D-01
 -1.064D-03  6.774D-01
 -1.388D-03  5.380D-01
 -1.212D-03  6.592D-01
 -1.802D-03  4.491D-01
 -1.377D-03  6.407D-01
 -2.560D-03  3.291D-01
 -1.559D-03  6.234D-01
 -4.493D-03  1.641D-01
 -1.750D-03  6.107D-01
 -6.366D-05  7.730D-01
 -9.574D-05  7.727D-01
 -1.241D-04  7.724D-01
 -1.512D-04  7.719D-01
 -1.778D-04  7.713D-01
 -2.043D-04  7.705D-01
 -2.311D-04  7.697D-01
 -2.584D-04  7.684D-01
 -2.861D-04  7.672D-01
 -3.149D-04  7.651D-01
 -3.441D-04  7.638D-01
 -3.751D-04  7.604D-01
 -4.061D-04  7.593D-01
 -4.404D-04  7.536D-01
 -4.731D-04  7.532D-01
 -5.125D-04  7.440D-01
 -5.463D-04  7.456D-01
 -5.938D-04  7.305D-01
 -6.271D-04  7.362D-01
 -6.876D-04  7.118D-01
 -7.167D-04  7.249D-01
 -7.996D-04  6.859D-01
 -8.167D-04  7.118D-01
 -9.387D-04  6.503D-01
 -9.288D-04  6.968D-01
 -1.121D-03  6.015D-01
 -1.055D-03  6.804D-01
 -1.378D-03  5.352D-01
 -1.196D-03  6.629D-01
 -1.778D-03  4.452D-01
 -1.353D-03  6.452D-01
 -2.509D-03  3.232D-01
 -1.525D-03  6.287D-01
 -4.366D-03  1.538D-01
 -1.704D-03  6.167D-01
 -6.103D-05  7.725D-01
 -9.175D-05  7.723D-01
 -1.189D-04  7.720D-01
 -1.448D-04  7.717D-01
 -1.702D-04  7.712D-01
 -1.955D-04  7.707D-01
 -2.210D-04  7.699D-01
 -2.469D-04  7.691D-01
 -2.733D-04  7.678D-01
 -3.003D-04  7.668D-01
 -3.284D-04  7.646D-01
 -3.568D-04  7.636D-01
 -3.873D-04  7.599D-01
 -4.173D-04  7.592D-01
 -4.512D-04  7.531D-01
 -4.827D-04  7.534D-01
 -5.219D-04  7.434D-01
 -5.542D-04  7.460D-01
 -6.015D-04  7.298D-01
 -6.328D-04  7.370D-01
 -6.935D-04  7.108D-01
 -7.197D-04  7.261D-01
 -8.031D-04  6.847D-01
 -8.165D-04  7.135D-01
 -9.391D-04  6.487D-01
 -9.246D-04  6.991D-01
 -1.117D-03  5.996D-01
 -1.045D-03  6.833D-01
 -1.367D-03  5.327D-01
 -1.180D-03  6.666D-01
 -1.755D-03  4.418D-01
 -1.330D-03  6.496D-01
 -2.460D-03  3.179D-01
 -1.492D-03  6.339D-01
 -4.241D-03  1.444D-01
 -1.661D-03  6.225D-01
 -5.856D-05  7.718D-01
 -8.802D-05  7.717D-01
 -1.141D-04  7.716D-01
 -1.388D-04  7.713D-01
 -1.631D-04  7.710D-01
 -1.873D-04  7.706D-01
 -2.116D-04  7.701D-01
 -2.363D-04  7.694D-01
 -2.613D-04  7.687D-01
 -2.871D-04  7.673D-01
 -3.134D-04  7.665D-01
 -3.409D-04  7.642D-01
 -3.685D-04  7.634D-01
 -3.984D-04  7.594D-01
 -4.276D-04  7.591D-01
 -4.611D-04  7.526D-01
 -4.915D-04  7.535D-01
 -5.304D-04  7.428D-01
 -5.612D-04  7.464D-01
 -6.085D-04  7.290D-01
 -6.377D-04  7.377D-01
 -6.986D-04  7.099D-01
 -7.221D-04  7.273D-01
 -8.060D-04  6.835D-01
 -8.158D-04  7.151D-01
 -9.389D-04  6.473D-01
 -9.200D-04  7.014D-01
 -1.112D-03  5.978D-01
 -1.036D-03  6.863D-01
 -1.355D-03  5.305D-01
 -1.165D-03  6.702D-01
 -1.731D-03  4.388D-01
 -1.307D-03  6.540D-01
 -2.410D-03  3.133D-01
 -1.461D-03  6.389D-01
 -4.119D-03  1.357D-01
 -1.621D-03  6.282D-01
 -5.625D-05  7.711D-01
 -8.453D-05  7.711D-01
 -1.095D-04  7.710D-01
 -1.332D-04  7.709D-01
 -1.565D-04  7.707D-01
 -1.796D-04  7.704D-01
 -2.029D-04  7.700D-01
 -2.263D-04  7.696D-01
 -2.503D-04  7.688D-01
 -2.747D-04  7.683D-01
 -2.999D-04  7.668D-01
 -3.254D-04  7.662D-01
 -3.524D-04  7.637D-01
 -3.793D-04  7.632D-01
 -4.088D-04  7.589D-01
 -4.371D-04  7.591D-01
 -4.702D-04  7.520D-01
 -4.995D-04  7.537D-01
 -5.381D-04  7.421D-01
 -5.675D-04  7.469D-01
 -6.147D-04  7.282D-01
 -6.420D-04  7.385D-01
 -7.031D-04  7.089D-01
 -7.240D-04  7.284D-01
 -8.081D-04  6.823D-01
 -8.146D-04  7.168D-01
 -9.381D-04  6.459D-01
 -9.151D-04  7.036D-01
 -1.107D-03  5.962D-01
 -1.026D-03  6.891D-01
 -1.343D-03  5.285D-01
 -1.150D-03  6.737D-01
 -1.707D-03  4.362D-01
 -1.285D-03  6.582D-01
 -2.361D-03  3.092D-01
 -1.432D-03  6.438D-01
 -4.000D-03  1.278D-01
 -1.583D-03  6.336D-01
 -5.408D-05  7.703D-01
 -8.125D-05  7.703D-01
 -1.052D-04  7.703D-01
 -1.280D-04  7.703D-01
 -1.503D-04  7.702D-01
 -1.724D-04  7.700D-01
 -1.947D-04  7.699D-01
 -2.171D-04  7.695D-01
 -2.399D-04  7.691D-01
 -2.633D-04  7.683D-01
 -2.870D-04  7.679D-01
 -3.116D-04  7.663D-01
 -3.365D-04  7.659D-01
 -3.630D-04  7.632D-01
 -3.892D-04  7.630D-01
 -4.183D-04  7.584D-01
 -4.457D-04  7.590D-01
 -4.785D-04  7.514D-01
 -5.068D-04  7.538D-01
 -5.452D-04  7.414D-01
 -5.731D-04  7.472D-01
 -6.203D-04  7.273D-01
 -6.456D-04  7.391D-01
 -7.069D-04  7.079D-01
 -7.253D-04  7.295D-01
 -8.097D-04  6.811D-01
 -8.130D-04  7.183D-01
 -9.367D-04  6.445D-01
 -9.100D-04  7.056D-01
 -1.102D-03  5.946D-01
 -1.017D-03  6.917D-01
 -1.331D-03  5.267D-01
 -1.135D-03  6.770D-01
 -1.682D-03  4.339D-01
 -1.264D-03  6.621D-01
 -2.312D-03  3.056D-01
 -1.403D-03  6.484D-01
 -3.885D-03  1.206D-01
 -1.547D-03  6.388D-01
 -5.204D-05  7.694D-01
 -7.817D-05  7.695D-01
 -1.012D-04  7.696D-01
 -1.231D-04  7.696D-01
 -1.445D-04  7.696D-01
 -1.657D-04  7.696D-01
 -1.870D-04  7.694D-01
 -2.085D-04  7.693D-01
 -2.303D-04  7.689D-01
 -2.525D-04  7.686D-01
 -2.753D-04  7.678D-01
 -2.984D-04  7.675D-01
 -3.226D-04  7.658D-01
 -3.469D-04  7.656D-01
 -3.729D-04  7.626D-01
 -3.984D-04  7.628D-01
 -4.271D-04  7.578D-01
 -4.537D-04  7.589D-01
 -4.862D-04  7.507D-01
 -5.133D-04  7.539D-01
 -5.516D-04  7.406D-01
 -5.781D-04  7.475D-01
 -6.252D-04  7.264D-01
 -6.487D-04  7.397D-01
 -7.101D-04  7.068D-01
 -7.261D-04  7.304D-01
 -8.108D-04  6.799D-01
 -8.111D-04  7.196D-01
 -9.348D-04  6.432D-01
 -9.047D-04  7.075D-01
 -1.095D-03  5.932D-01
 -1.008D-03  6.941D-01
 -1.318D-03  5.251D-01
 -1.121D-03  6.800D-01
 -1.658D-03  4.319D-01
 -1.244D-03  6.658D-01
 -2.265D-03  3.025D-01
 -1.377D-03  6.528D-01
 -3.772D-03  1.141D-01
 -1.513D-03  6.436D-01
 -5.011D-05  7.685D-01
 -7.526D-05  7.686D-01
 -9.744D-05  7.687D-01
 -1.185D-04  7.688D-01
 -1.390D-04  7.689D-01
 -1.594D-04  7.689D-01
 -1.798D-04  7.689D-01
 -2.004D-04  7.688D-01
 -2.213D-04  7.687D-01
 -2.425D-04  7.683D-01
 -2.642D-04  7.681D-01
 -2.865D-04  7.672D-01
 -3.090D-04  7.670D-01
 -3.328D-04  7.652D-01
 -3.564D-04  7.652D-01
 -3.821D-04  7.620D-01
 -4.069D-04  7.625D-01
 -4.353D-04  7.571D-01
 -4.610D-04  7.588D-01
 -4.933D-04  7.499D-01
 -5.193D-04  7.539D-01
 -5.574D-04  7.396D-01
 -5.825D-04  7.477D-01
 -6.297D-04  7.253D-01
 -6.513D-04  7.402D-01
 -7.128D-04  7.056D-01
 -7.265D-04  7.312D-01
 -8.113D-04  6.786D-01
 -8.089D-04  7.208D-01
 -9.324D-04  6.418D-01
 -8.992D-04  7.091D-01
 -1.089D-03  5.917D-01
 -9.984D-04  6.963D-01
 -1.305D-03  5.235D-01
 -1.107D-03  6.828D-01
 -1.633D-03  4.301D-01
 -1.225D-03  6.692D-01
 -2.217D-03  2.998D-01
 -1.351D-03  6.568D-01
 -3.663D-03  1.082D-01
 -1.481D-03  6.481D-01
 -4.830D-05  7.675D-01
 -7.253D-05  7.676D-01
 -9.388D-05  7.678D-01
 -1.141D-04  7.679D-01
 -1.339D-04  7.680D-01
 -1.535D-04  7.682D-01
 -1.731D-04  7.682D-01
 -1.928D-04  7.683D-01
 -2.128D-04  7.681D-01
 -2.331D-04  7.681D-01
 -2.539D-04  7.677D-01
 -2.750D-04  7.676D-01
 -2.968D-04  7.665D-01
 -3.189D-04  7.665D-01
 -3.422D-04  7.645D-01
 -3.653D-04  7.647D-01
 -3.906D-04  7.612D-01
 -4.148D-04  7.621D-01
 -4.428D-04  7.562D-01
 -4.677D-04  7.585D-01
 -4.998D-04  7.489D-01
 -5.247D-04  7.537D-01
 -5.627D-04  7.385D-01
 -5.864D-04  7.477D-01
 -6.336D-04  7.241D-01
 -6.535D-04  7.404D-01
 -7.150D-04  7.042D-01
 -7.265D-04  7.318D-01
 -8.114D-04  6.771D-01
 -8.064D-04  7.218D-01
 -9.296D-04  6.403D-01
 -8.937D-04  7.105D-01
 -1.082D-03  5.903D-01
 -9.892D-04  6.983D-01
 -1.291D-03  5.221D-01
 -1.093D-03  6.853D-01
 -1.609D-03  4.285D-01
 -1.206D-03  6.723D-01
 -2.171D-03  2.974D-01
 -1.327D-03  6.604D-01
 -3.558D-03  1.030D-01
 -1.450D-03  6.521D-01
 -4.659D-05  7.664D-01
 -6.995D-05  7.665D-01
 -9.052D-05  7.667D-01
 -1.100D-04  7.669D-01
 -1.290D-04  7.671D-01
 -1.479D-04  7.673D-01
 -1.667D-04  7.674D-01
 -1.857D-04  7.675D-01
 -2.049D-04  7.676D-01
 -2.244D-04  7.674D-01
 -2.442D-04  7.675D-01
 -2.645D-04  7.669D-01
 -2.851D-04  7.670D-01
 -3.065D-04  7.658D-01
 -3.281D-04  7.659D-01
 -3.510D-04  7.637D-01
 -3.736D-04  7.642D-01
 -3.986D-04  7.603D-01
 -4.220D-04  7.616D-01
 -4.498D-04  7.552D-01
 -4.739D-04  7.580D-01
 -5.057D-04  7.478D-01
 -5.296D-04  7.534D-01
 -5.675D-04  7.373D-01
 -5.899D-04  7.476D-01
 -6.370D-04  7.227D-01
 -6.552D-04  7.405D-01
 -7.168D-04  7.028D-01
 -7.262D-04  7.321D-01
 -8.110D-04  6.756D-01
 -8.036D-04  7.225D-01
 -9.264D-04  6.388D-01
 -8.880D-04  7.117D-01
 -1.075D-03  5.888D-01
 -9.800D-04  6.999D-01
 -1.278D-03  5.207D-01
 -1.080D-03  6.874D-01
 -1.585D-03  4.272D-01
 -1.188D-03  6.750D-01
 -2.126D-03  2.954D-01
 -1.303D-03  6.635D-01
 -3.455D-03  9.830D-02
 -1.421D-03  6.557D-01
 -4.497D-05  7.652D-01
 -6.751D-05  7.654D-01
 -8.735D-05  7.656D-01
 -1.061D-04  7.658D-01
 -1.245D-04  7.660D-01
 -1.426D-04  7.663D-01
 -1.607D-04  7.664D-01
 -1.790D-04  7.666D-01
 -1.974D-04  7.667D-01
 -2.161D-04  7.668D-01
 -2.351D-04  7.666D-01
 -2.545D-04  7.667D-01
 -2.744D-04  7.661D-01
 -2.945D-04  7.662D-01
 -3.156D-04  7.649D-01
 -3.367D-04  7.652D-01
 -3.593D-04  7.628D-01
 -3.813D-04  7.635D-01
 -4.059D-04  7.593D-01
 -4.287D-04  7.609D-01
 -4.563D-04  7.541D-01
 -4.795D-04  7.575D-01
 -5.111D-04  7.465D-01
 -5.341D-04  7.529D-01
 -5.718D-04  7.359D-01
 -5.929D-04  7.473D-01
 -6.399D-04  7.212D-01
 -6.566D-04  7.404D-01
 -7.181D-04  7.011D-01
 -7.256D-04  7.323D-01
 -8.103D-04  6.739D-01
 -8.007D-04  7.230D-01
 -9.228D-04  6.371D-01
 -8.823D-04  7.125D-01
 -1.067D-03  5.873D-01
 -9.710D-04  7.012D-01
 -1.264D-03  5.194D-01
 -1.067D-03  6.892D-01
 -1.561D-03  4.259D-01
 -1.171D-03  6.773D-01
 -2.081D-03  2.938D-01
 -1.281D-03  6.663D-01
 -3.356D-03  9.416D-02
 -1.393D-03  6.588D-01
 -4.343D-05  7.640D-01
 -6.520D-05  7.642D-01
 -8.435D-05  7.644D-01
 -1.025D-04  7.647D-01
 -1.201D-04  7.649D-01
 -1.376D-04  7.651D-01
 -1.551D-04  7.654D-01
 -1.726D-04  7.656D-01
 -1.903D-04  7.658D-01
 -2.083D-04  7.658D-01
 -2.265D-04  7.660D-01
 -2.452D-04  7.658D-01
 -2.641D-04  7.659D-01
 -2.836D-04  7.652D-01
 -3.033D-04  7.654D-01
 -3.241D-04  7.639D-01
 -3.446D-04  7.644D-01
 -3.669D-04  7.617D-01
 -3.884D-04  7.626D-01
 -4.128D-04  7.581D-01
 -4.349D-04  7.601D-01
 -4.622D-04  7.527D-01
 -4.847D-04  7.567D-01
 -5.161D-04  7.450D-01
 -5.380D-04  7.523D-01
 -5.757D-04  7.343D-01
 -5.955D-04  7.467D-01
 -6.425D-04  7.195D-01
 -6.576D-04  7.400D-01
 -7.191D-04  6.994D-01
 -7.247D-04  7.321D-01
 -8.092D-04  6.721D-01
 -7.975D-04  7.231D-01
 -9.190D-04  6.354D-01
 -8.765D-04  7.131D-01
 -1.059D-03  5.857D-01
 -9.621D-04  7.021D-01
 -1.250D-03  5.181D-01
 -1.055D-03  6.906D-01
 -1.537D-03  4.248D-01
 -1.154D-03  6.791D-01
 -2.038D-03  2.923D-01
 -1.259D-03  6.686D-01
 -3.260D-03  9.053D-02
 -1.367D-03  6.614D-01
 -4.198D-05  7.627D-01
 -6.301D-05  7.629D-01
 -8.151D-05  7.632D-01
 -9.901D-05  7.634D-01
 -1.161D-04  7.637D-01
 -1.329D-04  7.640D-01
 -1.497D-04  7.642D-01
 -1.666D-04  7.645D-01
 -1.837D-04  7.646D-01
 -2.010D-04  7.649D-01
 -2.185D-04  7.649D-01
 -2.363D-04  7.651D-01
 -2.546D-04  7.648D-01
 -2.731D-04  7.650D-01
 -2.923D-04  7.642D-01
 -3.116D-04  7.645D-01
 -3.320D-04  7.628D-01
 -3.521D-04  7.634D-01
 -3.741D-04  7.604D-01
 -3.950D-04  7.616D-01
 -4.191D-04  7.567D-01
 -4.407D-04  7.591D-01
 -4.677D-04  7.512D-01
 -4.894D-04  7.557D-01
 -5.207D-04  7.434D-01
 -5.416D-04  7.514D-01
 -5.791D-04  7.325D-01
 -5.977D-04  7.459D-01
 -6.447D-04  7.176D-01
 -6.582D-04  7.394D-01
 -7.196D-04  6.974D-01
 -7.236D-04  7.317D-01
 -8.077D-04  6.701D-01
 -7.942D-04  7.230D-01
 -9.148D-04  6.335D-01
 -8.707D-04  7.133D-01
 -1.051D-03  5.840D-01
 -9.534D-04  7.027D-01
 -1.237D-03  5.167D-01
 -1.042D-03  6.916D-01
 -1.513D-03  4.237D-01
 -1.138D-03  6.806D-01
 -1.995D-03  2.911D-01
 -1.239D-03  6.705D-01
 -3.167D-03  8.735D-02
 -1.342D-03  6.635D-01
 -4.060D-05  7.614D-01
 -6.093D-05  7.616D-01
 -7.881D-05  7.618D-01
 -9.572D-05  7.621D-01
 -1.122D-04  7.624D-01
 -1.285D-04  7.626D-01
 -1.447D-04  7.629D-01
 -1.610D-04  7.632D-01
 -1.774D-04  7.635D-01
 -1.940D-04  7.636D-01
 -2.109D-04  7.639D-01
 -2.281D-04  7.638D-01
 -2.455D-04  7.641D-01
 -2.634D-04  7.637D-01
 -2.815D-04  7.639D-01
 -3.004D-04  7.630D-01
 -3.193D-04  7.634D-01
 -3.394D-04  7.615D-01
 -3.591D-04  7.622D-01
 -3.808D-04  7.590D-01
 -4.012D-04  7.605D-01
 -4.250D-04  7.551D-01
 -4.459D-04  7.580D-01
 -4.728D-04  7.495D-01
 -4.937D-04  7.546D-01
 -5.248D-04  7.415D-01
 -5.448D-04  7.502D-01
 -5.822D-04  7.305D-01
 -5.996D-04  7.449D-01
 -6.464D-04  7.154D-01
 -6.586D-04  7.385D-01
 -7.199D-04  6.952D-01
 -7.222D-04  7.310D-01
 -8.060D-04  6.680D-01
 -7.908D-04  7.225D-01
 -9.104D-04  6.315D-01
 -8.649D-04  7.131D-01
 -1.043D-03  5.823D-01
 -9.447D-04  7.029D-01
 -1.223D-03  5.153D-01
 -1.031D-03  6.922D-01
 -1.490D-03  4.227D-01
 -1.122D-03  6.815D-01
 -1.954D-03  2.901D-01
 -1.219D-03  6.718D-01
 -3.077D-03  8.459D-02
 -1.318D-03  6.651D-01
 -3.929D-05  7.600D-01
 -5.896D-05  7.602D-01
 -7.625D-05  7.604D-01
 -9.259D-05  7.607D-01
 -1.085D-04  7.610D-01
 -1.242D-04  7.613D-01
 -1.399D-04  7.615D-01
 -1.556D-04  7.618D-01
 -1.715D-04  7.621D-01
 -1.875D-04  7.624D-01
 -2.037D-04  7.625D-01
 -2.202D-04  7.628D-01
 -2.370D-04  7.626D-01
 -2.541D-04  7.629D-01
 -2.717D-04  7.624D-01
 -2.894D-04  7.627D-01
 -3.080D-04  7.616D-01
 -3.265D-04  7.621D-01
 -3.463D-04  7.600D-01
 -3.656D-04  7.609D-01
 -3.870D-04  7.574D-01
 -4.069D-04  7.591D-01
 -4.305D-04  7.533D-01
 -4.508D-04  7.566D-01
 -4.775D-04  7.475D-01
 -4.976D-04  7.532D-01
 -5.286D-04  7.394D-01
 -5.476D-04  7.489D-01
 -5.849D-04  7.282D-01
 -6.012D-04  7.436D-01
 -6.479D-04  7.131D-01
 -6.587D-04  7.373D-01
 -7.198D-04  6.928D-01
 -7.206D-04  7.300D-01
 -8.039D-04  6.657D-01
 -7.872D-04  7.218D-01
 -9.058D-04  6.293D-01
 -8.590D-04  7.126D-01
 -1.035D-03  5.804D-01
 -9.361D-04  7.027D-01
 -1.209D-03  5.139D-01
 -1.019D-03  6.924D-01
 -1.467D-03  4.217D-01
 -1.107D-03  6.821D-01
 -1.913D-03  2.892D-01
 -1.200D-03  6.727D-01
 -2.990D-03  8.221D-02
 -1.295D-03  6.662D-01
 -3.804D-05  7.585D-01
 -5.708D-05  7.587D-01
 -7.381D-05  7.590D-01
 -8.963D-05  7.592D-01
 -1.050D-04  7.595D-01
 -1.202D-04  7.598D-01
 -1.353D-04  7.601D-01
 -1.505D-04  7.604D-01
 -1.658D-04  7.607D-01
 -1.813D-04  7.609D-01
 -1.969D-04  7.612D-01
 -2.128D-04  7.612D-01
 -2.289D-04  7.615D-01
 -2.454D-04  7.613D-01
 -2.622D-04  7.616D-01
 -2.795D-04  7.610D-01
 -2.969D-04  7.613D-01
 -3.152D-04  7.600D-01
 -3.333D-04  7.606D-01
 -3.528D-04  7.583D-01
 -3.716D-04  7.594D-01
 -3.928D-04  7.555D-01
 -4.122D-04  7.575D-01
 -4.356D-04  7.513D-01
 -4.553D-04  7.549D-01
 -4.818D-04  7.453D-01
 -5.011D-04  7.515D-01
 -5.320D-04  7.370D-01
 -5.501D-04  7.473D-01
 -5.872D-04  7.257D-01
 -6.024D-04  7.421D-01
 -6.490D-04  7.105D-01
 -6.586D-04  7.359D-01
 -7.194D-04  6.902D-01
 -7.188D-04  7.287D-01
 -8.016D-04  6.631D-01
 -7.835D-04  7.207D-01
 -9.009D-04  6.269D-01
 -8.531D-04  7.118D-01
 -1.026D-03  5.784D-01
 -9.277D-04  7.022D-01
 -1.195D-03  5.123D-01
 -1.008D-03  6.922D-01
 -1.444D-03  4.207D-01
 -1.093D-03  6.822D-01
 -1.874D-03  2.885D-01
 -1.182D-03  6.731D-01
 -2.907D-03  8.017D-02
 -1.273D-03  6.668D-01
 -3.685D-05  7.570D-01
 -5.529D-05  7.572D-01
 -7.150D-05  7.574D-01
 -8.680D-05  7.577D-01
 -1.017D-04  7.580D-01
 -1.164D-04  7.582D-01
 -1.310D-04  7.585D-01
 -1.457D-04  7.588D-01
 -1.605D-04  7.591D-01
 -1.753D-04  7.594D-01
 -1.904D-04  7.596D-01
 -2.057D-04  7.599D-01
 -2.213D-04  7.599D-01
 -2.371D-04  7.601D-01
 -2.534D-04  7.598D-01
 -2.698D-04  7.601D-01
 -2.868D-04  7.594D-01
 -3.038D-04  7.598D-01
 -3.219D-04  7.583D-01
 -3.396D-04  7.590D-01
 -3.589D-04  7.564D-01
 -3.773D-04  7.577D-01
 -3.983D-04  7.534D-01
 -4.171D-04  7.557D-01
 -4.404D-04  7.491D-01
 -4.594D-04  7.531D-01
 -4.857D-04  7.429D-01
 -5.043D-04  7.497D-01
 -5.350D-04  7.345D-01
 -5.522D-04  7.454D-01
 -5.892D-04  7.230D-01
 -6.034D-04  7.402D-01
 -6.498D-04  7.077D-01
 -6.582D-04  7.341D-01
 -7.187D-04  6.874D-01
 -7.168D-04  7.271D-01
 -7.990D-04  6.604D-01
 -7.797D-04  7.192D-01
 -8.958D-04  6.244D-01
 -8.472D-04  7.106D-01
 -1.018D-03  5.762D-01
 -9.194D-04  7.012D-01
 -1.181D-03  5.106D-01
 -9.965D-04  6.915D-01
 -1.422D-03  4.196D-01
 -1.078D-03  6.818D-01
 -1.835D-03  2.878D-01
 -1.164D-03  6.730D-01
 -2.826D-03  7.845D-02
 -1.251D-03  6.669D-01
 -3.572D-05  7.554D-01
 -5.359D-05  7.556D-01
 -6.929D-05  7.558D-01
 -8.412D-05  7.561D-01
 -9.853D-05  7.563D-01
 -1.127D-04  7.566D-01
 -1.269D-04  7.569D-01
 -1.411D-04  7.572D-01
 -1.554D-04  7.575D-01
 -1.698D-04  7.577D-01
 -1.843D-04  7.580D-01
 -1.991D-04  7.581D-01
 -2.141D-04  7.584D-01
 -2.294D-04  7.583D-01
 -2.449D-04  7.586D-01
 -2.608D-04  7.582D-01
 -2.769D-04  7.585D-01
 -2.937D-04  7.576D-01
 -3.104D-04  7.581D-01
 -3.282D-04  7.564D-01
 -3.456D-04  7.572D-01
 -3.646D-04  7.543D-01
 -3.826D-04  7.558D-01
 -4.033D-04  7.511D-01
 -4.217D-04  7.537D-01
 -4.447D-04  7.466D-01
 -4.632D-04  7.510D-01
 -4.893D-04  7.403D-01
 -5.072D-04  7.475D-01
 -5.377D-04  7.317D-01
 -5.541D-04  7.432D-01
 -5.909D-04  7.201D-01
 -6.041D-04  7.381D-01
 -6.503D-04  7.047D-01
 -6.575D-04  7.321D-01
 -7.177D-04  6.844D-01
 -7.147D-04  7.252D-01
 -7.962D-04  6.574D-01
 -7.758D-04  7.175D-01
 -8.906D-04  6.217D-01
 -8.412D-04  7.090D-01
 -1.009D-03  5.738D-01
 -9.111D-04  6.999D-01
 -1.168D-03  5.089D-01
 -9.856D-04  6.904D-01
 -1.400D-03  4.185D-01
 -1.064D-03  6.810D-01
 -1.798D-03  2.872D-01
 -1.147D-03  6.724D-01
 -2.748D-03  7.699D-02
 -1.231D-03  6.664D-01
 -3.464D-05  7.538D-01
 -5.197D-05  7.540D-01
 -6.719D-05  7.542D-01
 -8.155D-05  7.544D-01
 -9.552D-05  7.547D-01
 -1.093D-04  7.549D-01
 -1.230D-04  7.552D-01
 -1.367D-04  7.555D-01
 -1.505D-04  7.557D-01
 -1.644D-04  7.560D-01
 -1.785D-04  7.562D-01
 -1.927D-04  7.565D-01
 -2.072D-04  7.565D-01
 -2.219D-04  7.568D-01
 -2.369D-04  7.566D-01
 -2.521D-04  7.569D-01
 -2.678D-04  7.564D-01
 -2.836D-04  7.567D-01
 -3.002D-04  7.556D-01
 -3.166D-04  7.561D-01
 -3.341D-04  7.542D-01
 -3.511D-04  7.551D-01
 -3.700D-04  7.520D-01
 -3.875D-04  7.536D-01
 -4.080D-04  7.486D-01
 -4.259D-04  7.515D-01
 -4.487D-04  7.439D-01
 -4.666D-04  7.487D-01
 -4.926D-04  7.374D-01
 -5.098D-04  7.451D-01
 -5.401D-04  7.286D-01
 -5.557D-04  7.408D-01
 -5.924D-04  7.169D-01
 -6.046D-04  7.357D-01
 -6.505D-04  7.015D-01
 -6.567D-04  7.297D-01
 -7.165D-04  6.811D-01
 -7.124D-04  7.229D-01
 -7.932D-04  6.543D-01
 -7.718D-04  7.153D-01
 -8.852D-04  6.188D-01
 -8.353D-04  7.070D-01
 -1.000D-03  5.713D-01
 -9.030D-04  6.981D-01
 -1.154D-03  5.070D-01
 -9.749D-04  6.889D-01
 -1.379D-03  4.173D-01
 -1.051D-03  6.798D-01
 -1.761D-03  2.866D-01
 -1.131D-03  6.714D-01
 -2.672D-03  7.577D-02
 -1.211D-03  6.655D-01
 -3.362D-05  7.521D-01
 -5.042D-05  7.523D-01
 -6.518D-05  7.525D-01
 -7.911D-05  7.527D-01
 -9.264D-05  7.529D-01
 -1.060D-04  7.532D-01
 -1.193D-04  7.534D-01
 -1.325D-04  7.537D-01
 -1.459D-04  7.539D-01
 -1.594D-04  7.542D-01
 -1.729D-04  7.544D-01
 -1.867D-04  7.545D-01
 -2.007D-04  7.548D-01
 -2.149D-04  7.548D-01
 -2.293D-04  7.550D-01
 -2.441D-04  7.547D-01
 -2.590D-04  7.550D-01
 -2.745D-04  7.543D-01
 -2.900D-04  7.547D-01
 -3.063D-04  7.534D-01
 -3.223D-04  7.540D-01
 -3.397D-04  7.518D-01
 -3.563D-04  7.529D-01
 -3.750D-04  7.494D-01
 -3.921D-04  7.512D-01
 -4.124D-04  7.459D-01
 -4.298D-04  7.490D-01
 -4.524D-04  7.409D-01
 -4.697D-04  7.461D-01
 -4.955D-04  7.342D-01
 -5.121D-04  7.425D-01
 -5.422D-04  7.253D-01
 -5.570D-04  7.381D-01
 -5.935D-04  7.135D-01
 -6.048D-04  7.330D-01
 -6.505D-04  6.980D-01
 -6.557D-04  7.271D-01
 -7.151D-04  6.776D-01
 -7.099D-04  7.203D-01
 -7.900D-04  6.509D-01
 -7.677D-04  7.129D-01
 -8.796D-04  6.157D-01
 -8.293D-04  7.047D-01
 -9.917D-04  5.686D-01
 -8.949D-04  6.960D-01
 -1.141D-03  5.049D-01
 -9.645D-04  6.870D-01
 -1.357D-03  4.160D-01
 -1.038D-03  6.781D-01
 -1.726D-03  2.860D-01
 -1.115D-03  6.699D-01
 -2.600D-03  7.476D-02
 -1.193D-03  6.641D-01
 -3.263D-05  7.504D-01
 -4.894D-05  7.505D-01
 -6.327D-05  7.507D-01
 -7.678D-05  7.509D-01
 -8.990D-05  7.511D-01
 -1.028D-04  7.513D-01
 -1.157D-04  7.516D-01
 -1.286D-04  7.518D-01
 -1.415D-04  7.520D-01
 -1.545D-04  7.523D-01
 -1.677D-04  7.524D-01
 -1.810D-04  7.527D-01
 -1.945D-04  7.527D-01
 -2.082D-04  7.530D-01
 -2.222D-04  7.528D-01
 -2.363D-04  7.531D-01
 -2.508D-04  7.527D-01
 -2.655D-04  7.529D-01
 -2.807D-04  7.521D-01
 -2.959D-04  7.525D-01
 -3.120D-04  7.510D-01
 -3.278D-04  7.516D-01
 -3.449D-04  7.492D-01
 -3.612D-04  7.504D-01
 -3.796D-04  7.466D-01
 -3.963D-04  7.486D-01
 -4.165D-04  7.429D-01
 -4.334D-04  7.462D-01
 -4.558D-04  7.377D-01
 -4.726D-04  7.432D-01
 -4.982D-04  7.309D-01
 -5.141D-04  7.396D-01
 -5.441D-04  7.218D-01
 -5.581D-04  7.352D-01
 -5.944D-04  7.098D-01
 -6.048D-04  7.300D-01
 -6.502D-04  6.942D-01
 -6.544D-04  7.241D-01
 -7.134D-04  6.739D-01
 -7.073D-04  7.174D-01
 -7.865D-04  6.473D-01
 -7.635D-04  7.101D-01
 -8.739D-04  6.123D-01
 -8.234D-04  7.020D-01
 -9.828D-04  5.658D-01
 -8.869D-04  6.935D-01
 -1.127D-03  5.027D-01
 -9.543D-04  6.847D-01
 -1.336D-03  4.146D-01
 -1.025D-03  6.759D-01
 -1.691D-03  2.854D-01
 -1.099D-03  6.679D-01
 -2.530D-03  7.392D-02
 -1.174D-03  6.621D-01
 -3.169D-05  7.486D-01
 -4.753D-05  7.487D-01
 -6.143D-05  7.489D-01
 -7.455D-05  7.490D-01
 -8.728D-05  7.492D-01
 -9.983D-05  7.494D-01
 -1.123D-04  7.497D-01
 -1.248D-04  7.499D-01
 -1.373D-04  7.501D-01
 -1.499D-04  7.503D-01
 -1.626D-04  7.505D-01
 -1.755D-04  7.506D-01
 -1.886D-04  7.508D-01
 -2.018D-04  7.508D-01
 -2.153D-04  7.510D-01
 -2.290D-04  7.507D-01
 -2.429D-04  7.509D-01
 -2.572D-04  7.504D-01
 -2.716D-04  7.506D-01
 -2.866D-04  7.497D-01
 -3.016D-04  7.501D-01
 -3.174D-04  7.484D-01
 -3.329D-04  7.491D-01
 -3.498D-04  7.464D-01
 -3.657D-04  7.477D-01
 -3.840D-04  7.436D-01
 -4.003D-04  7.457D-01
 -4.202D-04  7.396D-01
 -4.367D-04  7.432D-01
 -4.590D-04  7.343D-01
 -4.751D-04  7.401D-01
 -5.006D-04  7.272D-01
 -5.158D-04  7.364D-01
 -5.456D-04  7.180D-01
 -5.589D-04  7.319D-01
 -5.950D-04  7.059D-01
 -6.046D-04  7.267D-01
 -6.497D-04  6.903D-01
 -6.530D-04  7.208D-01
 -7.115D-04  6.700D-01
 -7.046D-04  7.142D-01
 -7.829D-04  6.435D-01
 -7.593D-04  7.069D-01
 -8.680D-04  6.088D-01
 -8.174D-04  6.990D-01
 -9.739D-04  5.627D-01
 -8.790D-04  6.906D-01
 -1.114D-03  5.003D-01
 -9.442D-04  6.819D-01
 -1.316D-03  4.131D-01
 -1.013D-03  6.733D-01
 -1.657D-03  2.848D-01
 -1.084D-03  6.655D-01
 -2.462D-03  7.323D-02
 -1.157D-03  6.597D-01
 -3.079D-05  7.467D-01
 -4.618D-05  7.468D-01
 -5.968D-05  7.470D-01
 -7.241D-05  7.471D-01
 -8.478D-05  7.473D-01
 -9.695D-05  7.475D-01
 -1.091D-04  7.477D-01
 -1.212D-04  7.479D-01
 -1.333D-04  7.480D-01
 -1.455D-04  7.482D-01
 -1.578D-04  7.484D-01
 -1.703D-04  7.485D-01
 -1.830D-04  7.486D-01
 -1.957D-04  7.487D-01
 -2.088D-04  7.486D-01
 -2.220D-04  7.488D-01
 -2.355D-04  7.485D-01
 -2.491D-04  7.486D-01
 -2.632D-04  7.479D-01
 -2.774D-04  7.482D-01
 -2.922D-04  7.470D-01
 -3.068D-04  7.474D-01
 -3.225D-04  7.455D-01
 -3.377D-04  7.463D-01
 -3.544D-04  7.433D-01
 -3.700D-04  7.447D-01
 -3.880D-04  7.403D-01
 -4.039D-04  7.426D-01
 -4.237D-04  7.361D-01
 -4.397D-04  7.400D-01
 -4.618D-04  7.306D-01
 -4.774D-04  7.368D-01
 -5.027D-04  7.233D-01
 -5.173D-04  7.329D-01
 -5.469D-04  7.139D-01
 -5.595D-04  7.284D-01
 -5.953D-04  7.018D-01
 -6.041D-04  7.232D-01
 -6.490D-04  6.861D-01
 -6.515D-04  7.173D-01
 -7.094D-04  6.658D-01
 -7.017D-04  7.107D-01
 -7.792D-04  6.395D-01
 -7.549D-04  7.034D-01
 -8.621D-04  6.051D-01
 -8.114D-04  6.956D-01
 -9.649D-04  5.594D-01
 -8.712D-04  6.873D-01
 -1.100D-03  4.977D-01
 -9.343D-04  6.788D-01
 -1.296D-03  4.114D-01
 -1.001D-03  6.704D-01
 -1.624D-03  2.841D-01
 -1.070D-03  6.626D-01
 -2.397D-03  7.265D-02
 -1.139D-03  6.569D-01
 -2.993D-05  7.448D-01
 -4.488D-05  7.449D-01
 -5.800D-05  7.451D-01
 -7.037D-05  7.452D-01
 -8.238D-05  7.453D-01
 -9.420D-05  7.455D-01
 -1.059D-04  7.456D-01
 -1.177D-04  7.458D-01
 -1.295D-04  7.460D-01
 -1.413D-04  7.461D-01
 -1.533D-04  7.462D-01
 -1.653D-04  7.463D-01
 -1.776D-04  7.464D-01
 -1.900D-04  7.464D-01
 -2.025D-04  7.465D-01
 -2.153D-04  7.463D-01
 -2.283D-04  7.464D-01
 -2.416D-04  7.460D-01
 -2.550D-04  7.461D-01
 -2.689D-04  7.453D-01
 -2.828D-04  7.455D-01
 -2.974D-04  7.441D-01
 -3.118D-04  7.446D-01
 -3.273D-04  7.425D-01
 -3.421D-04  7.433D-01
 -3.587D-04  7.401D-01
 -3.739D-04  7.415D-01
 -3.918D-04  7.368D-01
 -4.073D-04  7.393D-01
 -4.269D-04  7.324D-01
 -4.424D-04  7.365D-01
 -4.643D-04  7.267D-01
 -4.795D-04  7.332D-01
 -5.045D-04  7.192D-01
 -5.185D-04  7.292D-01
 -5.480D-04  7.096D-01
 -5.598D-04  7.246D-01
 -5.954D-04  6.974D-01
 -6.035D-04  7.193D-01
 -6.480D-04  6.816D-01
 -6.497D-04  7.134D-01
 -7.071D-04  6.614D-01
 -6.987D-04  7.068D-01
 -7.752D-04  6.352D-01
 -7.505D-04  6.996D-01
 -8.560D-04  6.011D-01
 -8.054D-04  6.919D-01
 -9.560D-04  5.559D-01
 -8.634D-04  6.837D-01
 -1.087D-03  4.949D-01
 -9.245D-04  6.753D-01
 -1.276D-03  4.096D-01
 -9.887D-04  6.670D-01
 -1.592D-03  2.833D-01
 -1.055D-03  6.593D-01
 -2.334D-03  7.216D-02
 -1.123D-03  6.536D-01
 -2.910D-05  7.429D-01
 -4.364D-05  7.430D-01
 -5.640D-05  7.431D-01
 -6.842D-05  7.432D-01
 -8.008D-05  7.433D-01
 -9.157D-05  7.434D-01
 -1.030D-04  7.436D-01
 -1.144D-04  7.437D-01
 -1.258D-04  7.438D-01
 -1.373D-04  7.439D-01
 -1.489D-04  7.440D-01
 -1.606D-04  7.441D-01
 -1.724D-04  7.441D-01
 -1.844D-04  7.442D-01
 -1.966D-04  7.440D-01
 -2.090D-04  7.441D-01
 -2.216D-04  7.438D-01
 -2.343D-04  7.438D-01
 -2.474D-04  7.433D-01
 -2.606D-04  7.434D-01
 -2.743D-04  7.424D-01
 -2.880D-04  7.426D-01
 -3.024D-04  7.411D-01
 -3.165D-04  7.415D-01
 -3.318D-04  7.391D-01
 -3.463D-04  7.400D-01
 -3.627D-04  7.365D-01
 -3.776D-04  7.381D-01
 -3.953D-04  7.330D-01
 -4.104D-04  7.357D-01
 -4.298D-04  7.284D-01
 -4.449D-04  7.328D-01
 -4.666D-04  7.225D-01
 -4.812D-04  7.293D-01
 -5.061D-04  7.149D-01
 -5.195D-04  7.252D-01
 -5.488D-04  7.051D-01
 -5.600D-04  7.205D-01
 -5.953D-04  6.927D-01
 -6.027D-04  7.152D-01
 -6.468D-04  6.769D-01
 -6.478D-04  7.092D-01
 -7.047D-04  6.567D-01
 -6.956D-04  7.026D-01
 -7.711D-04  6.307D-01
 -7.461D-04  6.955D-01
 -8.498D-04  5.969D-01
 -7.994D-04  6.878D-01
 -9.470D-04  5.523D-01
 -8.557D-04  6.797D-01
 -1.074D-03  4.919D-01
 -9.149D-04  6.714D-01
 -1.256D-03  4.076D-01
 -9.770D-04  6.632D-01
 -1.561D-03  2.824D-01
 -1.041D-03  6.556D-01
 -2.273D-03  7.172D-02
 -1.107D-03  6.499D-01
 -2.831D-05  7.409D-01
 -4.245D-05  7.410D-01
 -5.485D-05  7.410D-01
 -6.654D-05  7.411D-01
 -7.788D-05  7.412D-01
 -8.904D-05  7.413D-01
 -1.001D-04  7.414D-01
 -1.112D-04  7.415D-01
 -1.223D-04  7.416D-01
 -1.334D-04  7.416D-01
 -1.447D-04  7.417D-01
 -1.560D-04  7.417D-01
 -1.675D-04  7.418D-01
 -1.791D-04  7.417D-01
 -1.909D-04  7.417D-01
 -2.029D-04  7.415D-01
 -2.150D-04  7.415D-01
 -2.275D-04  7.411D-01
 -2.400D-04  7.411D-01
 -2.529D-04  7.404D-01
 -2.659D-04  7.404D-01
 -2.794D-04  7.393D-01
 -2.928D-04  7.395D-01
 -3.070D-04  7.377D-01
 -3.209D-04  7.382D-01
 -3.360D-04  7.356D-01
 -3.503D-04  7.365D-01
 -3.664D-04  7.328D-01
 -3.810D-04  7.344D-01
 -3.985D-04  7.290D-01
 -4.133D-04  7.319D-01
 -4.325D-04  7.242D-01
 -4.471D-04  7.288D-01
 -4.687D-04  7.181D-01
 -4.828D-04  7.252D-01
 -5.075D-04  7.103D-01
 -5.203D-04  7.210D-01
 -5.494D-04  7.004D-01
 -5.599D-04  7.162D-01
 -5.950D-04  6.879D-01
 -6.017D-04  7.108D-01
 -6.454D-04  6.720D-01
 -6.458D-04  7.048D-01
 -7.020D-04  6.519D-01
 -6.923D-04  6.982D-01
 -7.669D-04  6.260D-01
 -7.415D-04  6.910D-01
 -8.436D-04  5.925D-01
 -7.934D-04  6.834D-01
 -9.380D-04  5.484D-01
 -8.480D-04  6.754D-01
 -1.061D-03  4.888D-01
 -9.055D-04  6.671D-01
 -1.237D-03  4.054D-01
 -9.656D-04  6.590D-01
 -1.531D-03  2.813D-01
 -1.028D-03  6.515D-01
 -2.215D-03  7.133D-02
 -1.091D-03  6.457D-01
 -2.755D-05  7.388D-01
 -4.131D-05  7.389D-01
 -5.338D-05  7.389D-01
 -6.474D-05  7.390D-01
 -7.577D-05  7.391D-01
 -8.662D-05  7.391D-01
 -9.739D-05  7.392D-01
 -1.081D-04  7.393D-01
 -1.189D-04  7.393D-01
 -1.297D-04  7.394D-01
 -1.407D-04  7.394D-01
 -1.517D-04  7.394D-01
 -1.628D-04  7.393D-01
 -1.741D-04  7.393D-01
 -1.855D-04  7.391D-01
 -1.971D-04  7.391D-01
 -2.089D-04  7.388D-01
 -2.208D-04  7.387D-01
 -2.330D-04  7.382D-01
 -2.454D-04  7.381D-01
 -2.581D-04  7.373D-01
 -2.709D-04  7.373D-01
 -2.842D-04  7.360D-01
 -2.974D-04  7.361D-01
 -3.114D-04  7.342D-01
 -3.250D-04  7.347D-01
 -3.399D-04  7.318D-01
 -3.539D-04  7.328D-01
 -3.699D-04  7.288D-01
 -3.842D-04  7.305D-01
 -4.015D-04  7.248D-01
 -4.159D-04  7.278D-01
 -4.349D-04  7.198D-01
 -4.491D-04  7.245D-01
 -4.705D-04  7.134D-01
 -4.841D-04  7.208D-01
 -5.086D-04  7.054D-01
 -5.209D-04  7.164D-01
 -5.497D-04  6.954D-01
 -5.597D-04  7.116D-01
 -5.945D-04  6.828D-01
 -6.005D-04  7.061D-01
 -6.439D-04  6.669D-01
 -6.436D-04  7.000D-01
 -6.992D-04  6.468D-01
 -6.890D-04  6.934D-01
 -7.625D-04  6.211D-01
 -7.369D-04  6.863D-01
 -8.372D-04  5.879D-01
 -7.873D-04  6.787D-01
 -9.289D-04  5.443D-01
 -8.404D-04  6.707D-01
 -1.048D-03  4.854D-01
 -8.961D-04  6.625D-01
 -1.219D-03  4.031D-01
 -9.543D-04  6.545D-01
 -1.501D-03  2.802D-01
 -1.015D-03  6.470D-01
 -2.158D-03  7.095D-02
 -1.076D-03  6.412D-01
 -2.682D-05  7.367D-01
 -4.021D-05  7.368D-01
 -5.196D-05  7.368D-01
 -6.302D-05  7.369D-01
 -7.374D-05  7.369D-01
 -8.430D-05  7.369D-01
 -9.477D-05  7.370D-01
 -1.052D-04  7.370D-01
 -1.157D-04  7.370D-01
 -1.262D-04  7.370D-01
 -1.368D-04  7.370D-01
 -1.475D-04  7.369D-01
 -1.583D-04  7.369D-01
 -1.692D-04  7.367D-01
 -1.803D-04  7.367D-01
 -1.915D-04  7.364D-01
 -2.029D-04  7.363D-01
 -2.145D-04  7.359D-01
 -2.263D-04  7.357D-01
 -2.383D-04  7.351D-01
 -2.505D-04  7.350D-01
 -2.630D-04  7.339D-01
 -2.756D-04  7.339D-01
 -2.887D-04  7.324D-01
 -3.017D-04  7.326D-01
 -3.155D-04  7.304D-01
 -3.289D-04  7.309D-01
 -3.436D-04  7.278D-01
 -3.573D-04  7.288D-01
 -3.731D-04  7.245D-01
 -3.871D-04  7.264D-01
 -4.042D-04  7.203D-01
 -4.182D-04  7.234D-01
 -4.371D-04  7.151D-01
 -4.509D-04  7.200D-01
 -4.721D-04  7.085D-01
 -4.852D-04  7.161D-01
 -5.096D-04  7.003D-01
 -5.213D-04  7.117D-01
 -5.499D-04  6.902D-01
 -5.593D-04  7.067D-01
 -5.938D-04  6.775D-01
 -5.992D-04  7.011D-01
 -6.421D-04  6.615D-01
 -6.413D-04  6.950D-01
 -6.962D-04  6.415D-01
 -6.856D-04  6.883D-01
 -7.580D-04  6.160D-01
 -7.322D-04  6.812D-01
 -8.308D-04  5.831D-01
 -7.813D-04  6.736D-01
 -9.199D-04  5.399D-01
 -8.328D-04  6.657D-01
 -1.036D-03  4.818D-01
 -8.869D-04  6.576D-01
 -1.200D-03  4.005D-01
 -9.433D-04  6.495D-01
 -1.473D-03  2.789D-01
 -1.002D-03  6.421D-01
 -2.104D-03  7.056D-02
 -1.061D-03  6.362D-01
 -2.612D-05  7.346D-01
 -3.916D-05  7.346D-01
 -5.059D-05  7.346D-01
 -6.136D-05  7.347D-01
 -7.180D-05  7.347D-01
 -8.207D-05  7.347D-01
 -9.225D-05  7.347D-01
 -1.024D-04  7.346D-01
 -1.126D-04  7.346D-01
 -1.228D-04  7.346D-01
 -1.331D-04  7.345D-01
 -1.435D-04  7.344D-01
 -1.540D-04  7.343D-01
 -1.646D-04  7.342D-01
 -1.753D-04  7.340D-01
 -1.862D-04  7.338D-01
 -1.973D-04  7.335D-01
 -2.085D-04  7.333D-01
 -2.199D-04  7.327D-01
 -2.315D-04  7.325D-01
 -2.433D-04  7.317D-01
 -2.553D-04  7.316D-01
 -2.677D-04  7.304D-01
 -2.800D-04  7.303D-01
 -2.930D-04  7.287D-01
 -3.057D-04  7.288D-01
 -3.194D-04  7.264D-01
 -3.325D-04  7.269D-01
 -3.471D-04  7.236D-01
 -3.605D-04  7.247D-01
 -3.761D-04  7.200D-01
 -3.897D-04  7.220D-01
 -4.067D-04  7.156D-01
 -4.204D-04  7.189D-01
 -4.391D-04  7.102D-01
 -4.525D-04  7.153D-01
 -4.735D-04  7.034D-01
 -4.861D-04  7.112D-01
 -5.103D-04  6.950D-01
 -5.215D-04  7.066D-01
 -5.498D-04  6.847D-01
 -5.587D-04  7.015D-01
 -5.929D-04  6.719D-01
 -5.977D-04  6.959D-01
 -6.402D-04  6.560D-01
 -6.388D-04  6.897D-01
 -6.931D-04  6.360D-01
 -6.820D-04  6.830D-01
 -7.534D-04  6.106D-01
 -7.275D-04  6.758D-01
 -8.243D-04  5.780D-01
 -7.752D-04  6.682D-01
 -9.109D-04  5.354D-01
 -8.253D-04  6.603D-01
 -1.023D-03  4.781D-01
 -8.778D-04  6.523D-01
 -1.182D-03  3.978D-01
 -9.324D-04  6.443D-01
 -1.445D-03  2.774D-01
 -9.889D-04  6.368D-01
 -2.051D-03  7.014D-02
 -1.046D-03  6.309D-01
 -2.545D-05  7.324D-01
 -3.815D-05  7.324D-01
 -4.928D-05  7.324D-01
 -5.977D-05  7.324D-01
 -6.993D-05  7.324D-01
 -7.992D-05  7.324D-01
 -8.983D-05  7.323D-01
 -9.972D-05  7.323D-01
 -1.096D-04  7.322D-01
 -1.196D-04  7.321D-01
 -1.296D-04  7.320D-01
 -1.397D-04  7.319D-01
 -1.498D-04  7.317D-01
 -1.601D-04  7.315D-01
 -1.706D-04  7.313D-01
 -1.811D-04  7.310D-01
 -1.918D-04  7.308D-01
 -2.027D-04  7.303D-01
 -2.137D-04  7.301D-01
 -2.250D-04  7.294D-01
 -2.364D-04  7.292D-01
 -2.481D-04  7.282D-01
 -2.598D-04  7.280D-01
 -2.720D-04  7.266D-01
 -2.842D-04  7.265D-01
 -2.970D-04  7.247D-01
 -3.095D-04  7.248D-01
 -3.230D-04  7.222D-01
 -3.359D-04  7.227D-01
 -3.503D-04  7.191D-01
 -3.634D-04  7.202D-01
 -3.789D-04  7.153D-01
 -3.922D-04  7.174D-01
 -4.090D-04  7.107D-01
 -4.223D-04  7.141D-01
 -4.408D-04  7.050D-01
 -4.538D-04  7.103D-01
 -4.746D-04  6.980D-01
 -4.868D-04  7.061D-01
 -5.108D-04  6.895D-01
 -5.215D-04  7.014D-01
 -5.496D-04  6.790D-01
 -5.579D-04  6.961D-01
 -5.918D-04  6.661D-01
 -5.961D-04  6.904D-01
 -6.381D-04  6.502D-01
 -6.362D-04  6.841D-01
 -6.898D-04  6.302D-01
 -6.784D-04  6.774D-01
 -7.487D-04  6.050D-01
 -7.227D-04  6.702D-01
 -8.177D-04  5.728D-01
 -7.691D-04  6.626D-01
 -9.019D-04  5.307D-01
 -8.178D-04  6.547D-01
 -1.011D-03  4.741D-01
 -8.687D-04  6.466D-01
 -1.164D-03  3.948D-01
 -9.217D-04  6.387D-01
 -1.417D-03  2.758D-01
 -9.765D-04  6.312D-01
 -2.000D-03  6.968D-02
 -1.032D-03  6.252D-01
 -2.480D-05  7.302D-01
 -3.717D-05  7.302D-01
 -4.802D-05  7.301D-01
 -5.823D-05  7.301D-01
 -6.813D-05  7.301D-01
 -7.786D-05  7.300D-01
 -8.751D-05  7.299D-01
 -9.713D-05  7.298D-01
 -1.068D-04  7.297D-01
 -1.164D-04  7.296D-01
 -1.262D-04  7.295D-01
 -1.360D-04  7.293D-01
 -1.459D-04  7.291D-01
 -1.559D-04  7.289D-01
 -1.660D-04  7.286D-01
 -1.762D-04  7.283D-01
 -1.866D-04  7.279D-01
 -1.972D-04  7.276D-01
 -2.079D-04  7.270D-01
 -2.187D-04  7.267D-01
 -2.298D-04  7.259D-01
 -2.410D-04  7.256D-01
 -2.526D-04  7.244D-01
 -2.641D-04  7.242D-01
 -2.762D-04  7.227D-01
 -2.881D-04  7.225D-01
 -3.008D-04  7.205D-01
 -3.131D-04  7.206D-01
 -3.264D-04  7.177D-01
 -3.390D-04  7.183D-01
 -3.533D-04  7.144D-01
 -3.661D-04  7.156D-01
 -3.814D-04  7.104D-01
 -3.944D-04  7.125D-01
 -4.110D-04  7.055D-01
 -4.240D-04  7.090D-01
 -4.424D-04  6.996D-01
 -4.549D-04  7.051D-01
 -4.756D-04  6.924D-01
 -4.874D-04  7.007D-01
 -5.111D-04  6.837D-01
 -5.213D-04  6.958D-01
 -5.492D-04  6.731D-01
 -5.569D-04  6.905D-01
 -5.905D-04  6.601D-01
 -5.943D-04  6.846D-01
 -6.359D-04  6.442D-01
 -6.335D-04  6.783D-01
 -6.864D-04  6.243D-01
 -6.747D-04  6.715D-01
 -7.438D-04  5.993D-01
 -7.178D-04  6.642D-01
 -8.111D-04  5.673D-01
 -7.630D-04  6.566D-01
 -8.929D-04  5.257D-01
 -8.104D-04  6.487D-01
 -9.983D-04  4.698D-01
 -8.598D-04  6.407D-01
 -1.147D-03  3.916D-01
 -9.112D-04  6.327D-01
 -1.391D-03  2.740D-01
 -9.642D-04  6.253D-01
 -1.951D-03  6.915D-02
 -1.018D-03  6.192D-01
 -2.417D-05  7.279D-01
 -3.624D-05  7.279D-01
 -4.681D-05  7.278D-01
 -5.676D-05  7.278D-01
 -6.640D-05  7.277D-01
 -7.588D-05  7.276D-01
 -8.527D-05  7.275D-01
 -9.464D-05  7.274D-01
 -1.040D-04  7.272D-01
 -1.134D-04  7.271D-01
 -1.229D-04  7.269D-01
 -1.324D-04  7.266D-01
 -1.420D-04  7.264D-01
 -1.518D-04  7.261D-01
 -1.616D-04  7.258D-01
 -1.715D-04  7.254D-01
 -1.816D-04  7.251D-01
 -1.919D-04  7.246D-01
 -2.022D-04  7.242D-01
 -2.128D-04  7.235D-01
 -2.235D-04  7.231D-01
 -2.344D-04  7.221D-01
 -2.454D-04  7.217D-01
 -2.568D-04  7.205D-01
 -2.682D-04  7.202D-01
 -2.801D-04  7.185D-01
 -2.918D-04  7.183D-01
 -3.043D-04  7.160D-01
 -3.164D-04  7.161D-01
 -3.296D-04  7.131D-01
 -3.420D-04  7.136D-01
 -3.560D-04  7.095D-01
 -3.686D-04  7.107D-01
 -3.837D-04  7.053D-01
 -3.964D-04  7.074D-01
 -4.129D-04  7.001D-01
 -4.255D-04  7.038D-01
 -4.437D-04  6.940D-01
 -4.559D-04  6.997D-01
 -4.763D-04  6.866D-01
 -4.877D-04  6.951D-01
 -5.112D-04  6.778D-01
 -5.210D-04  6.901D-01
 -5.486D-04  6.670D-01
 -5.558D-04  6.846D-01
 -5.891D-04  6.539D-01
 -5.924D-04  6.786D-01
 -6.334D-04  6.379D-01
 -6.307D-04  6.722D-01
 -6.828D-04  6.181D-01
 -6.708D-04  6.653D-01
 -7.389D-04  5.933D-01
 -7.129D-04  6.580D-01
 -8.044D-04  5.616D-01
 -7.569D-04  6.504D-01
 -8.839D-04  5.205D-01
 -8.029D-04  6.425D-01
 -9.861D-04  4.654D-01
 -8.509D-04  6.344D-01
 -1.130D-03  3.883D-01
 -9.008D-04  6.265D-01
 -1.365D-03  2.720D-01
 -9.522D-04  6.190D-01
 -1.904D-03  6.854D-02
 -1.004D-03  6.129D-01
 -2.357D-05  7.256D-01
 -3.533D-05  7.255D-01
 -4.564D-05  7.255D-01
 -5.534D-05  7.254D-01
 -6.473D-05  7.253D-01
 -7.397D-05  7.251D-01
 -8.312D-05  7.250D-01
 -9.224D-05  7.248D-01
 -1.014D-04  7.247D-01
 -1.105D-04  7.245D-01
 -1.197D-04  7.242D-01
 -1.290D-04  7.240D-01
 -1.384D-04  7.237D-01
 -1.478D-04  7.234D-01
 -1.574D-04  7.230D-01
 -1.670D-04  7.226D-01
 -1.768D-04  7.221D-01
 -1.867D-04  7.217D-01
 -1.968D-04  7.210D-01
 -2.070D-04  7.206D-01
 -2.175D-04  7.197D-01
 -2.280D-04  7.193D-01
 -2.388D-04  7.182D-01
 -2.496D-04  7.177D-01
 -2.609D-04  7.163D-01
 -2.720D-04  7.159D-01
 -2.838D-04  7.140D-01
 -2.953D-04  7.138D-01
 -3.076D-04  7.114D-01
 -3.195D-04  7.114D-01
 -3.325D-04  7.082D-01
 -3.447D-04  7.087D-01
 -3.586D-04  7.044D-01
 -3.709D-04  7.056D-01
 -3.858D-04  6.999D-01
 -3.982D-04  7.021D-01
 -4.145D-04  6.945D-01
 -4.268D-04  6.983D-01
 -4.448D-04  6.882D-01
 -4.566D-04  6.940D-01
 -4.769D-04  6.806D-01
 -4.878D-04  6.892D-01
 -5.111D-04  6.716D-01
 -5.205D-04  6.841D-01
 -5.478D-04  6.607D-01
 -5.546D-04  6.785D-01
 -5.875D-04  6.475D-01
 -5.903D-04  6.724D-01
 -6.309D-04  6.315D-01
 -6.277D-04  6.659D-01
 -6.791D-04  6.117D-01
 -6.669D-04  6.589D-01
 -7.339D-04  5.871D-01
 -7.079D-04  6.516D-01
 -7.976D-04  5.557D-01
 -7.508D-04  6.439D-01
 -8.749D-04  5.151D-01
 -7.955D-04  6.360D-01
 -9.740D-04  4.608D-01
 -8.422D-04  6.279D-01
 -1.113D-03  3.847D-01
 -8.905D-04  6.199D-01
 -1.340D-03  2.699D-01
 -9.404D-04  6.124D-01
 -1.858D-03  6.783D-02
 -9.909D-04  6.062D-01
