 -1.813D-03  7.906D-01
 -2.294D-03  7.809D-01
 -1.773D-03  7.823D-01
 -3.735D-04  7.947D-01
 -3.769D-03  7.694D-01
 -1.672D-03  7.722D-01
 -6.070D-04  7.687D-01
 -5.372D-04  7.700D-01
 -4.921D-03  7.570D-01
 -1.558D-03  7.590D-01
 -1.411D-04  7.971D-01
 -1.146D-03  7.447D-01
 -6.403D-04  7.494D-01
 -5.811D-03  7.425D-01
 -1.447D-03  7.425D-01
 -2.540D-04  7.475D-01
 -2.339D-04  7.490D-01
 -1.642D-03  7.238D-01
 -6.972D-04  7.273D-01
 -6.497D-03  7.256D-01
 -1.344D-03  7.224D-01
 -6.954D-05  7.987D-01
 -5.125D-04  7.074D-01
 -3.105D-04  7.152D-01
 -2.072D-03  7.017D-01
 -7.231D-04  7.024D-01
 -7.025D-03  7.063D-01
 -1.249D-03  6.985D-01
 -1.311D-04  7.184D-01
 -1.228D-04  7.199D-01
 -7.716D-04  6.766D-01
 -3.667D-04  6.828D-01
 -2.437D-03  6.774D-01
 -7.286D-04  6.741D-01
 -7.425D-03  6.847D-01
 -1.162D-03  6.707D-01
 -3.986D-05  7.998D-01
 -2.739D-04  6.576D-01
 -1.727D-04  6.699D-01
 -1.011D-03  6.458D-01
 -4.051D-04  6.485D-01
 -2.740D-03  6.508D-01
 -7.206D-04  6.419D-01
 -7.722D-03  6.607D-01
 -1.081D-03  6.387D-01
 -7.636D-05  6.817D-01
 -7.218D-05  6.833D-01
 -4.247D-04  6.148D-01
 -2.139D-04  6.252D-01
 -1.224D-03  6.134D-01
 -4.290D-04  6.108D-01
 -2.988D-03  6.218D-01
 -7.035D-04  6.053D-01
 -7.934D-03  6.346D-01
 -1.006D-03  6.020D-01
 -2.519D-05  8.004D-01
 -1.623D-04  5.946D-01
 -1.048D-04  6.132D-01
 -5.696D-04  5.741D-01
 -2.456D-04  5.797D-01
 -1.408D-03  5.786D-01
 -4.414D-04  5.689D-01
 -3.186D-03  5.904D-01
 -6.804D-04  5.641D-01
 -8.074D-03  6.064D-01
 -9.365D-04  5.602D-01
 -4.811D-05  6.380D-01
 -4.572D-05  6.397D-01
 -2.562D-04  5.373D-01
 -1.336D-04  5.535D-01
 -7.023D-04  5.322D-01
 -2.685D-04  5.310D-01
 -1.564D-03  5.414D-01
 -4.451D-04  5.222D-01
 -3.342D-03  5.567D-01
 -6.534D-04  5.175D-01
 -8.152D-03  5.761D-01
 -8.712D-04  5.129D-01
 -1.704D-05  8.007D-01
 -1.027D-04  5.175D-01
 -6.744D-05  5.446D-01
 -3.487D-04  4.846D-01
 -1.573D-04  4.945D-01
 -8.200D-04  4.879D-01
 -2.837D-04  4.777D-01
 -1.694D-03  5.015D-01
 -4.420D-04  4.699D-01
 -3.459D-03  5.206D-01
 -6.236D-04  4.649D-01
 -8.178D-03  5.439D-01
 -8.098D-04  4.593D-01
 -3.201D-05  5.877D-01
 -3.052D-05  5.894D-01
 -1.638D-04  4.416D-01
 -8.750D-05  4.661D-01
 -4.350D-04  4.310D-01
 -1.756D-04  4.323D-01
 -9.218D-04  4.408D-01
 -2.924D-04  4.186D-01
 -1.799D-03  4.589D-01
 -4.337D-04  4.112D-01
 -3.542D-03  4.821D-01
 -5.922D-04  4.056D-01
 -8.160D-03  5.099D-01
 -7.519D-04  3.985D-01
 -1.213D-05  8.007D-01
 -6.797D-05  4.243D-01
 -4.526D-05  4.630D-01
 -2.250D-04  3.735D-01
 -1.046D-04  3.900D-01
 -5.128D-04  3.749D-01
 -1.888D-04  3.645D-01
 -1.008D-03  3.905D-01
 -2.956D-04  3.524D-01
 -1.881D-03  4.134D-01
 -4.214D-04  3.449D-01
 -3.596D-03  4.414D-01
 -5.598D-04  3.384D-01
 -8.102D-03  4.741D-01
 -6.971D-04  3.293D-01
 -2.216D-05  5.309D-01
 -2.117D-05  5.327D-01
 -1.089D-04  3.238D-01
 -5.926D-05  3.602D-01
 -2.828D-04  3.050D-01
 -1.184D-04  3.102D-01
 -5.807D-04  3.152D-01
 -1.974D-04  2.893D-01
 -1.078D-03  3.367D-01
 -2.943D-04  2.779D-01
 -1.943D-03  3.650D-01
 -4.060D-04  2.698D-01
 -3.623D-03  3.984D-01
 -5.269D-04  2.618D-01
 -8.012D-03  4.367D-01
 -6.451D-04  2.502D-01
 -8.970D-06  8.004D-01
 -4.642D-05  3.117D-01
 -3.131D-05  3.666D-01
 -1.503D-04  2.349D-01
 -7.152D-05  2.613D-01
 -3.352D-04  2.330D-01
 -1.288D-04  2.231D-01
 -6.386D-04  2.512D-01
 -2.020D-04  2.046D-01
 -1.135D-03  2.792D-01
 -2.894D-04  1.932D-01
 -1.985D-03  3.136D-01
 -3.883D-04  1.840D-01
 -3.627D-03  3.530D-01
 -4.939D-04  1.741D-01
 -7.894D-03  3.977D-01
 -5.957D-04  1.592D-01
 -1.580D-05  4.679D-01
 -1.513D-05  4.698D-01
 -7.432D-05  1.771D-01
 -4.111D-05  2.313D-01
 -1.896D-04  1.456D-01
 -8.159D-05  1.575D-01
 -3.813D-04  1.560D-01
 -1.359D-04  1.257D-01
 -6.864D-04  1.823D-01
 -2.031D-04  1.081D-01
 -1.177D-03  2.176D-01
 -2.816D-04  9.595D-02
 -2.012D-03  2.590D-01
 -3.690D-04  8.514D-02
 -3.611D-03  3.054D-01
 -4.610D-04  7.267D-02
 -7.751D-03  3.571D-01
 -5.487D-04  5.352D-02
 -6.843D-06  7.999D-01
 -3.241D-05  1.746D-01
 -2.214D-05  2.526D-01
 -1.027D-04  5.844D-02
 -4.981D-05  1.005D-01
 -2.254D-04  5.104D-02
 -8.933D-05  4.292D-02
 -4.205D-04  7.267D-02
 -1.401D-04  1.439D-02
 -7.245D-04  1.079D-01
 -2.012D-04 -3.291D-03
 -1.208D-03  1.516D-01
 -2.714D-04 -1.692D-02
 -2.023D-03  2.011D-01
 -3.484D-04 -3.008D-02
 -3.577D-03  2.553D-01
 -4.286D-04 -4.603D-02
 -7.588D-03  3.151D-01
 -5.041D-04 -7.086D-02
 -1.153D-05  3.985D-01
 -1.105D-05  4.005D-01
 -5.163D-05 -9.746D-03
 -2.899D-05  7.185D-02
 -1.297D-04 -6.190D-02
 -5.702D-05 -3.858D-02
 -2.568D-04 -5.162D-02
 -9.476D-05 -8.765D-02
 -4.528D-04 -1.836D-02
 -1.417D-04 -1.151D-01
 -7.534D-04  2.723D-02
 -1.969D-04 -1.340D-01
 -1.227D-03  8.063D-02
 -2.594D-04 -1.499D-01
 -2.020D-03  1.395D-01
 -3.271D-04 -1.664D-01
 -3.528D-03  2.028D-01
 -3.968D-04 -1.871D-01
 -7.407D-03  2.716D-01
 -4.616D-04 -2.196D-01
 -5.352D-06  7.992D-01
 -2.298D-05  4.401D-03
 -1.591D-05  1.163D-01
 -7.121D-05 -1.744D-01
 -3.511D-05 -1.063D-01
 -1.542D-04 -1.917D-01
 -6.260D-05 -1.955D-01
 -2.834D-04 -1.650D-01
 -9.805D-05 -2.407D-01
 -4.783D-04 -1.186D-01
 -1.410D-04 -2.689D-01
 -7.738D-04 -6.078D-02
 -1.906D-04 -2.902D-01
 -1.236D-03  4.196D-03
 -2.459D-04 -3.096D-01
 -2.006D-03  7.399D-02
 -3.053D-04 -3.308D-01
 -3.465D-03  1.477D-01
 -3.657D-04 -3.582D-01
 -7.213D-03  2.267D-01
 -4.212D-04 -4.015D-01
 -8.572D-06  3.226D-01
 -8.222D-06  3.247D-01
 -3.626D-05 -2.574D-01
 -2.067D-05 -1.310D-01
 -8.980D-05 -3.456D-01
 -4.019D-05 -3.013D-01
 -1.756D-04 -3.365D-01
 -6.654D-05 -3.803D-01
 -3.051D-04 -2.921D-01
 -9.940D-05 -4.252D-01
 -4.974D-04 -2.299D-01
 -1.383D-04 -4.561D-01
 -7.863D-04 -1.573D-01
 -1.827D-04 -4.814D-01
 -1.235D-03 -7.846D-02
 -2.315D-04 -5.061D-01
 -1.982D-03  4.200D-03
 -2.834D-04 -5.342D-01
 -3.391D-03  8.987D-02
 -3.357D-04 -5.713D-01
 -7.007D-03  1.804D-01
 -3.831D-04 -6.304D-01
 -4.274D-06  7.982D-01
 -1.645D-05 -2.139D-01
 -1.156D-05 -4.989D-02
 -4.977D-05 -5.006D-01
 -2.492D-05 -3.853D-01
 -1.066D-04 -5.371D-01
 -4.411D-05 -5.307D-01
 -1.936D-04 -5.024D-01
 -6.891D-05 -6.071D-01
 -3.219D-04 -4.367D-01
 -9.905D-05 -6.552D-01
 -5.104D-04 -3.547D-01
 -1.341D-04 -6.914D-01
 -7.916D-04 -2.638D-01
 -1.735D-04 -7.233D-01
 -1.227D-03 -1.682D-01
 -2.165D-04 -7.562D-01
 -1.948D-03 -7.036D-02
 -2.617D-04 -7.949D-01
 -3.308D-03  2.915D-02
 -3.068D-04 -8.470D-01
 -6.793D-03  1.326D-01
 -3.462D-04 -8.967D-01
 -6.462D-06  2.395D-01
 -6.203D-06  2.418D-01
 -2.561D-05 -6.076D-01
 -1.483D-05 -4.010D-01
 -6.254D-05 -7.670D-01
 -2.844D-05 -6.795D-01
 -1.211D-04 -7.619D-01
 -4.686D-05 -8.176D-01
 -2.080D-04 -6.969D-01
 -6.991D-05 -8.988D-01
 -3.342D-04 -6.037D-01
 -9.728D-05 -9.498D-01
 -5.179D-04 -4.964D-01
 -1.284D-04 -9.719D-01
 -7.906D-04 -3.825D-01
 -1.629D-04 -9.916D-01
 -1.211D-03 -2.663D-01
 -2.000D-04 -1.012D+00
 -1.907D-03 -1.503D-01
 -2.383D-04 -1.036D+00
 -3.216D-03 -3.469D-02
 -2.759D-04 -1.068D+00
 -6.571D-03  8.343D-02
 -3.082D-04 -1.122D+00
 -3.474D-06  7.971D-01
 -1.184D-05 -5.083D-01
 -8.463D-06 -2.587D-01
 -3.489D-05 -9.947D-01
 -1.775D-05 -7.917D-01
 -7.373D-05 -1.040D+00
 -3.107D-05 -1.019D+00
 -1.329D-04 -1.011D+00
 -4.813D-05 -1.097D+00
 -2.190D-04 -9.315D-01
 -6.887D-05 -1.145D+00
 -3.423D-04 -8.007D-01
 -9.304D-05 -1.179D+00
 -5.204D-04 -6.595D-01
 -1.203D-04 -1.207D+00
 -7.838D-04 -5.159D-01
 -1.501D-04 -1.233D+00
 -1.189D-03 -3.742D-01
 -1.818D-04 -1.262D+00
 -1.859D-03 -2.363D-01
 -2.142D-04 -1.284D+00
 -3.118D-03 -1.020D-01
 -2.454D-04 -1.310D+00
 -6.345D-03  3.276D-02
 -2.713D-04 -1.353D+00
 -4.928D-06  1.484D-01
 -4.733D-06  1.509D-01
 -1.804D-05 -1.088D+00
 -1.068D-05 -7.869D-01
 -4.294D-05 -1.263D+00
 -1.995D-05 -1.159D+00
 -8.240D-05 -1.268D+00
 -3.237D-05 -1.303D+00
 -1.408D-04 -1.209D+00
 -4.789D-05 -1.371D+00
 -2.250D-04 -1.121D+00
 -6.631D-05 -1.406D+00
 -3.459D-04 -1.018D+00
 -8.743D-05 -1.432D+00
 -5.185D-04 -8.507D-01
 -1.109D-04 -1.453D+00
 -7.721D-04 -6.679D-01
 -1.363D-04 -1.474D+00
 -1.162D-03 -4.938D-01
 -1.630D-04 -1.496D+00
 -1.805D-03 -3.294D-01
 -1.899D-04 -1.524D+00
 -3.015D-03 -1.730D-01
 -2.154D-04 -1.562D+00
 -6.115D-03 -1.946D-02
 -2.360D-04 -1.619D+00
 -2.865D-06  7.957D-01
 -8.548D-06 -9.392D-01
 -6.222D-06 -5.331D-01
 -2.376D-05 -1.454D+00
 -1.246D-05 -1.258D+00
 -4.951D-05 -1.520D+00
 -2.124D-05 -1.478D+00
 -8.864D-05 -1.492D+00
 -3.257D-05 -1.580D+00
 -1.456D-04 -1.423D+00
 -4.637D-05 -1.642D+00
 -2.270D-04 -1.325D+00
 -6.245D-05 -1.685D+00
 -3.433D-04 -1.187D+00
 -8.064D-05 -1.716D+00
 -5.115D-04 -1.047D+00
 -1.007D-04 -1.739D+00
 -7.562D-04 -8.436D-01
 -1.221D-04 -1.762D+00
 -1.130D-03 -6.278D-01
 -1.445D-04 -1.788D+00
 -1.747D-03 -4.307D-01
 -1.667D-04 -1.821D+00
 -2.908D-03 -2.483D-01
 -1.875D-04 -1.868D+00
 -5.884D-03 -7.332D-02
 -2.036D-04 -1.951D+00
 -3.793D-06  4.782D-02
 -3.645D-06  5.067D-02
 -1.234D-05 -1.550D+00
 -7.594D-06 -1.235D+00
 -2.859D-05 -1.789D+00
 -1.358D-05 -1.638D+00
 -5.437D-05 -1.804D+00
 -2.170D-05 -1.821D+00
 -9.239D-05 -1.743D+00
 -3.189D-05 -1.919D+00
 -1.471D-04 -1.636D+00
 -4.402D-05 -1.984D+00
 -2.252D-04 -1.513D+00
 -5.796D-05 -2.031D+00
 -3.368D-04 -1.384D+00
 -7.350D-05 -2.070D+00
 -4.977D-04 -1.209D+00
 -9.039D-05 -2.106D+00
 -7.360D-04 -1.037D+00
 -1.083D-04 -2.143D+00
 -1.095D-03 -7.798D-01
 -1.267D-04 -2.187D+00
 -1.685D-03 -5.417D-01
 -1.452D-04 -2.243D+00
 -2.798D-03 -3.284D-01
 -1.585D-04 -2.050D+00
 -5.652D-03 -1.289D-01
 -1.655D-04 -1.795D+00
 -2.394D-06  7.942D-01
 -6.048D-06 -1.373D+00
 -4.585D-06 -9.197D-01
 -1.579D-05 -2.040D+00
 -8.496D-06 -1.744D+00
 -3.246D-05 -2.182D+00
 -1.417D-05 -2.078D+00
 -5.771D-05 -2.143D+00
 -2.154D-05 -2.278D+00
 -9.427D-05 -2.030D+00
 -3.025D-05 -2.273D+00
 -1.463D-04 -1.887D+00
 -3.988D-05 -2.114D+00
 -2.201D-04 -1.732D+00
 -5.072D-05 -2.003D+00
 -3.263D-04 -1.559D+00
 -6.256D-05 -1.911D+00
 -4.802D-04 -1.394D+00
 -7.511D-05 -1.827D+00
 -7.077D-04 -1.183D+00
 -8.799D-05 -1.744D+00
 -1.056D-03 -9.547D-01
 -1.007D-04 -1.656D+00
 -1.621D-03 -6.644D-01
 -1.124D-04 -1.558D+00
 -2.686D-03 -4.139D-01
 -1.220D-04 -1.445D+00
 -5.422D-03 -1.864D-01
 -1.273D-04 -1.311D+00
 -2.941D-06 -6.415D-02
 -2.827D-06 -6.095D-02
 -8.263D-06 -2.174D+00
 -5.262D-06 -1.689D+00
 -1.769D-05 -1.980D+00
 -9.059D-06 -2.345D+00
 -3.302D-05 -1.919D+00
 -1.336D-05 -1.899D+00
 -5.690D-05 -2.044D+00
 -1.883D-05 -1.698D+00
 -9.362D-05 -2.329D+00
 -2.535D-05 -1.593D+00
 -1.434D-04 -2.201D+00
 -3.283D-05 -1.525D+00
 -2.131D-04 -1.977D+00
 -4.120D-05 -1.474D+00
 -3.128D-04 -1.771D+00
 -5.025D-05 -1.430D+00
 -4.589D-04 -1.557D+00
 -5.966D-05 -1.331D+00
 -6.763D-04 -1.353D+00
 -6.911D-05 -1.173D+00
 -1.011D-03 -1.112D+00
 -7.825D-05 -1.003D+00
 -1.554D-03 -8.015D-01
 -8.644D-05 -8.081D-01
 -2.573D-03 -5.057D-01
 -9.263D-05 -5.713D-01
 -5.193D-03 -2.459D-01
 -9.465D-05 -2.528D-01
 -2.022D-06  7.925D-01
 -4.178D-06 -1.836D+00
 -3.328D-06 -1.317D+00
 -9.090D-06 -1.620D+00
 -5.584D-06 -2.237D+00
 -1.776D-05 -1.483D+00
 -8.101D-06 -1.573D+00
 -3.152D-05 -1.500D+00
 -1.163D-05 -1.245D+00
 -5.239D-05 -1.584D+00
 -1.588D-05 -9.295D-01
 -8.421D-05 -1.760D+00
 -2.085D-05 -7.376D-01
 -1.328D-04 -2.068D+00
 -2.642D-05 -5.981D-01
 -2.040D-04 -2.301D+00
 -3.251D-05 -4.821D-01
 -2.979D-04 -2.004D+00
 -3.896D-05 -3.749D-01
 -4.347D-04 -1.753D+00
 -4.565D-05 -2.700D-01
 -6.414D-04 -1.507D+00
 -5.242D-05 -1.626D-01
 -9.613D-04 -1.253D+00
 -5.887D-05 -4.261D-02
 -1.487D-03 -9.566D-01
 -6.451D-05  9.907D-02
 -2.459D-03 -6.048D-01
 -6.949D-05  3.919D-01
 -4.967D-03 -3.077D-01
 -7.149D-05  7.922D-01
 -2.293D-06 -1.904D-01
 -2.205D-06 -1.868D-01
 -4.689D-06 -1.547D+00
 -3.582D-06 -2.346D+00
 -9.153D-06 -5.450D-01
 -4.915D-06 -1.230D+00
 -1.679D-05 -4.249D-01
 -6.966D-06 -4.645D-01
 -2.881D-05 -5.675D-01
 -9.644D-06 -1.498D-01
 -4.724D-05 -8.736D-01
 -1.287D-05  2.837D-02
 -7.533D-05 -1.357D+00
 -1.672D-05  2.323D-01
 -1.172D-04 -1.644D+00
 -2.099D-05  3.896D-01
 -1.827D-04 -1.986D+00
 -2.562D-05  5.262D-01
 -2.812D-04 -2.312D+00
 -3.051D-05  6.563D-01
 -4.099D-04 -1.964D+00
 -3.553D-05  7.897D-01
 -6.040D-04 -1.675D+00
 -4.051D-05  9.347D-01
 -9.094D-04 -1.414D+00
 -4.518D-05  1.101D+00
 -1.415D-03 -1.110D+00
 -4.942D-05  1.286D+00
 -2.346D-03 -7.126D-01
 -5.243D-05  1.523D+00
 -4.744D-03 -3.719D-01
 -5.420D-05  1.879D+00
 -1.726D-06  7.906D-01
 -2.758D-06 -2.179D+00
 -2.365D-06 -1.725D+00
 -4.641D-06 -1.066D-02
 -3.028D-06 -9.937D-01
 -8.952D-06  5.476D-01
 -4.172D-06  1.020D-01
 -1.574D-05  5.185D-01
 -5.952D-06  7.334D-01
 -2.595D-05  2.463D-01
 -8.093D-06  1.061D+00
 -4.128D-05 -1.314D-01
 -1.063D-05  1.255D+00
 -6.524D-05 -5.192D-01
 -1.349D-05  1.397D+00
 -1.026D-04 -1.090D+00
 -1.662D-05  1.515D+00
 -1.595D-04 -1.620D+00
 -1.996D-05  1.623D+00
 -2.501D-04 -2.031D+00
 -2.377D-05  1.740D+00
 -3.837D-04 -2.234D+00
 -2.778D-05  1.866D+00
 -5.659D-04 -1.864D+00
 -3.184D-05  2.005D+00
 -8.547D-04 -1.549D+00
 -3.576D-05  2.167D+00
 -1.338D-03 -1.232D+00
 -3.928D-05  2.366D+00
 -2.234D-03 -8.307D-01
 -4.207D-05  2.613D+00
 -4.526D-03 -4.390D-01
 -4.328D-05  2.958D+00
 -1.796D-06 -3.352D-01
 -1.728D-06 -3.310D-01
 -2.440D-06  2.080D-01
 -2.034D-06 -1.483D+00
 -4.666D-06  1.458D+00
 -2.558D-06  6.855D-01
 -8.479D-06  1.626D+00
 -3.591D-06  1.513D+00
 -1.435D-05  1.498D+00
 -5.131D-06  1.932D+00
 -2.327D-05  1.216D+00
 -6.981D-06  2.187D+00
 -3.665D-05  7.899D-01
 -9.088D-06  2.364D+00
 -5.648D-05  2.031D-01
 -1.145D-05  2.498D+00
 -8.735D-05 -3.597D-01
 -1.406D-05  2.608D+00
 -1.378D-04 -1.034D+00
 -1.684D-05  2.712D+00
 -2.166D-04 -1.667D+00
 -1.975D-05  2.819D+00
 -3.479D-04 -2.224D+00
 -2.270D-05  2.933D+00
 -5.277D-04 -2.080D+00
 -2.559D-05  3.063D+00
 -7.991D-04 -1.707D+00
 -2.912D-05  3.181D+00
 -1.260D-03 -1.371D+00
 -3.275D-05  3.322D+00
 -2.123D-03 -9.614D-01
 -3.600D-05  3.514D+00
 -4.313D-03 -5.091D-01
 -3.813D-05  3.812D+00
 -1.485D-06  7.885D-01
 -1.541D-06 -1.020D+00
 -1.657D-06 -2.288D+00
 -2.532D-06  2.120D+00
 -1.598D-06  8.742D-01
 -4.882D-06  2.645D+00
 -2.291D-06  2.198D+00
 -8.504D-06  2.650D+00
 -3.302D-06  2.768D+00
 -1.380D-05  2.451D+00
 -4.531D-06  3.071D+00
 -2.144D-05  2.098D+00
 -6.227D-06  3.214D+00
 -3.187D-05  1.626D+00
 -8.146D-06  3.325D+00
 -4.898D-05  1.092D+00
 -1.028D-05  3.417D+00
 -7.536D-05  3.862D-01
 -1.262D-05  3.503D+00
 -1.166D-04 -3.526D-01
 -1.513D-05  3.588D+00
 -1.869D-04 -1.173D+00
 -1.778D-05  3.677D+00
 -3.003D-04 -1.809D+00
 -2.051D-05  3.777D+00
 -4.899D-04 -2.357D+00
 -2.325D-05  3.893D+00
 -7.442D-04 -1.878D+00
 -2.585D-05  4.033D+00
 -1.182D-03 -1.502D+00
 -2.827D-05  4.203D+00
 -2.015D-03 -1.107D+00
 -3.231D-05  4.285D+00
 -4.104D-03 -5.827D-01
 -3.596D-05  4.449D+00
 -1.412D-06 -5.048D-01
 -1.358D-06 -4.997D-01
 -1.355D-06  2.244D+00
 -1.093D-06  3.007D-01
 -2.869D-06  3.367D+00
 -1.439D-06  2.668D+00
 -5.337D-06  3.532D+00
 -2.241D-06  3.388D+00
 -8.817D-06  3.449D+00
 -3.283D-06  3.734D+00
 -1.345D-05  3.245D+00
 -4.484D-06  3.956D+00
 -1.952D-05  2.950D+00
 -5.847D-06  4.116D+00
 -2.940D-05  2.483D+00
 -7.536D-06  4.194D+00
 -4.327D-05  1.886D+00
 -9.571D-06  4.228D+00
 -6.445D-05  1.204D+00
 -1.182D-05  4.265D+00
 -9.992D-05  3.673D-01
 -1.428D-05  4.306D+00
 -1.575D-04 -4.919D-01
 -1.693D-05  4.353D+00
 -2.602D-04 -1.560D+00
 -1.973D-05  4.410D+00
 -4.325D-04 -2.125D+00
 -2.265D-05  4.481D+00
 -6.905D-04 -2.072D+00
 -2.559D-05  4.573D+00
 -1.103D-03 -1.631D+00
 -2.839D-05  4.698D+00
 -1.899D-03 -1.212D+00
 -3.108D-05  4.855D+00
 -3.902D-03 -6.603D-01
 -3.729D-05  4.782D+00
 -1.289D-06  7.862D-01
 -8.393D-07  7.311D-01
 -1.004D-06 -1.658D+00
 -1.634D-06  3.869D+00
 -9.165D-07  2.788D+00
 -3.381D-06  4.236D+00
 -1.487D-06  3.921D+00
 -5.901D-06  4.247D+00
 -2.367D-06  4.271D+00
 -9.042D-06  4.184D+00
 -3.505D-06  4.423D+00
 -1.340D-05  3.970D+00
 -4.809D-06  4.540D+00
 -1.969D-05  3.606D+00
 -6.284D-06  4.634D+00
 -2.746D-05  3.202D+00
 -7.925D-06  4.715D+00
 -3.877D-05  2.682D+00
 -9.719D-06  4.791D+00
 -5.695D-05  1.973D+00
 -1.178D-05  4.839D+00
 -8.503D-05  1.150D+00
 -1.444D-05  4.806D+00
 -1.339D-04  1.361D-01
 -1.741D-05  4.781D+00
 -2.202D-04 -8.277D-01
 -2.068D-05  4.763D+00
 -3.727D-04 -1.777D+00
 -2.427D-05  4.752D+00
 -6.378D-04 -2.315D+00
 -2.815D-05  4.753D+00
 -1.025D-03 -1.778D+00
 -3.228D-05  4.771D+00
 -1.785D-03 -1.323D+00
 -3.647D-05  4.824D+00
 -3.705D-03 -7.424D-01
 -4.457D-05  4.650D+00
 -1.112D-06 -7.088D-01
 -1.070D-06 -7.027D-01
 -8.882D-07  3.922D+00
 -6.257D-07  2.204D+00
 -2.210D-06  4.666D+00
 -1.005D-06  4.201D+00
 -4.104D-06  4.827D+00
 -1.734D-06  4.666D+00
 -6.714D-06  4.785D+00
 -2.754D-06  4.773D+00
 -1.026D-05  4.616D+00
 -4.133D-06  4.740D+00
 -1.467D-05  4.405D+00
 -5.725D-06  4.740D+00
 -1.961D-05  4.201D+00
 -7.539D-06  4.749D+00
 -2.646D-05  3.857D+00
 -9.577D-06  4.764D+00
 -3.680D-05  3.327D+00
 -1.184D-05  4.782D+00
 -5.037D-05  2.728D+00
 -1.432D-05  4.804D+00
 -7.443D-05  1.884D+00
 -1.700D-05  4.832D+00
 -1.142D-04  9.191D-01
 -2.010D-05  4.831D+00
 -1.853D-04 -2.660D-01
 -2.463D-05  4.693D+00
 -3.222D-04 -1.467D+00
 -2.994D-05  4.552D+00
 -5.740D-04 -2.297D+00
 -3.620D-05  4.404D+00
 -9.510D-04 -1.929D+00
 -4.372D-05  4.243D+00
 -1.673D-03 -1.447D+00
 -5.297D-05  4.063D+00
 -3.515D-03 -8.297D-01
 -6.498D-05  3.847D+00
 -1.126D-06  7.838D-01
 -4.930D-07  2.549D+00
 -5.698D-07 -2.727D-01
 -1.456D-06  4.733D+00
 -6.664D-07  4.220D+00
 -3.380D-06  4.764D+00
 -1.351D-06  4.729D+00
 -5.902D-06  4.776D+00
 -2.368D-06  4.777D+00
 -9.051D-06  4.744D+00
 -3.691D-06  4.745D+00
 -1.264D-05  4.714D+00
 -5.652D-06  4.522D+00
 -1.616D-05  4.742D+00
 -7.963D-06  4.384D+00
 -2.070D-05  4.625D+00
 -1.065D-05  4.284D+00
 -2.735D-05  4.296D+00
 -1.374D-05  4.204D+00
 -3.427D-05  3.984D+00
 -1.727D-05  4.134D+00
 -4.776D-05  3.334D+00
 -2.128D-05  4.068D+00
 -6.571D-05  2.613D+00
 -2.583D-05  4.003D+00
 -9.756D-05  1.606D+00
 -3.097D-05  3.937D+00
 -1.586D-04  4.486D-01
 -3.679D-05  3.868D+00
 -2.724D-04 -8.022D-01
 -4.342D-05  3.793D+00
 -4.949D-04 -1.921D+00
 -5.101D-05  3.710D+00
 -8.789D-04 -2.105D+00
 -5.982D-05  3.617D+00
 -1.563D-03 -1.552D+00
 -7.028D-05  3.507D+00
 -3.331D-03 -9.231D-01
 -8.332D-05  3.369D+00
 -8.771D-07 -9.634D-01
 -8.443D-07 -9.557D-01
 -8.077D-07  4.714D+00
 -4.199D-07  3.781D+00
 -2.885D-06  4.320D+00
 -1.000D-06  4.725D+00
 -6.058D-06  4.111D+00
 -2.243D-06  4.342D+00
 -9.695D-06  4.144D+00
 -4.074D-06  4.010D+00
 -1.334D-05  4.301D+00
 -6.301D-06  3.850D+00
 -1.630D-05  4.588D+00
 -8.943D-06  3.755D+00
 -1.958D-05  4.761D+00
 -1.202D-05  3.688D+00
 -2.434D-05  4.688D+00
 -1.554D-05  3.636D+00
 -2.732D-05  4.776D+00
 -1.955D-05  3.591D+00
 -3.596D-05  4.339D+00
 -2.406D-05  3.550D+00
 -4.396D-05  3.970D+00
 -2.912D-05  3.510D+00
 -6.102D-05  3.214D+00
 -3.476D-05  3.469D+00
 -8.683D-05  2.326D+00
 -4.105D-05  3.427D+00
 -1.343D-04  1.140D+00
 -4.805D-05  3.382D+00
 -2.296D-04 -2.841D-01
 -5.589D-05  3.332D+00
 -4.291D-04 -1.685D+00
 -6.470D-05  3.276D+00
 -8.099D-04 -2.318D+00
 -7.470D-05  3.212D+00
 -1.456D-03 -1.661D+00
 -8.630D-05  3.135D+00
 -3.154D-03 -1.024D+00
 -1.003D-04  3.037D+00
 -9.894D-07  7.812D-01
 -3.343D-07  4.081D+00
 -3.269D-07  1.426D+00
 -2.170D-06  3.918D+00
 -6.628D-07  4.717D+00
 -5.570D-06  3.582D+00
 -2.016D-06  3.901D+00
 -9.891D-06  3.542D+00
 -3.916D-06  3.574D+00
 -1.483D-05  3.595D+00
 -6.271D-06  3.431D+00
 -1.996D-05  3.713D+00
 -9.093D-06  3.350D+00
 -2.468D-05  3.900D+00
 -1.240D-05  3.296D+00
 -2.812D-05  4.187D+00
 -1.620D-05  3.256D+00
 -2.894D-05  4.654D+00
 -2.051D-05  3.223D+00
 -3.328D-05  4.680D+00
 -2.536D-05  3.193D+00
 -3.652D-05  4.717D+00
 -3.077D-05  3.165D+00
 -4.571D-05  4.305D+00
 -3.677D-05  3.137D+00
 -5.660D-05  3.807D+00
 -4.341D-05  3.109D+00
 -7.679D-05  2.966D+00
 -5.074D-05  3.078D+00
 -1.172D-04  1.811D+00
 -5.881D-05  3.045D+00
 -1.967D-04  4.013D-01
 -6.774D-05  3.009D+00
 -3.666D-04 -1.145D+00
 -7.764D-05  2.967D+00
 -7.381D-04 -2.436D+00
 -8.872D-05  2.919D+00
 -1.351D-03 -1.784D+00
 -1.013D-04  2.861D+00
 -2.983D-03 -1.132D+00
 -1.163D-04  2.786D+00
 -6.890D-07 -1.232D+00
 -6.636D-07 -1.226D+00
 -1.188D-06  3.922D+00
 -3.569D-07  4.719D+00
 -4.428D-06  3.267D+00
 -1.577D-06  3.674D+00
 -8.902D-06  3.169D+00
 -3.447D-06  3.284D+00
 -1.441D-05  3.175D+00
 -5.818D-06  3.136D+00
 -2.065D-05  3.230D+00
 -8.702D-06  3.059D+00
 -2.722D-05  3.326D+00
 -1.211D-05  3.011D+00
 -3.354D-05  3.466D+00
 -1.605D-05  2.977D+00
 -3.885D-05  3.667D+00
 -2.054D-05  2.950D+00
 -4.205D-05  3.964D+00
 -2.559D-05  2.927D+00
 -4.141D-05  4.441D+00
 -3.122D-05  2.905D+00
 -4.291D-05  4.667D+00
 -3.746D-05  2.884D+00
 -4.539D-05  4.704D+00
 -4.433D-05  2.863D+00
 -5.670D-05  4.192D+00
 -5.188D-05  2.842D+00
 -7.320D-05  3.494D+00
 -6.014D-05  2.818D+00
 -1.031D-04  2.475D+00
 -6.917D-05  2.792D+00
 -1.669D-04  1.056D+00
 -7.907D-05  2.764D+00
 -3.103D-04 -5.977D-01
 -8.995D-05  2.731D+00
 -6.380D-04 -2.055D+00
 -1.020D-04  2.694D+00
 -1.253D-03 -1.907D+00
 -1.155D-04  2.648D+00
 -2.815D-03 -1.231D+00
 -1.312D-04  2.588D+00
 -8.747D-07  7.785D-01
 -3.243D-07  4.659D+00
 -2.128D-07  3.033D+00
 -3.035D-06  3.093D+00
 -1.044D-06  3.654D+00
 -7.299D-06  2.915D+00
 -2.805D-06  3.089D+00
 -1.289D-05  2.888D+00
 -5.105D-06  2.918D+00
 -1.961D-05  2.909D+00
 -7.955D-06  2.838D+00
 -2.714D-05  2.962D+00
 -1.136D-05  2.792D+00
 -3.510D-05  3.042D+00
 -1.533D-05  2.760D+00
 -4.295D-05  3.153D+00
 -1.988D-05  2.737D+00
 -4.997D-05  3.308D+00
 -2.502D-05  2.717D+00
 -5.517D-05  3.524D+00
 -3.076D-05  2.700D+00
 -5.713D-05  3.845D+00
 -3.713D-05  2.684D+00
 -5.354D-05  4.372D+00
 -4.413D-05  2.667D+00
 -5.308D-05  4.632D+00
 -5.180D-05  2.651D+00
 -5.558D-05  4.602D+00
 -6.017D-05  2.633D+00
 -6.787D-05  4.026D+00
 -6.927D-05  2.614D+00
 -9.364D-05  3.043D+00
 -7.917D-05  2.593D+00
 -1.450D-04  1.687D+00
 -8.994D-05  2.570D+00
 -2.635D-04 -9.426D-02
 -1.017D-04  2.543D+00
 -5.547D-04 -1.803D+00
 -1.146D-04  2.513D+00
 -1.158D-03 -2.044D+00
 -1.289D-04  2.475D+00
 -2.646D-03 -1.311D+00
 -1.453D-04  2.426D+00
 -5.355D-07 -1.479D+00
 -5.160D-07 -1.473D+00
 -1.655D-06  3.103D+00
 -4.951D-07  4.109D+00
 -5.452D-06  2.741D+00
 -2.089D-06  2.977D+00
 -1.079D-05  2.678D+00
 -4.248D-06  2.756D+00
 -1.753D-05  2.677D+00
 -6.987D-06  2.665D+00
 -2.545D-05  2.704D+00
 -1.031D-05  2.617D+00
 -3.425D-05  2.752D+00
 -1.423D-05  2.587D+00
 -4.357D-05  2.821D+00
 -1.875D-05  2.565D+00
 -5.288D-05  2.913D+00
 -2.388D-05  2.547D+00
 -6.152D-05  3.037D+00
 -2.964D-05  2.533D+00
 -6.854D-05  3.207D+00
 -3.602D-05  2.519D+00
 -7.269D-05  3.446D+00
 -4.306D-05  2.506D+00
 -7.204D-05  3.808D+00
 -5.076D-05  2.492D+00
 -6.334D-05  4.436D+00
 -5.916D-05  2.479D+00
 -6.299D-05  4.589D+00
 -6.827D-05  2.464D+00
 -6.933D-05  4.326D+00
 -7.814D-05  2.448D+00
 -8.734D-05  3.567D+00
 -8.882D-05  2.431D+00
 -1.279D-04  2.322D+00
 -1.004D-04  2.411D+00
 -2.259D-04  5.833D-01
 -1.129D-04  2.389D+00
 -4.800D-04 -1.474D+00
 -1.265D-04  2.363D+00
 -1.067D-03 -2.203D+00
 -1.415D-04  2.331D+00
 -2.484D-03 -1.396D+00
 -1.585D-04  2.290D+00
 -7.773D-07  7.755D-01
 -4.643D-07  3.904D+00
 -1.667D-07  4.183D+00
 -3.616D-06  2.639D+00
 -1.374D-06  2.971D+00
 -8.455D-06  2.522D+00
 -3.336D-06  2.638D+00
 -1.489D-05  2.500D+00
 -5.903D-06  2.528D+00
 -2.277D-05  2.510D+00
 -9.081D-06  2.475D+00
 -3.189D-05  2.539D+00
 -1.288D-05  2.443D+00
 -4.194D-05  2.582D+00
 -1.729D-05  2.422D+00
 -5.258D-05  2.642D+00
 -2.234D-05  2.406D+00
 -6.330D-05  2.720D+00
 -2.802D-05  2.393D+00
 -7.345D-05  2.824D+00
 -3.435D-05  2.381D+00
 -8.219D-05  2.961D+00
 -4.133D-05  2.370D+00
 -8.830D-05  3.150D+00
 -4.899D-05  2.359D+00
 -9.009D-05  3.423D+00
 -5.734D-05  2.347D+00
 -8.492D-05  3.854D+00
 -6.640D-05  2.336D+00
 -6.771D-05  4.684D+00
 -7.619D-05  2.323D+00
 -7.012D-05  4.599D+00
 -8.675D-05  2.309D+00
 -8.279D-05  4.014D+00
 -9.812D-05  2.294D+00
 -1.136D-04  2.888D+00
 -1.104D-04  2.277D+00
 -1.921D-04  1.164D+00
 -1.236D-04  2.258D+00
 -4.086D-04 -9.135D-01
 -1.378D-04  2.236D+00
 -9.845D-04 -2.390D+00
 -1.535D-04  2.208D+00
 -2.329D-03 -1.488D+00
 -1.710D-04  2.173D+00
 -4.122D-07 -1.700D+00
 -3.973D-07 -1.693D+00
 -1.971D-06  2.648D+00
 -7.110D-07  3.207D+00
 -6.132D-06  2.408D+00
 -2.436D-06  2.568D+00
 -1.204D-05  2.362D+00
 -4.783D-06  2.420D+00
 -1.958D-05  2.358D+00
 -7.760D-06  2.357D+00
 -2.859D-05  2.373D+00
 -1.137D-05  2.323D+00
 -3.888D-05  2.401D+00
 -1.562D-05  2.302D+00
 -5.015D-05  2.440D+00
 -2.052D-05  2.286D+00
 -6.205D-05  2.493D+00
 -2.606D-05  2.274D+00
 -7.412D-05  2.560D+00
 -3.226D-05  2.263D+00
 -8.573D-05  2.648D+00
 -3.913D-05  2.253D+00
 -9.606D-05  2.763D+00
 -4.668D-05  2.244D+00
 -1.040D-04  2.918D+00
 -5.491D-05  2.234D+00
 -1.079D-04  3.134D+00
 -6.385D-05  2.224D+00
 -1.056D-04  3.459D+00
 -7.351D-05  2.214D+00
 -9.308D-05  4.010D+00
 -8.391D-05  2.203D+00
 -7.867D-05  4.569D+00
 -9.508D-05  2.191D+00
 -8.283D-05  4.326D+00
 -1.071D-04  2.178D+00
 -1.072D-04  3.368D+00
 -1.199D-04  2.163D+00
 -1.696D-04  1.769D+00
 -1.337D-04  2.146D+00
 -3.488D-04 -4.671D-01
 -1.486D-04  2.126D+00
 -8.963D-04 -2.481D+00
 -1.647D-04  2.102D+00
 -2.179D-03 -1.569D+00
 -1.826D-04  2.072D+00
 -6.941D-07  7.724D-01
 -6.373D-07  3.111D+00
 -1.645D-07  4.608D+00
 -4.000D-06  2.339D+00
 -1.597D-06  2.566D+00
 -9.203D-06  2.253D+00
 -3.688D-06  2.340D+00
 -1.618D-05  2.236D+00
 -6.423D-06  2.261D+00
 -2.481D-05  2.240D+00
 -9.806D-06  2.222D+00
 -3.494D-05  2.257D+00
 -1.384D-05  2.199D+00
 -4.637D-05  2.283D+00
 -1.853D-05  2.183D+00
 -5.882D-05  2.319D+00
 -2.388D-05  2.171D+00
 -7.194D-05  2.366D+00
 -2.990D-05  2.161D+00
 -8.529D-05  2.425D+00
 -3.659D-05  2.152D+00
 -9.827D-05  2.501D+00
 -4.396D-05  2.144D+00
 -1.101D-04  2.599D+00
 -5.203D-05  2.135D+00
 -1.197D-04  2.729D+00
 -6.079D-05  2.127D+00
 -1.257D-04  2.906D+00
 -7.026D-05  2.118D+00
 -1.258D-04  3.164D+00
 -8.046D-05  2.109D+00
 -1.167D-04  3.572D+00
 -9.141D-05  2.099D+00
 -9.223D-05  4.359D+00
 -1.031D-04  2.088D+00
 -8.460D-05  4.539D+00
 -1.157D-04  2.076D+00
 -9.676D-05  3.896D+00
 -1.291D-04  2.063D+00
 -1.493D-04  2.350D+00
 -1.434D-04  2.048D+00
 -3.000D-04  8.178D-02
 -1.587D-04  2.030D+00
 -7.803D-04 -2.141D+00
 -1.753D-04  2.009D+00
 -2.034D-03 -1.646D+00
 -1.936D-04  1.982D+00
 -3.152D-07 -1.960D+00
 -3.038D-07 -1.952D+00
 -2.180D-06  2.347D+00
 -8.576D-07  2.720D+00
 -6.563D-06  2.171D+00
 -2.663D-06  2.291D+00
 -1.281D-05  2.136D+00
 -5.124D-06  2.182D+00
 -2.085D-05  2.131D+00
 -8.243D-06  2.135D+00
 -3.056D-05  2.140D+00
 -1.202D-05  2.110D+00
 -4.177D-05  2.157D+00
 -1.647D-05  2.093D+00
 -5.430D-05  2.182D+00
 -2.158D-05  2.081D+00
 -6.788D-05  2.214D+00
 -2.737D-05  2.072D+00
 -8.217D-05  2.256D+00
 -3.384D-05  2.063D+00
 -9.675D-05  2.308D+00
 -4.098D-05  2.056D+00
 -1.110D-04  2.374D+00
 -4.882D-05  2.048D+00
 -1.243D-04  2.459D+00
 -5.736D-05  2.041D+00
 -1.355D-04  2.570D+00
 -6.660D-05  2.033D+00
 -1.433D-04  2.720D+00
 -7.656D-05  2.025D+00
 -1.456D-04  2.931D+00
 -8.725D-05  2.017D+00
 -1.395D-04  3.252D+00
 -9.869D-05  2.008D+00
 -1.198D-04  3.811D+00
 -1.109D-04  1.998D+00
 -9.329D-05  4.525D+00
 -1.239D-04  1.987D+00
 -9.889D-05  4.139D+00
 -1.378D-04  1.975D+00
 -1.344D-04  2.864D+00
 -1.525D-04  1.961D+00
 -2.581D-04  6.689D-01
 -1.683D-04  1.945D+00
 -6.841D-04 -1.905D+00
 -1.853D-04  1.926D+00
 -1.896D-03 -1.728D+00
 -2.038D-04  1.901D+00
 -6.224D-07  7.692D-01
 -7.555D-07  2.662D+00
 -2.396D-07  3.734D+00
 -4.239D-06  2.121D+00
 -1.745D-06  2.290D+00
 -9.651D-06  2.055D+00
 -3.907D-06  2.122D+00
 -1.694D-05  2.040D+00
 -6.735D-06  2.062D+00
 -2.602D-05  2.041D+00
 -1.023D-05  2.032D+00
 -3.677D-05  2.052D+00
 -1.440D-05  2.014D+00
 -4.904D-05  2.069D+00
 -1.924D-05  2.002D+00
 -6.263D-05  2.092D+00
 -2.476D-05  1.992D+00
 -7.729D-05  2.121D+00
 -3.096D-05  1.984D+00
 -9.269D-05  2.159D+00
 -3.784D-05  1.977D+00
 -1.084D-04  2.205D+00
 -4.542D-05  1.971D+00
 -1.239D-04  2.264D+00
 -5.368D-05  1.964D+00
 -1.385D-04  2.338D+00
 -6.266D-05  1.957D+00
 -1.512D-04  2.435D+00
 -7.234D-05  1.950D+00
 -1.607D-04  2.563D+00
 -8.273D-05  1.943D+00
 -1.650D-04  2.740D+00
 -9.386D-05  1.935D+00
 -1.615D-04  3.002D+00
 -1.057D-04  1.927D+00
 -1.456D-04  3.432D+00
 -1.184D-04  1.917D+00
 -1.082D-04  4.318D+00
 -1.318D-04  1.907D+00
 -9.367D-05  4.534D+00
 -1.461D-04  1.896D+00
 -1.258D-04  3.321D+00
 -1.612D-04  1.883D+00
 -2.195D-04  1.195D+00
 -1.774D-04  1.868D+00
 -5.992D-04 -1.731D+00
 -1.946D-04  1.851D+00
 -1.764D-03 -1.817D+00
 -2.134D-04  1.829D+00
 -2.396D-07 -2.308D+00
 -2.310D-07 -2.296D+00
 -2.312D-06  2.128D+00
 -9.568D-07  2.401D+00
 -6.809D-06  1.992D+00
 -2.803D-06  2.085D+00
 -1.324D-05  1.964D+00
 -5.320D-06  2.002D+00
 -2.155D-05  1.958D+00
 -8.509D-06  1.965D+00
 -3.164D-05  1.963D+00
 -1.237D-05  1.945D+00
 -4.341D-05  1.974D+00
 -1.691D-05  1.931D+00
 -5.669D-05  1.990D+00
 -2.213D-05  1.922D+00
 -7.130D-05  2.012D+00
 -2.804D-05  1.914D+00
 -8.699D-05  2.039D+00
 -3.462D-05  1.907D+00
 -1.034D-04  2.073D+00
 -4.190D-05  1.901D+00
 -1.203D-04  2.114D+00
 -4.987D-05  1.895D+00
 -1.369D-04  2.167D+00
 -5.853D-05  1.889D+00
 -1.527D-04  2.232D+00
 -6.790D-05  1.882D+00
 -1.668D-04  2.317D+00
 -7.797D-05  1.876D+00
 -1.779D-04  2.428D+00
 -8.877D-05  1.869D+00
 -1.841D-04  2.580D+00
 -1.003D-04  1.862D+00
 -1.830D-04  2.799D+00
 -1.125D-04  1.854D+00
 -1.703D-04  3.144D+00
 -1.256D-04  1.845D+00
 -1.385D-04  3.787D+00
 -1.394D-04  1.835D+00
 -1.056D-04  4.445D+00
 -1.540D-04  1.825D+00
 -1.133D-04  3.820D+00
 -1.694D-04  1.813D+00
 -1.964D-04  1.763D+00
 -1.859D-04  1.799D+00
 -5.159D-04 -1.198D+00
 -2.034D-04  1.783D+00
 -1.640D-03 -1.900D+00
 -2.224D-04  1.763D+00
 -5.604D-07  7.658D-01
 -8.352D-07  2.360D+00
 -3.145D-07  3.039D+00
 -4.369D-06  1.953D+00
 -1.836D-06  2.085D+00
 -9.874D-06  1.900D+00
 -4.027D-06  1.955D+00
 -1.731D-05  1.887D+00
 -6.892D-06  1.907D+00
 -2.661D-05  1.887D+00
 -1.043D-05  1.883D+00
 -3.769D-05  1.893D+00
 -1.465D-05  1.869D+00
 -5.043D-05  1.905D+00
 -1.955D-05  1.858D+00
 -6.468D-05  1.920D+00
 -2.513D-05  1.851D+00
 -8.025D-05  1.940D+00
 -3.140D-05  1.844D+00
 -9.692D-05  1.965D+00
 -3.835D-05  1.838D+00
 -1.144D-04  1.995D+00
 -4.598D-05  1.832D+00
 -1.322D-04  2.033D+00
 -5.432D-05  1.827D+00
 -1.500D-04  2.079D+00
 -6.334D-05  1.821D+00
 -1.669D-04  2.138D+00
 -7.307D-05  1.815D+00
 -1.823D-04  2.213D+00
 -8.350D-05  1.809D+00
 -1.948D-04  2.310D+00
 -9.465D-05  1.802D+00
 -2.028D-04  2.442D+00
 -1.065D-04  1.795D+00
 -2.038D-04  2.629D+00
 -1.191D-04  1.787D+00
 -1.939D-04  2.915D+00
 -1.325D-04  1.779D+00
 -1.667D-04  3.414D+00
 -1.466D-04  1.770D+00
 -1.100D-04  4.544D+00
 -1.615D-04  1.760D+00
 -1.152D-04  4.044D+00
 -1.772D-04  1.749D+00
 -1.735D-04  2.289D+00
 -1.939D-04  1.736D+00
 -4.455D-04 -7.672D-01
 -2.116D-04  1.721D+00
 -1.522D-03 -1.990D+00
 -2.307D-04  1.702D+00
 -1.675D-07 -1.896D+00
 -1.619D-07 -1.911D+00
 -2.385D-06  1.959D+00
 -1.021D-06  2.169D+00
 -6.916D-06  1.850D+00
 -2.877D-06  1.926D+00
 -1.341D-05  1.826D+00
 -5.408D-06  1.858D+00
 -2.182D-05  1.821D+00
 -8.613D-06  1.829D+00
 -3.209D-05  1.823D+00
 -1.250D-05  1.812D+00
 -4.411D-05  1.831D+00
 -1.706D-05  1.801D+00
 -5.778D-05  1.842D+00
 -2.230D-05  1.793D+00
 -7.296D-05  1.856D+00
 -2.822D-05  1.786D+00
 -8.945D-05  1.874D+00
 -3.482D-05  1.781D+00
 -1.070D-04  1.897D+00
 -4.211D-05  1.775D+00
 -1.254D-04  1.925D+00
 -5.008D-05  1.770D+00
 -1.442D-04  1.959D+00
 -5.875D-05  1.765D+00
 -1.630D-04  2.001D+00
 -6.811D-05  1.759D+00
 -1.810D-04  2.053D+00
 -7.816D-05  1.753D+00
 -1.976D-04  2.120D+00
 -8.891D-05  1.747D+00
 -2.115D-04  2.206D+00
 -1.004D-04  1.741D+00
 -2.211D-04  2.322D+00
 -1.125D-04  1.734D+00
 -2.240D-04  2.484D+00
 -1.254D-04  1.727D+00
 -2.168D-04  2.726D+00
 -1.390D-04  1.719D+00
 -1.933D-04  3.130D+00
 -1.534D-04  1.710D+00
 -1.413D-04  3.990D+00
 -1.686D-04  1.701D+00
 -1.095D-04  4.402D+00
 -1.845D-04  1.690D+00
 -1.565D-04  2.761D+00
 -2.014D-04  1.678D+00
 -3.822D-04 -3.950D-01
 -2.193D-04  1.664D+00
 -1.410D-03 -2.089D+00
 -2.384D-04  1.646D+00
 -5.064D-07  7.622D-01
 -8.864D-07  2.139D+00
 -3.665D-07  2.623D+00
 -4.419D-06  1.819D+00
 -1.885D-06  1.925D+00
 -9.931D-06  1.775D+00
 -4.073D-06  1.820D+00
 -1.739D-05  1.763D+00
 -6.934D-06  1.781D+00
 -2.675D-05  1.762D+00
 -1.047D-05  1.761D+00
 -3.794D-05  1.766D+00
 -1.468D-05  1.749D+00
 -5.087D-05  1.774D+00
 -1.957D-05  1.741D+00
 -6.543D-05  1.784D+00
 -2.513D-05  1.734D+00
 -8.148D-05  1.798D+00
 -3.137D-05  1.728D+00
 -9.883D-05  1.815D+00
 -3.829D-05  1.723D+00
 -1.173D-04  1.835D+00
 -4.590D-05  1.718D+00
 -1.365D-04  1.861D+00
 -5.418D-05  1.713D+00
 -1.562D-04  1.891D+00
 -6.315D-05  1.708D+00
 -1.759D-04  1.929D+00
 -7.281D-05  1.703D+00
 -1.950D-04  1.977D+00
 -8.315D-05  1.697D+00
 -2.126D-04  2.036D+00
 -9.419D-05  1.691D+00
 -2.278D-04  2.113D+00
 -1.059D-04  1.685D+00
 -2.389D-04  2.216D+00
 -1.183D-04  1.678D+00
 -2.437D-04  2.357D+00
 -1.315D-04  1.671D+00
 -2.388D-04  2.566D+00
 -1.453D-04  1.663D+00
 -2.186D-04  2.903D+00
 -1.599D-04  1.655D+00
 -1.726D-04  3.563D+00
 -1.753D-04  1.646D+00
 -1.195D-04  4.374D+00
 -1.914D-04  1.635D+00
 -1.466D-04  3.180D+00
 -2.084D-04  1.624D+00
 -3.334D-04  1.697D-01
 -2.264D-04  1.610D+00
 -1.304D-03 -2.198D+00
 -2.456D-04  1.594D+00
 -1.136D-07 -1.200D+00
 -1.099D-07 -1.229D+00
 -2.415D-06  1.823D+00
 -1.059D-06  1.992D+00
 -6.920D-06  1.734D+00
 -2.902D-06  1.796D+00
 -1.339D-05  1.713D+00
 -5.414D-06  1.741D+00
 -2.178D-05  1.708D+00
 -8.596D-06  1.716D+00
 -3.205D-05  1.709D+00
 -1.245D-05  1.702D+00
 -4.413D-05  1.714D+00
 -1.697D-05  1.693D+00
 -5.792D-05  1.721D+00
 -2.217D-05  1.686D+00
 -7.332D-05  1.731D+00
 -2.804D-05  1.680D+00
 -9.020D-05  1.744D+00
 -3.458D-05  1.675D+00
 -1.084D-04  1.759D+00
 -4.180D-05  1.670D+00
 -1.276D-04  1.778D+00
 -4.969D-05  1.665D+00
 -1.477D-04  1.801D+00
 -5.826D-05  1.660D+00
 -1.682D-04  1.830D+00
 -6.751D-05  1.656D+00
 -1.888D-04  1.864D+00
 -7.743D-05  1.650D+00
 -2.088D-04  1.907D+00
 -8.803D-05  1.645D+00
 -2.274D-04  1.961D+00
 -9.932D-05  1.639D+00
 -2.437D-04  2.030D+00
 -1.113D-04  1.633D+00
 -2.562D-04  2.121D+00
 -1.239D-04  1.627D+00
 -2.627D-04  2.246D+00
 -1.373D-04  1.620D+00
 -2.600D-04  2.428D+00
 -1.514D-04  1.612D+00
 -2.428D-04  2.715D+00
 -1.661D-04  1.604D+00
 -2.017D-04  3.245D+00
 -1.816D-04  1.595D+00
 -1.254D-04  4.429D+00
 -1.979D-04  1.585D+00
 -1.315D-04  3.657D+00
 -2.150D-04  1.574D+00
 -2.901D-04  6.633D-01
 -2.331D-04  1.561D+00
 -1.207D-03 -2.319D+00
 -2.523D-04  1.545D+00
 -4.592D-07  7.584D-01
 -9.159D-07  1.968D+00
 -4.020D-07  2.335D+00
 -4.409D-06  1.707D+00
 -1.902D-06  1.795D+00
 -9.864D-06  1.670D+00
 -4.064D-06  1.709D+00
 -1.726D-05  1.660D+00
 -6.890D-06  1.676D+00
 -2.656D-05  1.658D+00
 -1.038D-05  1.659D+00
 -3.770D-05  1.660D+00
 -1.454D-05  1.649D+00
 -5.062D-05  1.665D+00
 -1.936D-05  1.641D+00
 -6.523D-05  1.673D+00
 -2.485D-05  1.635D+00
 -8.143D-05  1.682D+00
 -3.101D-05  1.630D+00
 -9.907D-05  1.694D+00
 -3.783D-05  1.626D+00
 -1.180D-04  1.708D+00
 -4.532D-05  1.621D+00
 -1.380D-04  1.726D+00
 -5.348D-05  1.617D+00
 -1.588D-04  1.747D+00
 -6.231D-05  1.612D+00
 -1.801D-04  1.772D+00
 -7.180D-05  1.607D+00
 -2.015D-04  1.804D+00
 -8.197D-05  1.602D+00
 -2.223D-04  1.843D+00
 -9.280D-05  1.597D+00
 -2.419D-04  1.891D+00
 -1.043D-04  1.591D+00
 -2.593D-04  1.954D+00
 -1.165D-04  1.585D+00
 -2.730D-04  2.036D+00
 -1.293D-04  1.578D+00
 -2.811D-04  2.147D+00
 -1.429D-04  1.572D+00
 -2.804D-04  2.307D+00
 -1.571D-04  1.564D+00
 -2.660D-04  2.555D+00
 -1.720D-04  1.556D+00
 -2.290D-04  2.995D+00
 -1.876D-04  1.547D+00
 -1.496D-04  4.075D+00
 -2.040D-04  1.538D+00
 -1.319D-04  3.879D+00
 -2.212D-04  1.527D+00
 -2.491D-04  1.131D+00
 -2.392D-04  1.514D+00
 -1.116D-03 -2.458D+00
 -2.584D-04  1.500D+00
 -7.522D-08 -2.385D-01
 -7.281D-08 -2.581D-01
 -2.411D-06  1.711D+00
 -1.076D-06  1.849D+00
 -6.848D-06  1.635D+00
 -2.890D-06  1.688D+00
 -1.322D-05  1.617D+00
 -5.361D-06  1.642D+00
 -2.151D-05  1.612D+00
 -8.490D-06  1.621D+00
 -3.167D-05  1.612D+00
 -1.228D-05  1.609D+00
 -4.365D-05  1.615D+00
 -1.673D-05  1.600D+00
 -5.737D-05  1.620D+00
 -2.183D-05  1.594D+00
 -7.276D-05  1.627D+00
 -2.760D-05  1.589D+00
 -8.970D-05  1.636D+00
 -3.402D-05  1.584D+00
 -1.081D-04  1.647D+00
 -4.111D-05  1.580D+00
 -1.277D-04  1.660D+00
 -4.885D-05  1.576D+00
 -1.484D-04  1.676D+00
 -5.725D-05  1.571D+00
 -1.699D-04  1.696D+00
 -6.631D-05  1.567D+00
 -1.919D-04  1.719D+00
 -7.603D-05  1.562D+00
 -2.140D-04  1.748D+00
 -8.641D-05  1.557D+00
 -2.356D-04  1.783D+00
 -9.744D-05  1.551D+00
 -2.561D-04  1.827D+00
 -1.091D-04  1.546D+00
 -2.744D-04  1.884D+00
 -1.215D-04  1.540D+00
 -2.893D-04  1.958D+00
 -1.345D-04  1.533D+00
 -2.988D-04  2.058D+00
 -1.482D-04  1.527D+00
 -3.000D-04  2.200D+00
 -1.625D-04  1.519D+00
 -2.881D-04  2.416D+00
 -1.775D-04  1.511D+00
 -2.549D-04  2.790D+00
 -1.932D-04  1.503D+00
 -1.832D-04  3.622D+00
 -2.097D-04  1.493D+00
 -1.271D-04  4.178D+00
 -2.269D-04  1.483D+00
 -2.247D-04  1.638D+00
 -2.449D-04  1.471D+00
 -1.022D-03 -2.546D+00
 -2.640D-04  1.456D+00
 -4.178D-07  7.545D-01
 -9.289D-07  1.829D+00
 -4.250D-07  2.120D+00
 -4.353D-06  1.613D+00
 -1.895D-06  1.687D+00
 -9.706D-06  1.581D+00
 -4.013D-06  1.614D+00
 -1.697D-05  1.572D+00
 -6.782D-06  1.586D+00
 -2.612D-05  1.569D+00
 -1.020D-05  1.572D+00
 -3.710D-05  1.570D+00
 -1.427D-05  1.563D+00
 -4.986D-05  1.574D+00
 -1.900D-05  1.556D+00
 -6.434D-05  1.579D+00
 -2.437D-05  1.551D+00
 -8.046D-05  1.585D+00
 -3.040D-05  1.546D+00
 -9.810D-05  1.593D+00
 -3.707D-05  1.542D+00
 -1.171D-04  1.603D+00
 -4.440D-05  1.537D+00
 -1.374D-04  1.616D+00
 -5.237D-05  1.533D+00
 -1.588D-04  1.630D+00
 -6.099D-05  1.529D+00
 -1.809D-04  1.648D+00
 -7.026D-05  1.524D+00
 -2.035D-04  1.669D+00
 -8.018D-05  1.519D+00
 -2.263D-04  1.696D+00
 -9.074D-05  1.514D+00
 -2.486D-04  1.728D+00
 -1.019D-04  1.509D+00
 -2.699D-04  1.768D+00
 -1.138D-04  1.503D+00
 -2.891D-04  1.820D+00
 -1.263D-04  1.497D+00
 -3.051D-04  1.887D+00
 -1.394D-04  1.491D+00
 -3.159D-04  1.977D+00
 -1.532D-04  1.484D+00
 -3.187D-04  2.104D+00
 -1.677D-04  1.477D+00
 -3.092D-04  2.295D+00
 -1.827D-04  1.469D+00
 -2.795D-04  2.617D+00
 -1.985D-04  1.460D+00
 -2.139D-04  3.290D+00
 -2.150D-04  1.451D+00
 -1.298D-04  4.299D+00
 -2.322D-04  1.441D+00
 -2.004D-04  2.099D+00
 -2.502D-04  1.429D+00
 -9.060D-04 -2.270D+00
 -2.692D-04  1.416D+00
 -5.135D-08  9.478D-01
 -4.968D-08  9.226D-01
 -2.383D-06  1.615D+00
 -1.079D-06  1.731D+00
 -6.719D-06  1.551D+00
 -2.850D-06  1.596D+00
 -1.296D-05  1.535D+00
 -5.263D-06  1.556D+00
 -2.107D-05  1.530D+00
 -8.319D-06  1.538D+00
 -3.103D-05  1.529D+00
 -1.202D-05  1.528D+00
 -4.280D-05  1.531D+00
 -1.636D-05  1.520D+00
 -5.631D-05  1.535D+00
 -2.134D-05  1.515D+00
 -7.151D-05  1.539D+00
 -2.697D-05  1.510D+00
 -8.830D-05  1.545D+00
 -3.323D-05  1.506D+00
 -1.066D-04  1.553D+00
 -4.014D-05  1.502D+00
 -1.263D-04  1.562D+00
 -4.768D-05  1.498D+00
 -1.472D-04  1.573D+00
 -5.587D-05  1.493D+00
 -1.691D-04  1.587D+00
 -6.469D-05  1.489D+00
 -1.918D-04  1.603D+00
 -7.415D-05  1.484D+00
 -2.150D-04  1.623D+00
 -8.424D-05  1.480D+00
 -2.384D-04  1.647D+00
 -9.496D-05  1.475D+00
 -2.613D-04  1.676D+00
 -1.063D-04  1.469D+00
 -2.833D-04  1.713D+00
 -1.183D-04  1.464D+00
 -3.034D-04  1.760D+00
 -1.309D-04  1.458D+00
 -3.203D-04  1.821D+00
 -1.441D-04  1.451D+00
 -3.323D-04  1.903D+00
 -1.580D-04  1.444D+00
 -3.367D-04  2.017D+00
 -1.725D-04  1.437D+00
 -3.293D-04  2.188D+00
 -1.877D-04  1.429D+00
 -3.028D-04  2.469D+00
 -2.034D-04  1.421D+00
 -2.425D-04  3.029D+00
 -2.199D-04  1.411D+00
 -1.388D-04  4.282D+00
 -2.371D-04  1.401D+00
 -1.785D-04  2.543D+00
 -2.550D-04  1.390D+00
 -8.063D-04 -2.059D+00
 -2.739D-04  1.377D+00
 -3.812D-07  7.505D-01
 -9.294D-07  1.714D+00
 -4.385D-07  1.952D+00
 -4.265D-06  1.531D+00
 -1.869D-06  1.595D+00
 -9.483D-06  1.503D+00
 -3.932D-06  1.532D+00
 -1.657D-05  1.495D+00
 -6.629D-06  1.508D+00
 -2.550D-05  1.492D+00
 -9.959D-06  1.495D+00
 -3.624D-05  1.492D+00
 -1.392D-05  1.487D+00
 -4.874D-05  1.494D+00
 -1.852D-05  1.481D+00
 -6.296D-05  1.498D+00
 -2.375D-05  1.476D+00
 -7.883D-05  1.502D+00
 -2.961D-05  1.472D+00
 -9.626D-05  1.508D+00
 -3.610D-05  1.468D+00
 -1.152D-04  1.515D+00
 -4.322D-05  1.464D+00
 -1.354D-04  1.523D+00
 -5.096D-05  1.460D+00
 -1.568D-04  1.534D+00
 -5.934D-05  1.456D+00
 -1.793D-04  1.546D+00
 -6.834D-05  1.451D+00
 -2.025D-04  1.561D+00
 -7.796D-05  1.447D+00
 -2.263D-04  1.579D+00
 -8.820D-05  1.442D+00
 -2.502D-04  1.601D+00
 -9.906D-05  1.437D+00
 -2.737D-04  1.628D+00
 -1.105D-04  1.431D+00
 -2.963D-04  1.662D+00
 -1.226D-04  1.426D+00
 -3.171D-04  1.705D+00
 -1.353D-04  1.420D+00
 -3.349D-04  1.760D+00
 -1.486D-04  1.413D+00
 -3.480D-04  1.835D+00
 -1.626D-04  1.406D+00
 -3.539D-04  1.938D+00
 -1.771D-04  1.399D+00
 -3.485D-04  2.091D+00
 -1.923D-04  1.391D+00
 -3.248D-04  2.339D+00
 -2.080D-04  1.383D+00
 -2.693D-04  2.816D+00
 -2.245D-04  1.374D+00
 -1.458D-04  4.289D+00
 -2.416D-04  1.364D+00
 -1.689D-04  2.905D+00
 -2.594D-04  1.352D+00
 -7.167D-04 -1.893D+00
 -2.781D-04  1.339D+00
 -3.687D-08  2.038D+00
 -3.561D-08  2.014D+00
 -2.337D-06  1.532D+00
 -1.069D-06  1.632D+00
 -6.551D-06  1.477D+00
 -2.790D-06  1.516D+00
 -1.262D-05  1.463D+00
 -5.133D-06  1.481D+00
 -2.051D-05  1.458D+00
 -8.101D-06  1.466D+00
 -3.022D-05  1.457D+00
 -1.169D-05  1.456D+00
 -4.169D-05  1.458D+00
 -1.591D-05  1.450D+00
 -5.490D-05  1.460D+00
 -2.074D-05  1.445D+00
 -6.978D-05  1.463D+00
 -2.620D-05  1.440D+00
 -8.627D-05  1.467D+00
 -3.228D-05  1.436D+00
 -1.043D-04  1.472D+00
 -3.897D-05  1.432D+00
 -1.237D-04  1.479D+00
 -4.629D-05  1.428D+00
 -1.445D-04  1.487D+00
 -5.422D-05  1.424D+00
 -1.665D-04  1.496D+00
 -6.277D-05  1.420D+00
 -1.894D-04  1.507D+00
 -7.192D-05  1.416D+00
 -2.131D-04  1.521D+00
 -8.169D-05  1.411D+00
 -2.373D-04  1.537D+00
 -9.206D-05  1.406D+00
 -2.617D-04  1.558D+00
 -1.030D-04  1.401D+00
 -2.858D-04  1.582D+00
 -1.146D-04  1.396D+00
 -3.089D-04  1.613D+00
 -1.268D-04  1.390D+00
 -3.304D-04  1.653D+00
 -1.396D-04  1.384D+00
 -3.490D-04  1.704D+00
 -1.529D-04  1.377D+00
 -3.631D-04  1.771D+00
 -1.669D-04  1.370D+00
 -3.704D-04  1.865D+00
 -1.814D-04  1.363D+00
 -3.668D-04  2.003D+00
 -1.966D-04  1.355D+00
 -3.458D-04  2.224D+00
 -2.123D-04  1.347D+00
 -2.945D-04  2.637D+00
 -2.287D-04  1.337D+00
 -1.816D-04  3.769D+00
 -2.457D-04  1.328D+00
 -1.543D-04  3.310D+00
 -2.634D-04  1.316D+00
 -6.335D-04 -1.656D+00
 -2.820D-04  1.304D+00
 -3.487D-07  7.463D-01
 -9.205D-07  1.616D+00
 -4.446D-07  1.814D+00
 -4.153D-06  1.459D+00
 -1.831D-06  1.514D+00
 -9.213D-06  1.434D+00
 -3.830D-06  1.460D+00
 -1.609D-05  1.427D+00
 -6.442D-06  1.439D+00
 -2.476D-05  1.424D+00
 -9.668D-06  1.427D+00
 -3.520D-05  1.424D+00
 -1.351D-05  1.420D+00
 -4.737D-05  1.425D+00
 -1.796D-05  1.415D+00
 -6.123D-05  1.427D+00
 -2.302D-05  1.410D+00
 -7.673D-05  1.430D+00
 -2.869D-05  1.406D+00
 -9.380D-05  1.434D+00
 -3.497D-05  1.402D+00
 -1.124D-04  1.438D+00
 -4.186D-05  1.399D+00
 -1.323D-04  1.444D+00
 -4.935D-05  1.395D+00
 -1.536D-04  1.451D+00
 -5.745D-05  1.391D+00
 -1.760D-04  1.460D+00
 -6.615D-05  1.386D+00
 -1.994D-04  1.470D+00
 -7.544D-05  1.382D+00
 -2.235D-04  1.483D+00
 -8.533D-05  1.377D+00
 -2.481D-04  1.498D+00
 -9.581D-05  1.372D+00
 -2.729D-04  1.516D+00
 -1.069D-04  1.367D+00
 -2.975D-04  1.539D+00
 -1.185D-04  1.361D+00
 -3.211D-04  1.568D+00
 -1.308D-04  1.356D+00
 -3.432D-04  1.604D+00
 -1.436D-04  1.349D+00
 -3.625D-04  1.650D+00
 -1.570D-04  1.343D+00
 -3.775D-04  1.713D+00
 -1.710D-04  1.336D+00
 -3.860D-04  1.798D+00
 -1.855D-04  1.328D+00
 -3.841D-04  1.924D+00
 -2.006D-04  1.320D+00
 -3.656D-04  2.122D+00
 -2.163D-04  1.312D+00
 -3.182D-04  2.484D+00
 -2.326D-04  1.303D+00
 -2.137D-04  3.400D+00
 -2.495D-04  1.293D+00
 -1.461D-04  3.622D+00
 -2.671D-04  1.282D+00
 -5.587D-04 -1.261D+00
 -2.855D-04  1.270D+00
 -2.813D-08  2.997D+00
 -2.710D-08  2.978D+00
 -2.278D-06  1.460D+00
 -1.052D-06  1.545D+00
 -6.354D-06  1.411D+00
 -2.715D-06  1.445D+00
 -1.222D-05  1.398D+00
 -4.981D-06  1.415D+00
 -1.987D-05  1.394D+00
 -7.850D-06  1.401D+00
 -2.928D-05  1.392D+00
 -1.132D-05  1.392D+00
 -4.041D-05  1.392D+00
 -1.539D-05  1.387D+00
 -5.324D-05  1.394D+00
 -2.007D-05  1.382D+00
 -6.771D-05  1.396D+00
 -2.534D-05  1.378D+00
 -8.379D-05  1.398D+00
 -3.121D-05  1.374D+00
 -1.014D-04  1.402D+00
 -3.768D-05  1.370D+00
 -1.205D-04  1.406D+00
 -4.474D-05  1.366D+00
 -1.409D-04  1.412D+00
 -5.239D-05  1.362D+00
 -1.626D-04  1.418D+00
 -6.064D-05  1.358D+00
 -1.854D-04  1.426D+00
 -6.947D-05  1.354D+00
 -2.091D-04  1.435D+00
 -7.888D-05  1.349D+00
 -2.337D-04  1.447D+00
 -8.888D-05  1.345D+00
 -2.587D-04  1.460D+00
 -9.945D-05  1.340D+00
 -2.838D-04  1.477D+00
 -1.106D-04  1.334D+00
 -3.088D-04  1.498D+00
 -1.223D-04  1.329D+00
 -3.329D-04  1.524D+00
 -1.346D-04  1.323D+00
 -3.554D-04  1.558D+00
 -1.474D-04  1.316D+00
 -3.754D-04  1.601D+00
 -1.608D-04  1.310D+00
 -3.913D-04  1.658D+00
 -1.748D-04  1.303D+00
 -4.009D-04  1.736D+00
 -1.893D-04  1.295D+00
 -4.005D-04  1.850D+00
 -2.044D-04  1.287D+00
 -3.843D-04  2.029D+00
 -2.200D-04  1.279D+00
 -3.406D-04  2.349D+00
 -2.362D-04  1.270D+00
 -2.432D-04  3.115D+00
 -2.529D-04  1.260D+00
 -1.442D-04  3.835D+00
 -2.704D-04  1.249D+00
 -4.915D-04 -9.152D-01
 -2.885D-04  1.237D+00
 -3.199D-07  7.419D-01
 -9.046D-07  1.531D+00
 -4.451D-07  1.699D+00
 -4.026D-06  1.394D+00
 -1.783D-06  1.443D+00
 -8.912D-06  1.373D+00
 -3.712D-06  1.395D+00
 -1.555D-05  1.366D+00
 -6.233D-06  1.377D+00
 -2.394D-05  1.363D+00
 -9.346D-06  1.367D+00
 -3.404D-05  1.362D+00
 -1.305D-05  1.360D+00
 -4.582D-05  1.363D+00
 -1.734D-05  1.355D+00
 -5.926D-05  1.364D+00
 -2.223D-05  1.351D+00
 -7.431D-05  1.366D+00
 -2.770D-05  1.347D+00
 -9.092D-05  1.368D+00
 -3.375D-05  1.343D+00
 -1.090D-04  1.371D+00
 -4.039D-05  1.340D+00
 -1.285D-04  1.375D+00
 -4.761D-05  1.336D+00
 -1.494D-04  1.380D+00
 -5.541D-05  1.332D+00
 -1.715D-04  1.386D+00
 -6.378D-05  1.328D+00
 -1.947D-04  1.393D+00
 -7.273D-05  1.323D+00
 -2.188D-04  1.402D+00
 -8.225D-05  1.319D+00
 -2.436D-04  1.412D+00
 -9.233D-05  1.314D+00
 -2.689D-04  1.425D+00
 -1.030D-04  1.309D+00
 -2.944D-04  1.440D+00
 -1.142D-04  1.303D+00
 -3.197D-04  1.459D+00
 -1.259D-04  1.297D+00
 -3.442D-04  1.483D+00
 -1.382D-04  1.291D+00
 -3.672D-04  1.514D+00
 -1.511D-04  1.285D+00
 -3.877D-04  1.554D+00
 -1.645D-04  1.278D+00
 -4.044D-04  1.606D+00
 -1.784D-04  1.271D+00
 -4.150D-04  1.678D+00
 -1.929D-04  1.263D+00
 -4.161D-04  1.782D+00
 -2.078D-04  1.255D+00
 -4.019D-04  1.945D+00
 -2.234D-04  1.247D+00
 -3.616D-04  2.231D+00
 -2.394D-04  1.238D+00
 -2.705D-04  2.884D+00
 -2.561D-04  1.228D+00
 -1.363D-04  4.136D+00
 -2.733D-04  1.217D+00
 -4.301D-04 -6.034D-01
 -2.913D-04  1.205D+00
 -2.303D-08  3.782D+00
 -2.211D-08  3.771D+00
 -2.210D-06  1.394D+00
 -1.028D-06  1.469D+00
 -6.139D-06  1.351D+00
 -2.630D-06  1.382D+00
 -1.180D-05  1.340D+00
 -4.814D-06  1.355D+00
 -1.918D-05  1.336D+00
 -7.578D-06  1.342D+00
 -2.825D-05  1.334D+00
 -1.092D-05  1.335D+00
 -3.901D-05  1.334D+00
 -1.484D-05  1.330D+00
 -5.141D-05  1.334D+00
 -1.935D-05  1.325D+00
 -6.542D-05  1.335D+00
 -2.442D-05  1.321D+00
 -8.101D-05  1.337D+00
 -3.007D-05  1.318D+00
 -9.811D-05  1.339D+00
 -3.630D-05  1.314D+00
 -1.167D-04  1.342D+00
 -4.309D-05  1.310D+00
 -1.366D-04  1.346D+00
 -5.046D-05  1.306D+00
 -1.578D-04  1.350D+00
 -5.838D-05  1.302D+00
 -1.803D-04  1.355D+00
 -6.687D-05  1.298D+00
 -2.038D-04  1.361D+00
 -7.592D-05  1.294D+00
 -2.282D-04  1.369D+00
 -8.553D-05  1.289D+00
 -2.533D-04  1.379D+00
 -9.568D-05  1.284D+00
 -2.789D-04  1.390D+00
 -1.064D-04  1.279D+00
 -3.046D-04  1.404D+00
 -1.176D-04  1.273D+00
 -3.302D-04  1.422D+00
 -1.294D-04  1.267D+00
 -3.550D-04  1.444D+00
 -1.417D-04  1.261D+00
 -3.785D-04  1.472D+00
 -1.545D-04  1.255D+00
 -3.995D-04  1.509D+00
 -1.679D-04  1.248D+00
 -4.168D-04  1.557D+00
 -1.818D-04  1.240D+00
 -4.283D-04  1.624D+00
 -1.962D-04  1.233D+00
 -4.307D-04  1.719D+00
 -2.111D-04  1.225D+00
 -4.186D-04  1.867D+00
 -2.265D-04  1.216D+00
 -3.814D-04  2.125D+00
 -2.424D-04  1.207D+00
 -2.960D-04  2.692D+00
 -2.589D-04  1.197D+00
 -1.440D-04  4.129D+00
 -2.759D-04  1.186D+00
 -3.803D-04 -2.023D-01
 -2.937D-04  1.174D+00
 -2.941D-07  7.374D-01
 -8.836D-07  1.456D+00
 -4.413D-07  1.601D+00
 -3.887D-06  1.336D+00
 -1.729D-06  1.379D+00
 -8.590D-06  1.317D+00
 -3.585D-06  1.337D+00
 -1.499D-05  1.310D+00
 -6.010D-06  1.320D+00
 -2.306D-05  1.308D+00
 -9.005D-06  1.311D+00
 -3.280D-05  1.307D+00
 -1.257D-05  1.305D+00
 -4.417D-05  1.307D+00
 -1.670D-05  1.301D+00
 -5.714D-05  1.307D+00
 -2.139D-05  1.297D+00
 -7.169D-05  1.308D+00
 -2.665D-05  1.293D+00
 -8.777D-05  1.309D+00
 -3.247D-05  1.289D+00
 -1.053D-04  1.311D+00
 -3.885D-05  1.286D+00
 -1.243D-04  1.314D+00
 -4.578D-05  1.282D+00
 -1.446D-04  1.317D+00
 -5.328D-05  1.278D+00
 -1.662D-04  1.321D+00
 -6.132D-05  1.274D+00
 -1.889D-04  1.325D+00
 -6.991D-05  1.270D+00
 -2.127D-04  1.331D+00
 -7.904D-05  1.265D+00
 -2.373D-04  1.338D+00
 -8.871D-05  1.260D+00
 -2.627D-04  1.347D+00
 -9.892D-05  1.255D+00
 -2.885D-04  1.357D+00
 -1.097D-04  1.250D+00
 -3.145D-04  1.370D+00
 -1.209D-04  1.244D+00
 -3.403D-04  1.387D+00
 -1.327D-04  1.238D+00
 -3.654D-04  1.407D+00
 -1.450D-04  1.232D+00
 -3.892D-04  1.433D+00
 -1.578D-04  1.225D+00
 -4.107D-04  1.467D+00
 -1.711D-04  1.218D+00
 -4.286D-04  1.511D+00
 -1.849D-04  1.211D+00
 -4.409D-04  1.573D+00
 -1.992D-04  1.203D+00
 -4.446D-04  1.661D+00
 -2.140D-04  1.195D+00
 -4.342D-04  1.796D+00
 -2.293D-04  1.186D+00
 -3.999D-04  2.029D+00
 -2.451D-04  1.177D+00
 -3.197D-04  2.527D+00
 -2.614D-04  1.167D+00
 -1.505D-04  4.136D+00
 -2.782D-04  1.156D+00
 -3.385D-04  2.089D-01
 -2.957D-04  1.144D+00
 -2.099D-08  4.256D+00
 -2.007D-08  4.260D+00
 -2.135D-06  1.336D+00
 -9.994D-07  1.401D+00
 -5.911D-06  1.297D+00
 -2.539D-06  1.324D+00
 -1.135D-05  1.287D+00
 -4.637D-06  1.301D+00
 -1.845D-05  1.283D+00
 -7.292D-06  1.289D+00
 -2.718D-05  1.281D+00
 -1.050D-05  1.282D+00
 -3.754D-05  1.281D+00
 -1.427D-05  1.277D+00
 -4.948D-05  1.280D+00
 -1.860D-05  1.273D+00
 -6.300D-05  1.281D+00
 -2.347D-05  1.270D+00
 -7.804D-05  1.282D+00
 -2.890D-05  1.266D+00
 -9.457D-05  1.283D+00
 -3.487D-05  1.262D+00
 -1.125D-04  1.285D+00
 -4.139D-05  1.259D+00
 -1.319D-04  1.287D+00
 -4.846D-05  1.255D+00
 -1.525D-04  1.289D+00
 -5.606D-05  1.251D+00
 -1.744D-04  1.293D+00
 -6.420D-05  1.247D+00
 -1.974D-04  1.297D+00
 -7.287D-05  1.242D+00
 -2.214D-04  1.302D+00
 -8.208D-05  1.238D+00
 -2.463D-04  1.308D+00
 -9.181D-05  1.233D+00
 -2.718D-04  1.316D+00
 -1.021D-04  1.227D+00
 -2.978D-04  1.326D+00
 -1.128D-04  1.222D+00
 -3.240D-04  1.337D+00
 -1.241D-04  1.216D+00
 -3.500D-04  1.352D+00
 -1.359D-04  1.210D+00
 -3.754D-04  1.371D+00
 -1.481D-04  1.204D+00
 -3.994D-04  1.395D+00
 -1.609D-04  1.197D+00
 -4.213D-04  1.426D+00
 -1.741D-04  1.190D+00
 -4.397D-04  1.468D+00
 -1.879D-04  1.182D+00
 -4.528D-04  1.524D+00
 -2.021D-04  1.174D+00
 -4.576D-04  1.606D+00
 -2.167D-04  1.166D+00
 -4.489D-04  1.730D+00
 -2.319D-04  1.157D+00
 -4.173D-04  1.941D+00
 -2.475D-04  1.148D+00
 -3.419D-04  2.384D+00
 -2.636D-04  1.138D+00
 -1.569D-04  4.130D+00
 -2.802D-04  1.127D+00
 -2.986D-04  5.974D-01
 -2.975D-04  1.115D+00
 -2.710D-07  7.327D-01
 -8.588D-07  1.389D+00
 -4.342D-07  1.515D+00
 -3.741D-06  1.283D+00
 -1.670D-06  1.321D+00
 -8.256D-06  1.266D+00
 -3.451D-06  1.284D+00
 -1.440D-05  1.260D+00
 -5.778D-06  1.269D+00
 -2.216D-05  1.257D+00
 -8.652D-06  1.261D+00
 -3.151D-05  1.256D+00
 -1.207D-05  1.255D+00
 -4.245D-05  1.255D+00
 -1.603D-05  1.251D+00
 -5.493D-05  1.255D+00
 -2.053D-05  1.247D+00
 -6.895D-05  1.256D+00
 -2.558D-05  1.244D+00
 -8.445D-05  1.256D+00
 -3.116D-05  1.240D+00
 -1.014D-04  1.257D+00
 -3.727D-05  1.236D+00
 -1.197D-04  1.259D+00
 -4.392D-05  1.233D+00
 -1.394D-04  1.260D+00
 -5.110D-05  1.229D+00
 -1.604D-04  1.263D+00
 -5.880D-05  1.225D+00
 -1.825D-04  1.265D+00
 -6.703D-05  1.220D+00
 -2.057D-04  1.269D+00
 -7.577D-05  1.216D+00
 -2.300D-04  1.274D+00
 -8.503D-05  1.211D+00
 -2.550D-04  1.279D+00
 -9.480D-05  1.206D+00
 -2.807D-04  1.286D+00
 -1.051D-04  1.201D+00
 -3.069D-04  1.295D+00
 -1.158D-04  1.195D+00
 -3.332D-04  1.306D+00
 -1.271D-04  1.189D+00
 -3.593D-04  1.319D+00
 -1.389D-04  1.183D+00
 -3.849D-04  1.337D+00
 -1.511D-04  1.176D+00
 -4.091D-04  1.359D+00
 -1.638D-04  1.169D+00
 -4.313D-04  1.388D+00
 -1.770D-04  1.162D+00
 -4.502D-04  1.426D+00
 -1.906D-04  1.155D+00
 -4.640D-04  1.478D+00
 -2.047D-04  1.147D+00
 -4.698D-04  1.554D+00
 -2.192D-04  1.138D+00
 -4.627D-04  1.668D+00
 -2.342D-04  1.129D+00
 -4.336D-04  1.861D+00
 -2.496D-04  1.120D+00
 -3.626D-04  2.258D+00
 -2.656D-04  1.110D+00
 -1.903D-04  3.658D+00
 -2.820D-04  1.099D+00
 -2.623D-04  9.786D-01
 -2.989D-04  1.087D+00
 -2.256D-08  4.210D+00
 -2.145D-08  4.233D+00
 -2.057D-06  1.282D+00
 -9.678D-07  1.340D+00
 -5.678D-06  1.248D+00
 -2.444D-06  1.272D+00
 -1.090D-05  1.238D+00
 -4.455D-06  1.251D+00
 -1.770D-05  1.235D+00
 -7.000D-06  1.240D+00
 -2.608D-05  1.233D+00
 -1.008D-05  1.234D+00
 -3.603D-05  1.232D+00
 -1.369D-05  1.229D+00
 -4.750D-05  1.231D+00
 -1.783D-05  1.225D+00
 -6.049D-05  1.231D+00
 -2.250D-05  1.222D+00
 -7.497D-05  1.231D+00
 -2.770D-05  1.218D+00
 -9.089D-05  1.232D+00
 -3.342D-05  1.215D+00
 -1.082D-04  1.232D+00
 -3.967D-05  1.211D+00
 -1.269D-04  1.233D+00
 -4.643D-05  1.207D+00
 -1.469D-04  1.235D+00
 -5.371D-05  1.204D+00
 -1.681D-04  1.237D+00
 -6.150D-05  1.199D+00
 -1.905D-04  1.239D+00
 -6.980D-05  1.195D+00
 -2.139D-04  1.242D+00
 -7.860D-05  1.190D+00
 -2.383D-04  1.246D+00
 -8.790D-05  1.185D+00
 -2.634D-04  1.251D+00
 -9.770D-05  1.180D+00
 -2.893D-04  1.257D+00
 -1.080D-04  1.175D+00
 -3.155D-04  1.265D+00
 -1.187D-04  1.169D+00
 -3.420D-04  1.275D+00
 -1.300D-04  1.163D+00
 -3.682D-04  1.288D+00
 -1.417D-04  1.156D+00
 -3.939D-04  1.304D+00
 -1.539D-04  1.150D+00
 -4.184D-04  1.324D+00
 -1.665D-04  1.143D+00
 -4.408D-04  1.351D+00
 -1.796D-04  1.135D+00
 -4.601D-04  1.386D+00
 -1.931D-04  1.128D+00
 -4.745D-04  1.435D+00
 -2.071D-04  1.119D+00
 -4.812D-04  1.504D+00
 -2.215D-04  1.111D+00
 -4.755D-04  1.610D+00
 -2.363D-04  1.102D+00
 -4.488D-04  1.788D+00
 -2.515D-04  1.092D+00
 -3.820D-04  2.145D+00
 -2.672D-04  1.082D+00
 -2.200D-04  3.313D+00
 -2.834D-04  1.071D+00
 -2.402D-04  1.368D+00
 -3.001D-04  1.059D+00
 -2.503D-07  7.278D-01
 -8.315D-07  1.329D+00
 -4.247D-07  1.439D+00
 -3.592D-06  1.234D+00
 -1.608D-06  1.268D+00
 -7.918D-06  1.219D+00
 -3.314D-06  1.235D+00
 -1.380D-05  1.213D+00
 -5.543D-06  1.221D+00
 -2.124D-05  1.211D+00
 -8.294D-06  1.214D+00
 -3.021D-05  1.209D+00
 -1.157D-05  1.209D+00
 -4.070D-05  1.208D+00
 -1.536D-05  1.205D+00
 -5.268D-05  1.208D+00
 -1.967D-05  1.201D+00
 -6.614D-05  1.208D+00
 -2.450D-05  1.198D+00
 -8.104D-05  1.208D+00
 -2.984D-05  1.194D+00
 -9.734D-05  1.208D+00
 -3.569D-05  1.191D+00
 -1.150D-04  1.208D+00
 -4.205D-05  1.187D+00
 -1.340D-04  1.209D+00
 -4.891D-05  1.183D+00
 -1.542D-04  1.210D+00
 -5.628D-05  1.179D+00
 -1.757D-04  1.212D+00
 -6.414D-05  1.175D+00
 -1.982D-04  1.214D+00
 -7.250D-05  1.170D+00
 -2.218D-04  1.216D+00
 -8.135D-05  1.165D+00
 -2.463D-04  1.220D+00
 -9.068D-05  1.160D+00
 -2.716D-04  1.224D+00
 -1.005D-04  1.155D+00
 -2.975D-04  1.230D+00
 -1.108D-04  1.149D+00
 -3.239D-04  1.237D+00
 -1.215D-04  1.143D+00
 -3.504D-04  1.246D+00
 -1.327D-04  1.137D+00
 -3.767D-04  1.257D+00
 -1.444D-04  1.131D+00
 -4.025D-04  1.272D+00
 -1.565D-04  1.124D+00
 -4.271D-04  1.290D+00
 -1.690D-04  1.117D+00
 -4.497D-04  1.315D+00
 -1.820D-04  1.109D+00
 -4.694D-04  1.348D+00
 -1.954D-04  1.101D+00
 -4.843D-04  1.393D+00
 -2.092D-04  1.093D+00
 -4.918D-04  1.458D+00
 -2.235D-04  1.084D+00
 -4.875D-04  1.556D+00
 -2.381D-04  1.075D+00
 -4.629D-04  1.719D+00
 -2.532D-04  1.065D+00
 -4.000D-04  2.043D+00
 -2.687D-04  1.055D+00
 -2.471D-04  3.042D+00
 -2.846D-04  1.044D+00
 -2.178D-04  1.738D+00
 -3.010D-04  1.032D+00
