 -7.012D-03  7.800D-01
 -3.639D-03  7.768D-01
 -6.296D-03  7.686D-01
 -1.926D-03  7.760D-01
 -4.131D-03  7.589D-01
 -5.788D-03  7.543D-01
 -1.256D-03  7.721D-01
 -2.111D-03  7.526D-01
 -4.599D-03  7.397D-01
 -5.369D-03  7.370D-01
 -8.483D-04  7.691D-01
 -1.480D-03  7.409D-01
 -2.234D-03  7.281D-01
 -5.013D-03  7.190D-01
 -5.003D-03  7.168D-01
 -6.161D-04  7.643D-01
 -9.950D-04  7.303D-01
 -1.686D-03  7.105D-01
 -2.305D-03  7.019D-01
 -5.366D-03  6.965D-01
 -4.674D-03  6.937D-01
 -4.590D-04  7.598D-01
 -7.454D-04  7.163D-01
 -1.115D-03  6.936D-01
 -1.871D-03  6.798D-01
 -2.334D-03  6.733D-01
 -5.658D-03  6.722D-01
 -4.373D-03  6.676D-01
 -3.550D-04  7.543D-01
 -5.554D-04  7.026D-01
 -8.641D-04  6.725D-01
 -1.206D-03  6.566D-01
 -2.033D-03  6.480D-01
 -2.331D-03  6.420D-01
 -5.894D-03  6.460D-01
 -4.096D-03  6.385D-01
 -2.795D-04  7.489D-01
 -4.356D-04  6.864D-01
 -6.397D-04  6.511D-01
 -9.700D-04  6.301D-01
 -1.271D-03  6.181D-01
 -2.173D-03  6.148D-01
 -2.302D-03  6.079D-01
 -6.078D-03  6.180D-01
 -3.837D-03  6.063D-01
 -2.252D-04  7.427D-01
 -3.428D-04  6.701D-01
 -5.105D-04  6.266D-01
 -7.094D-04  6.014D-01
 -1.063D-03  5.874D-01
 -1.314D-03  5.774D-01
 -2.291D-03  5.800D-01
 -2.254D-03  5.708D-01
 -6.215D-03  5.883D-01
 -3.595D-03  5.708D-01
 -1.839D-04  7.367D-01
 -2.777D-04  6.519D-01
 -4.002D-04  6.012D-01
 -5.777D-04  5.701D-01
 -7.643D-04  5.511D-01
 -1.143D-03  5.437D-01
 -1.337D-03  5.339D-01
 -2.388D-03  5.435D-01
 -2.193D-03  5.303D-01
 -6.308D-03  5.569D-01
 -3.368D-03  5.320D-01
 -1.525D-04  7.301D-01
 -2.261D-04  6.335D-01
 -3.270D-04  5.731D-01
 -4.495D-04  5.361D-01
 -6.363D-04  5.143D-01
 -8.051D-04  4.990D-01
 -1.210D-03  4.984D-01
 -1.343D-03  4.871D-01
 -2.466D-03  5.051D-01
 -2.120D-03  4.864D-01
 -6.363D-03  5.240D-01
 -3.153D-03  4.896D-01
 -1.278D-04  7.237D-01
 -1.875D-04  6.136D-01
 -2.652D-04  5.438D-01
 -3.714D-04  4.996D-01
 -4.901D-04  4.714D-01
 -6.866D-04  4.578D-01
 -8.330D-04  4.439D-01
 -1.266D-03  4.513D-01
 -1.335D-03  4.367D-01
 -2.526D-03  4.650D-01
 -2.040D-03  4.386D-01
 -6.383D-03  4.895D-01
 -2.951D-03  4.435D-01
 -1.083D-04  7.170D-01
 -1.563D-04  5.934D-01
 -2.207D-04  5.122D-01
 -2.996D-04  4.600D-01
 -4.102D-04  4.277D-01
 -5.217D-04  4.049D-01
 -7.286D-04  3.996D-01
 -8.492D-04  3.851D-01
 -1.311D-03  4.021D-01
 -1.316D-03  3.821D-01
 -2.569D-03  4.231D-01
 -1.954D-03  3.867D-01
 -6.372D-03  4.537D-01
 -2.759D-03  3.932D-01
 -9.250D-05  7.104D-01
 -1.319D-04  5.720D-01
 -1.831D-04  4.791D-01
 -2.506D-04  4.178D-01
 -3.284D-04  3.771D-01
 -4.432D-04  3.550D-01
 -5.448D-04  3.351D-01
 -7.629D-04  3.390D-01
 -8.552D-04  3.218D-01
 -1.345D-03  3.506D-01
 -1.287D-03  3.228D-01
 -2.595D-03  3.793D-01
 -1.865D-03  3.301D-01
 -6.335D-03  4.165D-01
 -2.576D-03  3.384D-01
 -7.970D-05  7.036D-01
 -1.119D-04  5.503D-01
 -1.545D-04  4.438D-01
 -2.069D-04  3.719D-01
 -2.767D-04  3.253D-01
 -3.513D-04  2.921D-01
 -4.704D-04  2.799D-01
 -5.600D-04  2.605D-01
 -7.898D-04  2.755D-01
 -8.523D-04  2.532D-01
 -1.369D-03  2.968D-01
 -1.251D-03  2.582D-01
 -2.608D-03  3.338D-01
 -1.773D-03  2.685D-01
 -6.273D-03  3.781D-01
 -2.403D-03  2.787D-01
 -6.913D-05  6.970D-01
 -9.577D-05  5.276D-01
 -1.302D-04  4.068D-01
 -1.748D-04  3.232D-01
 -2.269D-04  2.655D-01
 -2.987D-04  2.312D-01
 -3.685D-04  2.025D-01
 -4.922D-04  2.012D-01
 -5.680D-04  1.799D-01
 -8.098D-04  2.086D-01
 -8.418D-04  1.783D-01
 -1.385D-03  2.403D-01
 -1.208D-03  1.875D-01
 -2.607D-03  2.864D-01
 -1.680D-03  2.010D-01
 -6.190D-03  3.386D-01
 -2.239D-03  2.133D-01
 -6.037D-05  6.905D-01
 -8.230D-05  5.047D-01
 -1.111D-04  3.676D-01
 -1.465D-04  2.699D-01
 -1.924D-04  2.036D-01
 -2.430D-04  1.555D-01
 -3.166D-04  1.331D-01
 -3.801D-04  1.061D-01
 -5.088D-04  1.178D-01
 -5.694D-04  9.156D-02
 -8.235D-04  1.379D-01
 -8.247D-04  9.588D-02
 -1.392D-03  1.810D-01
 -1.161D-03  1.097D-01
 -2.594D-03  2.372D-01
 -1.586D-03  1.268D-01
 -6.088D-03  2.979D-01
 -2.083D-03  1.415D-01
 -5.300D-05  6.841D-01
 -7.122D-05  4.811D-01
 -9.476D-05  3.263D-01
 -1.248D-04  2.133D-01
 -1.603D-04  1.320D-01
 -2.070D-04  8.010D-02
 -2.550D-04  3.804D-02
 -3.305D-04  2.869D-02
 -3.866D-04  2.867D-04
 -5.205D-04  2.871D-02
 -5.651D-04 -6.137D-03
 -8.314D-04  6.275D-02
 -8.021D-04  4.500D-03
 -1.392D-03  1.187D-01
 -1.109D-03  2.346D-02
 -2.571D-03  1.860D-01
 -1.493D-03  4.472D-02
 -5.972D-03  2.563D-01
 -1.935D-03  6.214D-02
 -4.679D-05  6.778D-01
 -6.185D-05  4.572D-01
 -8.152D-05  2.827D-01
 -1.058D-04  1.511D-01
 -1.366D-04  5.678D-02
 -1.711D-04 -1.338D-02
 -2.186D-04 -5.135D-02
 -2.631D-04 -9.080D-02
 -3.405D-04 -8.418D-02
 -3.884D-04 -1.176D-01
 -5.277D-04 -6.737D-02
 -5.558D-04 -1.155D-01
 -8.339D-04 -1.738D-02
 -7.751D-04 -9.778D-02
 -1.385D-03  5.309D-02
 -1.056D-03 -7.278D-02
 -2.538D-03  1.329D-01
 -1.401D-03 -4.666D-02
 -5.841D-03  2.136D-01
 -1.794D-03 -2.605D-02
 -4.150D-05  6.717D-01
 -5.400D-05  4.328D-01
 -7.016D-05  2.367D-01
 -9.065D-05  8.448D-02
 -1.149D-04 -3.071D-02
 -1.461D-04 -1.093D-01
 -1.791D-04 -1.726D-01
 -2.273D-04 -1.950D-01
 -2.675D-04 -2.356D-01
 -3.471D-04 -2.080D-01
 -3.860D-04 -2.513D-01
 -5.309D-04 -1.718D-01
 -5.423D-04 -2.397D-01
 -8.314D-04 -1.032D-01
 -7.444D-04 -2.135D-01
 -1.372D-03 -1.606D-02
 -9.999D-04 -1.813D-01
 -2.497D-03  7.782D-02
 -1.311D-03 -1.493D-01
 -5.700D-03  1.700D-01
 -1.660D-03 -1.249D-01
 -3.698D-05  6.658D-01
 -4.730D-05  4.081D-01
 -6.076D-05  1.880D-01
 -7.740D-05  1.062D-02
 -9.827D-05 -1.245D-01
 -1.220D-04 -2.291D-01
 -1.534D-04 -2.924D-01
 -1.843D-04 -3.531D-01
 -2.331D-04 -3.556D-01
 -2.685D-04 -4.022D-01
 -3.504D-04 -3.458D-01
 -3.799D-04 -4.056D-01
 -5.303D-04 -2.864D-01
 -5.251D-04 -3.827D-01
 -8.246D-04 -1.957D-01
 -7.108D-04 -3.463D-01
 -1.353D-03 -8.919D-02
 -9.430D-04 -3.051D-01
 -2.449D-03  2.055D-02
 -1.223D-03 -2.659D-01
 -5.550D-03  1.254D-01
 -1.532D-03 -2.368D-01
 -3.308D-05  6.602D-01
 -4.161D-05  3.830D-01
 -5.265D-05  1.365D-01
 -6.662D-05 -6.930D-02
 -8.325D-05 -2.350D-01
 -1.043D-04 -3.565D-01
 -1.270D-04 -4.559D-01
 -1.585D-04 -5.014D-01
 -1.868D-04 -5.648D-01
 -2.364D-04 -5.394D-01
 -2.665D-04 -5.992D-01
 -3.508D-04 -5.015D-01
 -3.707D-04 -5.878D-01
 -5.264D-04 -4.132D-01
 -5.050D-04 -5.505D-01
 -8.139D-04 -2.959D-01
 -6.750D-04 -5.010D-01
 -1.329D-03 -1.667D-01
 -8.857D-04 -4.484D-01
 -2.394D-03 -3.901D-02
 -1.137D-03 -4.000D-01
 -5.392D-03  7.992D-02
 -1.412D-03 -3.650D-01
 -2.971D-05  6.548D-01
 -3.670D-05  3.578D-01
 -4.584D-05  8.179D-02
 -5.718D-05 -1.590D-01
 -7.134D-05 -3.567D-01
 -8.760D-05 -5.185D-01
 -1.086D-04 -6.272D-01
 -1.300D-04 -7.282D-01
 -1.616D-04 -7.490D-01
 -1.870D-04 -8.229D-01
 -2.373D-04 -7.552D-01
 -2.619D-04 -8.396D-01
 -3.486D-04 -6.805D-01
 -3.588D-04 -8.088D-01
 -5.195D-04 -5.553D-01
 -4.826D-04 -7.523D-01
 -7.996D-04 -4.052D-01
 -6.379D-04 -6.851D-01
 -1.301D-03 -2.493D-01
 -8.284D-04 -6.173D-01
 -2.334D-03 -1.010D-01
 -1.054D-03 -5.568D-01
 -5.228D-03  3.352D-02
 -1.297D-03 -5.143D-01
 -2.677D-05  6.496D-01
 -3.248D-05  3.321D-01
 -3.993D-05  2.346D-02
 -4.936D-05 -2.576D-01
 -6.068D-05 -5.032D-01
 -7.486D-05 -6.996D-01
 -9.050D-05 -8.680D-01
 -1.114D-04 -9.612D-01
 -1.309D-04 -1.047D+00
 -1.627D-04 -1.036D+00
 -1.841D-04 -1.089D+00
 -2.363D-04 -1.013D+00
 -2.539D-04 -1.083D+00
 -3.441D-04 -8.908D-01
 -3.439D-04 -1.049D+00
 -5.101D-04 -7.167D-01
 -4.585D-04 -9.992D-01
 -7.824D-04 -5.253D-01
 -6.000D-04 -9.099D-01
 -1.269D-03 -3.376D-01
 -7.720D-04 -8.210D-01
 -2.270D-03 -1.658D-01
 -9.736D-04 -7.441D-01
 -5.061D-03 -1.382D-02
 -1.190D-03 -6.915D-01
 -2.420D-05  6.447D-01
 -2.882D-05  3.064D-01
 -3.490D-05 -3.873D-02
 -4.251D-05 -3.703D-01
 -5.205D-05 -6.706D-01
 -6.316D-05 -9.393D-01
 -7.698D-05 -1.093D+00
 -9.108D-05 -1.196D+00
 -1.114D-04 -1.231D+00
 -1.284D-04 -1.304D+00
 -1.603D-04 -1.257D+00
 -1.778D-04 -1.331D+00
 -2.309D-04 -1.201D+00
 -2.420D-04 -1.306D+00
 -3.364D-04 -1.091D+00
 -3.244D-04 -1.252D+00
 -4.986D-04 -9.030D-01
 -4.286D-04 -1.183D+00
 -7.625D-04 -6.587D-01
 -5.580D-04 -1.110D+00
 -1.234D-03 -4.324D-01
 -7.148D-04 -1.040D+00
 -2.202D-03 -2.334D-01
 -8.970D-04 -9.739D-01
 -4.890D-03 -6.212D-02
 -1.088D-03 -9.071D-01
 -2.194D-05  6.400D-01
 -2.564D-05  2.804D-01
 -3.052D-05 -1.056D-01
 -3.676D-05 -4.970D-01
 -4.438D-05 -8.800D-01
 -5.362D-05 -1.146D+00
 -6.354D-05 -1.319D+00
 -7.673D-05 -1.416D+00
 -8.933D-05 -1.495D+00
 -1.093D-04 -1.497D+00
 -1.238D-04 -1.559D+00
 -1.558D-04 -1.487D+00
 -1.691D-04 -1.561D+00
 -2.235D-04 -1.414D+00
 -2.277D-04 -1.523D+00
 -3.250D-04 -1.267D+00
 -3.028D-04 -1.465D+00
 -4.838D-04 -1.085D+00
 -3.972D-04 -1.396D+00
 -7.405D-04 -8.085D-01
 -5.138D-04 -1.314D+00
 -1.197D-03 -5.349D-01
 -6.540D-04 -1.224D+00
 -2.131D-03 -3.044D-01
 -8.160D-04 -1.146D+00
 -4.718D-03 -1.114D-01
 -9.859D-04 -1.091D+00
 -1.996D-05  6.356D-01
 -2.287D-05  2.542D-01
 -2.676D-05 -1.775D-01
 -3.173D-05 -6.454D-01
 -3.799D-05 -1.100D+00
 -4.472D-05 -1.368D+00
 -5.323D-05 -1.528D+00
 -6.212D-05 -1.662D+00
 -7.479D-05 -1.723D+00
 -8.581D-05 -1.811D+00
 -1.054D-04 -1.779D+00
 -1.174D-04 -1.853D+00
 -1.494D-04 -1.730D+00
 -1.586D-04 -1.833D+00
 -2.139D-04 -1.609D+00
 -2.116D-04 -1.775D+00
 -3.116D-04 -1.451D+00
 -2.792D-04 -1.692D+00
 -4.649D-04 -1.236D+00
 -3.641D-04 -1.598D+00
 -7.168D-04 -9.791D-01
 -4.686D-04 -1.506D+00
 -1.157D-03 -6.465D-01
 -5.939D-04 -1.421D+00
 -2.057D-03 -3.789D-01
 -7.377D-04 -1.349D+00
 -4.544D-03 -1.618D-01
 -8.866D-04 -1.284D+00
 -1.820D-05  6.315D-01
 -2.044D-05  2.278D-01
 -2.347D-05 -2.557D-01
 -2.746D-05 -8.181D-01
 -3.208D-05 -1.289D+00
 -3.749D-05 -1.570D+00
 -4.348D-05 -1.793D+00
 -5.163D-05 -1.927D+00
 -5.963D-05 -2.067D+00
 -7.193D-05 -2.094D+00
 -8.139D-05 -2.204D+00
 -1.007D-04 -2.107D+00
 -1.101D-04 -2.225D+00
 -1.421D-04 -2.006D+00
 -1.473D-04 -2.169D+00
 -2.030D-04 -1.840D+00
 -1.951D-04 -2.071D+00
 -2.962D-04 -1.629D+00
 -2.555D-04 -1.956D+00
 -4.442D-04 -1.409D+00
 -3.310D-04 -1.841D+00
 -6.889D-04 -1.128D+00
 -4.233D-04 -1.732D+00
 -1.116D-03 -7.689D-01
 -5.343D-04 -1.621D+00
 -1.982D-03 -4.577D-01
 -6.610D-04 -1.528D+00
 -4.371D-03 -2.133D-01
 -7.912D-04 -1.462D+00
 -1.664D-05  6.277D-01
 -1.831D-05  2.014D-01
 -2.062D-05 -3.407D-01
 -2.374D-05 -1.029D+00
 -2.712D-05 -1.492D+00
 -3.094D-05 -1.824D+00
 -3.607D-05 -2.079D+00
 -4.158D-05 -2.334D+00
 -4.889D-05 -2.332D+00
 -5.384D-05 -2.063D+00
 -6.560D-05 -2.104D+00
 -7.119D-05 -1.925D+00
 -9.233D-05 -2.174D+00
 -9.565D-05 -1.938D+00
 -1.341D-04 -2.377D+00
 -1.293D-04 -2.049D+00
 -1.914D-04 -2.108D+00
 -1.751D-04 -2.255D+00
 -2.797D-04 -1.835D+00
 -2.319D-04 -2.315D+00
 -4.214D-04 -1.556D+00
 -2.987D-04 -2.141D+00
 -6.578D-04 -1.263D+00
 -3.805D-04 -1.987D+00
 -1.073D-03 -9.045D-01
 -4.777D-04 -1.855D+00
 -1.906D-03 -5.411D-01
 -5.880D-04 -1.748D+00
 -4.200D-03 -2.660D-01
 -7.003D-04 -1.671D+00
 -1.525D-05  6.241D-01
 -1.643D-05  1.747D-01
 -1.812D-05 -4.343D-01
 -2.042D-05 -1.201D+00
 -2.269D-05 -1.701D+00
 -2.572D-05 -2.110D+00
 -2.878D-05 -2.275D+00
 -3.175D-05 -1.899D+00
 -3.474D-05 -1.674D+00
 -4.082D-05 -1.622D+00
 -4.501D-05 -1.529D+00
 -5.569D-05 -1.583D+00
 -5.970D-05 -1.463D+00
 -7.876D-05 -1.657D+00
 -8.007D-05 -1.523D+00
 -1.159D-04 -1.876D+00
 -1.075D-04 -1.587D+00
 -1.783D-04 -2.372D+00
 -1.445D-04 -1.704D+00
 -2.629D-04 -2.067D+00
 -1.940D-04 -1.885D+00
 -3.974D-04 -1.728D+00
 -2.593D-04 -2.142D+00
 -6.254D-04 -1.416D+00
 -3.399D-04 -2.341D+00
 -1.030D-03 -1.056D+00
 -4.241D-04 -2.151D+00
 -1.830D-03 -6.299D-01
 -5.203D-04 -2.002D+00
 -4.029D-03 -3.200D-01
 -6.174D-04 -1.902D+00
 -1.400D-05  6.208D-01
 -1.477D-05  1.480D-01
 -1.595D-05 -5.377D-01
 -1.746D-05 -1.383D+00
 -1.900D-05 -1.944D+00
 -2.073D-05 -2.290D+00
 -2.157D-05 -1.729D+00
 -2.308D-05 -1.424D+00
 -2.599D-05 -1.041D+00
 -2.827D-05 -6.884D-01
 -3.380D-05 -6.853D-01
 -3.647D-05 -4.504D-01
 -4.649D-05 -7.033D-01
 -4.836D-05 -4.363D-01
 -6.680D-05 -9.925D-01
 -6.505D-05 -5.614D-01
 -9.972D-05 -1.548D+00
 -8.796D-05 -7.930D-01
 -1.534D-04 -1.853D+00
 -1.189D-04 -1.123D+00
 -2.459D-04 -2.368D+00
 -1.599D-04 -1.526D+00
 -3.734D-04 -1.912D+00
 -2.114D-04 -1.659D+00
 -5.913D-04 -1.544D+00
 -2.785D-04 -1.858D+00
 -9.823D-04 -1.178D+00
 -3.620D-04 -2.114D+00
 -1.753D-03 -7.249D-01
 -4.587D-04 -2.356D+00
 -3.861D-03 -3.755D-01
 -5.408D-04 -2.215D+00
 -1.289D-05  6.177D-01
 -1.331D-05  1.211D-01
 -1.404D-05 -6.536D-01
 -1.490D-05 -1.558D+00
 -1.580D-05 -2.261D+00
 -1.563D-05 -1.751D+00
 -1.582D-05 -1.085D+00
 -1.686D-05 -5.043D-01
 -1.803D-05 -1.199D-01
 -2.083D-05  6.082D-02
 -2.293D-05  4.099D-01
 -2.784D-05  2.855D-01
 -3.000D-05  5.768D-01
 -3.850D-05  1.312D-01
 -3.980D-05  5.165D-01
 -5.539D-05 -2.234D-01
 -5.306D-05  3.023D-01
 -8.389D-05 -7.281D-01
 -7.055D-05 -3.540D-02
 -1.326D-04 -1.566D+00
 -9.513D-05 -3.007D-01
 -2.163D-04 -2.044D+00
 -1.280D-04 -6.285D-01
 -3.492D-04 -2.130D+00
 -1.715D-04 -1.034D+00
 -5.564D-04 -1.687D+00
 -2.269D-04 -1.518D+00
 -9.326D-04 -1.294D+00
 -2.919D-04 -1.648D+00
 -1.677D-03 -8.271D-01
 -3.685D-04 -1.810D+00
 -3.696D-03 -4.326D-01
 -4.452D-04 -1.939D+00
 -1.189D-05  6.149D-01
 -1.200D-05  9.413D-02
 -1.236D-05 -7.844D-01
 -1.263D-05 -1.750D+00
 -1.258D-05 -2.120D+00
 -1.165D-05 -1.176D+00
 -1.155D-05 -2.709D-01
 -1.213D-05  4.477D-01
 -1.347D-05  8.821D-01
 -1.462D-05  1.259D+00
 -1.717D-05  1.315D+00
 -1.856D-05  1.562D+00
 -2.308D-05  1.361D+00
 -2.450D-05  1.620D+00
 -3.234D-05  1.144D+00
 -3.229D-05  1.507D+00
 -4.696D-05  6.760D-01
 -4.327D-05  1.292D+00
 -6.993D-05 -9.245D-02
 -5.789D-05  9.939D-01
 -1.123D-04 -8.153D-01
 -7.748D-05  6.035D-01
 -1.873D-04 -1.705D+00
 -1.025D-04  1.401D-01
 -3.258D-04 -2.405D+00
 -1.357D-04 -2.591D-01
 -5.216D-04 -1.846D+00
 -1.793D-04 -6.130D-01
 -8.826D-04 -1.424D+00
 -2.338D-04 -1.014D+00
 -1.601D-03 -9.380D-01
 -2.965D-04 -1.420D+00
 -3.535D-03 -4.915D-01
 -3.566D-04 -1.546D+00
 -1.099D-05  6.123D-01
 -1.085D-05  6.702D-02
 -1.089D-05 -9.347D-01
 -1.070D-05 -1.968D+00
 -9.553D-06 -1.678D+00
 -8.565D-06 -3.569D-01
 -8.474D-06  7.229D-01
 -8.922D-06  1.392D+00
 -9.847D-06  1.927D+00
 -1.137D-05  2.171D+00
 -1.260D-05  2.477D+00
 -1.501D-05  2.429D+00
 -1.638D-05  2.661D+00
 -2.031D-05  2.367D+00
 -2.148D-05  2.642D+00
 -2.811D-05  2.050D+00
 -2.823D-05  2.490D+00
 -3.909D-05  1.509D+00
 -3.702D-05  2.236D+00
 -5.978D-05  7.999D-01
 -4.828D-05  1.893D+00
 -9.434D-05 -2.142D-01
 -6.202D-05  1.497D+00
 -1.619D-04 -1.270D+00
 -8.284D-05  1.098D+00
 -2.873D-04 -2.106D+00
 -1.094D-04  6.472D-01
 -4.876D-04 -2.015D+00
 -1.423D-04  1.477D-01
 -8.320D-04 -1.538D+00
 -1.831D-04 -2.533D-01
 -1.527D-03 -1.059D+00
 -2.315D-04 -5.456D-01
 -3.377D-03 -5.523D-01
 -2.795D-04 -7.610D-01
 -1.017D-05  6.100D-01
 -9.814D-06  3.982D-02
 -9.601D-06 -1.109D+00
 -9.026D-06 -2.242D+00
 -7.253D-06 -1.036D+00
 -6.366D-06  5.531D-01
 -6.288D-06  1.626D+00
 -6.848D-06  2.409D+00
 -7.626D-06  2.837D+00
 -8.727D-06  3.163D+00
 -1.032D-05  3.242D+00
 -1.173D-05  3.443D+00
 -1.391D-05  3.326D+00
 -1.540D-05  3.517D+00
 -1.850D-05  3.203D+00
 -1.999D-05  3.453D+00
 -2.439D-05  2.916D+00
 -2.559D-05  3.296D+00
 -3.499D-05  2.359D+00
 -3.209D-05  3.085D+00
 -5.038D-05  1.552D+00
 -4.093D-05  2.789D+00
 -8.091D-05  5.589D-01
 -5.340D-05  2.410D+00
 -1.370D-04 -6.181D-01
 -6.887D-05  1.978D+00
 -2.497D-04 -1.784D+00
 -8.679D-05  1.515D+00
 -4.538D-04 -2.219D+00
 -1.137D-04  1.089D+00
 -7.814D-04 -1.655D+00
 -1.460D-04  6.540D-01
 -1.453D-03 -1.182D+00
 -1.825D-04  2.377D-01
 -3.222D-03 -6.152D-01
 -2.169D-04 -4.812D-02
 -9.438D-06  6.079D-01
 -8.893D-06  1.249D-02
 -8.407D-06 -1.239D+00
 -7.414D-06 -2.267D+00
 -5.376D-06 -2.845D-01
 -4.715D-06  1.444D+00
 -4.910D-06  2.592D+00
 -5.546D-06  3.212D+00
 -6.387D-06  3.655D+00
 -7.353D-06  3.900D+00
 -8.372D-06  4.136D+00
 -9.853D-06  4.134D+00
 -1.152D-05  4.214D+00
 -1.313D-05  4.130D+00
 -1.504D-05  4.218D+00
 -1.734D-05  3.964D+00
 -1.895D-05  4.167D+00
 -2.366D-05  3.576D+00
 -2.308D-05  4.091D+00
 -3.136D-05  3.084D+00
 -2.989D-05  3.808D+00
 -4.506D-05  2.334D+00
 -3.796D-05  3.498D+00
 -6.844D-05  1.275D+00
 -4.694D-05  3.181D+00
 -1.163D-04 -9.002D-02
 -5.743D-05  2.842D+00
 -2.179D-04 -1.498D+00
 -7.400D-05  2.411D+00
 -4.227D-04 -2.471D+00
 -9.355D-05  1.960D+00
 -7.312D-04 -1.786D+00
 -1.150D-04  1.515D+00
 -1.375D-03 -1.273D+00
 -1.441D-04  1.158D+00
 -3.072D-03 -6.807D-01
 -1.717D-04  9.277D-01
 -8.769D-06  6.060D-01
 -8.068D-06 -1.492D-02
 -7.348D-06 -1.377D+00
 -5.755D-06 -1.806D+00
 -4.088D-06  5.909D-01
 -3.727D-06  2.374D+00
 -4.088D-06  3.347D+00
 -4.532D-06  4.037D+00
 -5.659D-06  4.243D+00
 -6.749D-06  4.458D+00
 -7.944D-06  4.550D+00
 -9.004D-06  4.732D+00
 -1.060D-05  4.662D+00
 -1.201D-05  4.767D+00
 -1.402D-05  4.592D+00
 -1.523D-05  4.779D+00
 -1.827D-05  4.399D+00
 -1.938D-05  4.666D+00
 -2.285D-05  4.163D+00
 -2.436D-05  4.492D+00
 -2.980D-05  3.707D+00
 -2.985D-05  4.308D+00
 -4.006D-05  3.014D+00
 -3.533D-05  4.142D+00
 -6.059D-05  1.986D+00
 -4.226D-05  3.906D+00
 -1.003D-04  6.594D-01
 -5.310D-05  3.523D+00
 -1.862D-04 -8.634D-01
 -6.451D-05  3.166D+00
 -3.720D-04 -2.154D+00
 -7.723D-05  2.815D+00
 -6.831D-04 -1.919D+00
 -9.696D-05  2.405D+00
 -1.298D-03 -1.371D+00
 -1.181D-04  2.038D+00
 -2.927D-03 -7.488D-01
 -1.378D-04  1.794D+00
 -8.161D-06  6.043D-01
 -7.329D-06 -4.245D-02
 -6.406D-06 -1.520D+00
 -4.495D-06 -1.412D+00
 -3.054D-06  1.442D+00
 -3.028D-06  3.152D+00
 -3.391D-06  4.107D+00
 -4.317D-06  4.456D+00
 -5.214D-06  4.740D+00
 -6.734D-06  4.685D+00
 -8.324D-06  4.691D+00
 -9.819D-06  4.694D+00
 -1.149D-05  4.735D+00
 -1.312D-05  4.698D+00
 -1.500D-05  4.745D+00
 -1.661D-05  4.675D+00
 -1.890D-05  4.718D+00
 -1.977D-05  4.682D+00
 -2.305D-05  4.681D+00
 -2.329D-05  4.593D+00
 -2.711D-05  4.663D+00
 -2.939D-05  4.185D+00
 -3.047D-05  4.698D+00
 -3.826D-05  3.581D+00
 -3.522D-05  4.603D+00
 -5.319D-05  2.665D+00
 -4.253D-05  4.340D+00
 -8.529D-05  1.297D+00
 -4.930D-05  4.131D+00
 -1.588D-04 -3.654D-01
 -5.735D-05  3.885D+00
 -3.250D-04 -1.859D+00
 -7.066D-05  3.492D+00
 -6.363D-04 -2.067D+00
 -8.392D-05  3.155D+00
 -1.223D-03 -1.479D+00
 -9.609D-05  2.888D+00
 -2.786D-03 -8.201D-01
 -1.131D-04  2.664D+00
 -7.608D-06  6.029D-01
 -6.665D-06 -7.006D-02
 -5.568D-06 -1.650D+00
 -3.420D-06 -6.353D-01
 -2.461D-06  2.304D+00
 -2.535D-06  3.893D+00
 -3.210D-06  4.530D+00
 -4.359D-06  4.668D+00
 -5.648D-06  4.725D+00
 -7.558D-06  4.567D+00
 -9.755D-06  4.385D+00
 -1.261D-05  4.166D+00
 -1.441D-05  4.199D+00
 -1.771D-05  4.044D+00
 -1.852D-05  4.229D+00
 -2.260D-05  4.050D+00
 -2.134D-05  4.436D+00
 -2.693D-05  4.144D+00
 -2.273D-05  4.747D+00
 -3.028D-05  4.320D+00
 -2.672D-05  4.643D+00
 -3.207D-05  4.599D+00
 -2.927D-05  4.611D+00
 -3.517D-05  4.710D+00
 -3.644D-05  4.091D+00
 -4.019D-05  4.640D+00
 -4.988D-05  3.214D+00
 -4.381D-05  4.651D+00
 -7.611D-05  1.956D+00
 -4.817D-05  4.598D+00
 -1.372D-04  2.432D-01
 -5.712D-05  4.311D+00
 -2.855D-04 -1.674D+00
 -6.489D-05  4.099D+00
 -5.905D-04 -2.242D+00
 -7.368D-05  3.878D+00
 -1.150D-03 -1.572D+00
 -8.801D-05  3.554D+00
 -2.649D-03 -8.949D-01
 -1.006D-04  3.367D+00
 -7.102D-06  6.016D-01
 -6.069D-06 -9.780D-02
 -4.823D-06 -1.803D+00
 -2.626D-06  1.590D-02
 -1.994D-06  3.066D+00
 -2.375D-06  4.335D+00
 -3.329D-06  4.653D+00
 -4.748D-06  4.600D+00
 -7.453D-06  4.073D+00
 -1.006D-05  3.847D+00
 -1.307D-05  3.665D+00
 -1.567D-05  3.623D+00
 -1.909D-05  3.519D+00
 -2.133D-05  3.573D+00
 -2.532D-05  3.480D+00
 -2.659D-05  3.627D+00
 -3.152D-05  3.505D+00
 -3.076D-05  3.779D+00
 -3.737D-05  3.578D+00
 -3.280D-05  4.065D+00
 -4.251D-05  3.696D+00
 -3.089D-05  4.612D+00
 -4.653D-05  3.864D+00
 -3.349D-05  4.618D+00
 -4.890D-05  4.096D+00
 -3.699D-05  4.437D+00
 -4.897D-05  4.419D+00
 -4.599D-05  3.776D+00
 -4.893D-05  4.703D+00
 -6.705D-05  2.578D+00
 -5.465D-05  4.613D+00
 -1.181D-04  8.755D-01
 -5.815D-05  4.621D+00
 -2.460D-04 -1.084D+00
 -6.282D-05  4.564D+00
 -5.489D-04 -2.449D+00
 -7.299D-05  4.296D+00
 -1.078D-03 -1.664D+00
 -8.177D-05  4.116D+00
 -2.518D-03 -9.736D-01
 -8.943D-05  4.030D+00
 -6.639D-06  6.004D-01
 -5.531D-06 -1.256D-01
 -4.176D-06 -1.961D+00
 -2.039D-06  8.701D-01
 -1.707D-06  3.739D+00
 -2.287D-06  4.657D+00
 -3.729D-06  4.490D+00
 -6.447D-06  3.833D+00
 -9.219D-06  3.545D+00
 -1.230D-05  3.357D+00
 -1.529D-05  3.275D+00
 -1.881D-05  3.184D+00
 -2.180D-05  3.183D+00
 -2.582D-05  3.119D+00
 -2.844D-05  3.179D+00
 -3.315D-05  3.111D+00
 -3.477D-05  3.237D+00
 -4.056D-05  3.141D+00
 -4.013D-05  3.361D+00
 -4.779D-05  3.201D+00
 -4.358D-05  3.572D+00
 -5.451D-05  3.290D+00
 -4.361D-05  3.932D+00
 -6.037D-05  3.409D+00
 -3.747D-05  4.637D+00
 -6.496D-05  3.564D+00
 -3.938D-05  4.603D+00
 -6.782D-05  3.764D+00
 -4.586D-05  4.132D+00
 -6.840D-05  4.025D+00
 -6.230D-05  3.095D+00
 -6.607D-05  4.377D+00
 -1.017D-04  1.449D+00
 -6.430D-05  4.671D+00
 -2.114D-04 -6.001D-01
 -7.048D-05  4.583D+00
 -4.938D-04 -2.348D+00
 -7.419D-05  4.587D+00
 -1.008D-03 -1.764D+00
 -7.709D-05  4.622D+00
 -2.391D-03 -1.057D+00
 -8.703D-05  4.467D+00
 -6.216D-06  5.995D-01
 -5.047D-06 -1.535D-01
 -3.604D-06 -2.152D+00
 -1.594D-06  1.626D+00
 -1.565D-06  4.217D+00
 -2.394D-06  4.714D+00
 -4.936D-06  3.786D+00
 -7.721D-06  3.385D+00
 -1.078D-05  3.162D+00
 -1.392D-05  3.046D+00
 -1.745D-05  2.952D+00
 -2.082D-05  2.921D+00
 -2.485D-05  2.866D+00
 -2.822D-05  2.883D+00
 -3.283D-05  2.838D+00
 -3.580D-05  2.898D+00
 -4.121D-05  2.843D+00
 -4.313D-05  2.956D+00
 -4.978D-05  2.873D+00
 -4.959D-05  3.060D+00
 -5.829D-05  2.924D+00
 -5.428D-05  3.229D+00
 -6.645D-05  2.994D+00
 -5.584D-05  3.498D+00
 -7.396D-05  3.085D+00
 -5.204D-05  3.968D+00
 -8.047D-05  3.199D+00
 -4.356D-05  4.635D+00
 -8.559D-05  3.340D+00
 -4.503D-05  4.502D+00
 -8.893D-05  3.515D+00
 -5.795D-05  3.601D+00
 -9.007D-05  3.732D+00
 -9.127D-05  2.060D+00
 -8.863D-05  4.005D+00
 -1.819D-04 -1.430D-01
 -8.426D-05  4.354D+00
 -4.329D-04 -2.041D+00
 -8.091D-05  4.652D+00
 -9.402D-04 -1.871D+00
 -8.816D-05  4.569D+00
 -2.269D-03 -1.145D+00
 -9.475D-05  4.547D+00
 -5.827D-06  5.987D-01
 -4.609D-06 -1.816D-01
 -3.114D-06 -2.391D+00
 -1.300D-06  2.397D+00
 -1.425D-06  4.677D+00
 -3.169D-06  4.021D+00
 -5.870D-06  3.355D+00
 -8.824D-06  3.054D+00
 -1.196D-05  2.897D+00
 -1.542D-05  2.788D+00
 -1.894D-05  2.735D+00
 -2.292D-05  2.680D+00
 -2.666D-05  2.673D+00
 -3.119D-05  2.635D+00
 -3.491D-05  2.660D+00
 -4.011D-05  2.624D+00
 -4.339D-05  2.684D+00
 -4.949D-05  2.636D+00
 -5.167D-05  2.738D+00
 -5.915D-05  2.664D+00
 -5.915D-05  2.829D+00
 -6.886D-05  2.707D+00
 -6.497D-05  2.969D+00
 -7.836D-05  2.765D+00
 -6.785D-05  3.184D+00
 -8.737D-05  2.837D+00
 -6.582D-05  3.537D+00
 -9.560D-05  2.926D+00
 -5.533D-05  4.209D+00
 -1.027D-04  3.032D+00
 -4.933D-05  4.545D+00
 -1.084D-04  3.160D+00
 -5.562D-05  4.004D+00
 -1.123D-04  3.313D+00
 -8.037D-05  2.618D+00
 -1.142D-04  3.494D+00
 -1.583D-04  4.762D-01
 -1.140D-04  3.707D+00
 -3.822D-04 -1.831D+00
 -1.120D-04  3.951D+00
 -8.764D-04 -1.976D+00
 -1.092D-04  4.207D+00
 -2.151D-03 -1.240D+00
 -1.099D-04  4.388D+00
 -5.469D-06  5.981D-01
 -4.214D-06 -2.097D-01
 -2.560D-06 -2.134D+00
 -1.087D-06  3.061D+00
 -1.556D-06  4.621D+00
 -3.874D-06  3.519D+00
 -6.664D-06  3.038D+00
 -9.686D-06  2.813D+00
 -1.301D-05  2.677D+00
 -1.651D-05  2.601D+00
 -2.038D-05  2.540D+00
 -2.426D-05  2.515D+00
 -2.869D-05  2.479D+00
 -3.278D-05  2.484D+00
 -3.781D-05  2.456D+00
 -4.185D-05  2.485D+00
 -4.762D-05  2.455D+00
 -5.118D-05  2.512D+00
 -5.796D-05  2.469D+00
 -6.035D-05  2.564D+00
 -6.864D-05  2.495D+00
 -6.878D-05  2.644D+00
 -7.947D-05  2.532D+00
 -7.564D-05  2.763D+00
 -9.021D-05  2.580D+00
 -7.974D-05  2.942D+00
 -1.006D-04  2.639D+00
 -7.921D-05  3.222D+00
 -1.104D-04  2.710D+00
 -7.103D-05  3.714D+00
 -1.193D-04  2.794D+00
 -5.310D-05  4.608D+00
 -1.270D-04  2.892D+00
 -5.562D-05  4.300D+00
 -1.334D-04  3.006D+00
 -7.576D-05  3.072D+00
 -1.381D-04  3.138D+00
 -1.368D-04  1.010D+00
 -1.411D-04  3.286D+00
 -3.351D-04 -1.533D+00
 -1.429D-04  3.447D+00
 -8.149D-04 -2.094D+00
 -1.445D-04  3.605D+00
 -2.034D-03 -1.314D+00
 -1.494D-04  3.707D+00
 -5.140D-06  5.975D-01
 -3.855D-06 -2.379D-01
 -2.074D-06 -1.796D+00
 -9.345D-07  3.686D+00
 -1.859D-06  4.232D+00
 -4.463D-06  3.165D+00
 -7.299D-06  2.801D+00
 -1.043D-05  2.614D+00
 -1.381D-05  2.508D+00
 -1.751D-05  2.435D+00
 -2.137D-05  2.395D+00
 -2.564D-05  2.357D+00
 -2.986D-05  2.348D+00
 -3.472D-05  2.323D+00
 -3.914D-05  2.334D+00
 -4.466D-05  2.311D+00
 -4.900D-05  2.343D+00
 -5.532D-05  2.315D+00
 -5.913D-05  2.371D+00
 -6.656D-05  2.330D+00
 -6.913D-05  2.418D+00
 -7.822D-05  2.354D+00
 -7.845D-05  2.490D+00
 -9.010D-05  2.386D+00
 -8.629D-05  2.594D+00
 -1.020D-04  2.427D+00
 -9.149D-05  2.746D+00
 -1.137D-04  2.476D+00
 -9.232D-05  2.978D+00
 -1.249D-04  2.534D+00
 -8.601D-05  3.363D+00
 -1.354D-04  2.602D+00
 -6.743D-05  4.142D+00
 -1.450D-04  2.680D+00
 -5.618D-05  4.530D+00
 -1.534D-04  2.769D+00
 -7.008D-05  3.544D+00
 -1.606D-04  2.869D+00
 -1.207D-04  1.547D+00
 -1.664D-04  2.979D+00
 -2.898D-04 -1.028D+00
 -1.713D-04  3.095D+00
 -7.556D-04 -2.228D+00
 -1.763D-04  3.204D+00
 -1.919D-03 -1.381D+00
 -1.846D-04  3.272D+00
 -4.836D-06  5.972D-01
 -3.530D-06 -2.661D-01
 -1.683D-06 -1.497D+00
 -8.604D-07  4.119D+00
 -2.330D-06  3.661D+00
 -4.941D-06  2.902D+00
 -7.840D-06  2.607D+00
 -1.101D-05  2.456D+00
 -1.450D-05  2.361D+00
 -1.822D-05  2.305D+00
 -2.230D-05  2.261D+00
 -2.649D-05  2.241D+00
 -3.116D-05  2.215D+00
 -3.571D-05  2.214D+00
 -4.100D-05  2.195D+00
 -4.572D-05  2.210D+00
 -5.171D-05  2.190D+00
 -5.631D-05  2.223D+00
 -6.318D-05  2.197D+00
 -6.720D-05  2.251D+00
 -7.527D-05  2.211D+00
 -7.799D-05  2.295D+00
 -8.783D-05  2.233D+00
 -8.814D-05  2.360D+00
 -1.007D-04  2.262D+00
 -9.689D-05  2.451D+00
 -1.137D-04  2.296D+00
 -1.031D-04  2.583D+00
 -1.265D-04  2.338D+00
 -1.052D-04  2.779D+00
 -1.391D-04  2.386D+00
 -1.005D-04  3.095D+00
 -1.511D-04  2.442D+00
 -8.465D-05  3.679D+00
 -1.623D-04  2.505D+00
 -6.221D-05  4.493D+00
 -1.727D-04  2.577D+00
 -6.689D-05  3.919D+00
 -1.819D-04  2.655D+00
 -1.080D-04  2.087D+00
 -1.902D-04  2.741D+00
 -2.516D-04 -6.203D-01
 -1.978D-04  2.828D+00
 -7.017D-04 -2.380D+00
 -2.057D-04  2.909D+00
 -1.809D-03 -1.452D+00
 -2.168D-04  2.956D+00
 -4.556D-06  5.969D-01
 -3.236D-06 -2.945D-01
 -1.341D-06 -8.459D-01
 -7.798D-07  4.573D+00
 -2.711D-06  3.278D+00
 -5.345D-06  2.692D+00
 -8.268D-06  2.451D+00
 -1.151D-05  2.319D+00
 -1.502D-05  2.241D+00
 -1.886D-05  2.187D+00
 -2.291D-05  2.156D+00
 -2.735D-05  2.127D+00
 -3.186D-05  2.117D+00
 -3.692D-05  2.099D+00
 -4.177D-05  2.104D+00
 -4.747D-05  2.088D+00
 -5.247D-05  2.106D+00
 -5.892D-05  2.087D+00
 -6.376D-05  2.120D+00
 -7.116D-05  2.095D+00
 -7.536D-05  2.148D+00
 -8.405D-05  2.109D+00
 -8.688D-05  2.189D+00
 -9.746D-05  2.129D+00
 -9.781D-05  2.247D+00
 -1.112D-04  2.154D+00
 -1.074D-04  2.329D+00
 -1.252D-04  2.184D+00
 -1.146D-04  2.444D+00
 -1.391D-04  2.219D+00
 -1.178D-04  2.614D+00
 -1.529D-04  2.260D+00
 -1.145D-04  2.879D+00
 -1.662D-04  2.306D+00
 -1.009D-04  3.344D+00
 -1.790D-04  2.359D+00
 -6.845D-05  4.433D+00
 -1.910D-04  2.417D+00
 -6.679D-05  4.183D+00
 -2.022D-04  2.480D+00
 -9.492D-05  2.599D+00
 -2.126D-04  2.548D+00
 -2.183D-04 -1.944D-01
 -2.226D-04  2.616D+00
 -6.508D-04 -2.559D+00
 -2.330D-04  2.678D+00
 -1.704D-03 -1.527D+00
 -2.465D-04  2.713D+00
 -4.297D-06  5.967D-01
 -2.968D-06 -3.229D-01
 -1.070D-06 -3.329D-01
 -8.415D-07  4.529D+00
 -3.030D-06  2.992D+00
 -5.672D-06  2.522D+00
 -8.627D-06  2.316D+00
 -1.188D-05  2.205D+00
 -1.545D-05  2.134D+00
 -1.929D-05  2.090D+00
 -2.347D-05  2.056D+00
 -2.784D-05  2.039D+00
 -3.263D-05  2.019D+00
 -3.745D-05  2.016D+00
 -4.287D-05  2.001D+00
 -4.801D-05  2.010D+00
 -5.411D-05  1.996D+00
 -5.936D-05  2.015D+00
 -6.626D-05  1.998D+00
 -7.130D-05  2.031D+00
 -7.921D-05  2.006D+00
 -8.356D-05  2.057D+00
 -9.285D-05  2.019D+00
 -9.578D-05  2.095D+00
 -1.070D-04  2.037D+00
 -1.074D-04  2.148D+00
 -1.217D-04  2.059D+00
 -1.178D-04  2.221D+00
 -1.365D-04  2.085D+00
 -1.258D-04  2.324D+00
 -1.515D-04  2.115D+00
 -1.301D-04  2.473D+00
 -1.663D-04  2.150D+00
 -1.282D-04  2.700D+00
 -1.809D-04  2.189D+00
 -1.165D-04  3.084D+00
 -1.950D-04  2.233D+00
 -8.801D-05  3.883D+00
 -2.086D-04  2.281D+00
 -6.478D-05  4.487D+00
 -2.215D-04  2.333D+00
 -9.031D-05  3.000D+00
 -2.338D-04  2.387D+00
 -1.911D-04  3.567D-01
 -2.459D-04  2.442D+00
 -5.810D-04 -2.361D+00
 -2.585D-04  2.490D+00
 -1.602D-03 -1.598D+00
 -2.741D-04  2.517D+00
 -4.056D-06  5.967D-01
 -2.724D-06 -3.513D-01
 -8.636D-07  3.307D-01
 -9.113D-07  4.424D+00
 -3.294D-06  2.769D+00
 -5.945D-06  2.378D+00
 -8.903D-06  2.203D+00
 -1.218D-05  2.103D+00
 -1.575D-05  2.043D+00
 -1.965D-05  2.001D+00
 -2.380D-05  1.975D+00
 -2.832D-05  1.952D+00
 -3.298D-05  1.943D+00
 -3.812D-05  1.928D+00
 -4.322D-05  1.929D+00
 -4.900D-05  1.918D+00
 -5.439D-05  1.928D+00
 -6.088D-05  1.915D+00
 -6.635D-05  1.936D+00
 -7.368D-05  1.919D+00
 -7.891D-05  1.952D+00
 -8.731D-05  1.927D+00
 -9.179D-05  1.977D+00
 -1.016D-04  1.939D+00
 -1.046D-04  2.012D+00
 -1.166D-04  1.955D+00
 -1.170D-04  2.060D+00
 -1.320D-04  1.974D+00
 -1.280D-04  2.127D+00
 -1.476D-04  1.997D+00
 -1.369D-04  2.219D+00
 -1.635D-04  2.023D+00
 -1.421D-04  2.350D+00
 -1.793D-04  2.053D+00
 -1.415D-04  2.548D+00
 -1.950D-04  2.086D+00
 -1.315D-04  2.872D+00
 -2.104D-04  2.123D+00
 -1.060D-04  3.501D+00
 -2.254D-04  2.163D+00
 -7.212D-05  4.407D+00
 -2.398D-04  2.206D+00
 -8.341D-05  3.433D+00
 -2.538D-04  2.251D+00
 -1.666D-04  8.369D-01
 -2.677D-04  2.295D+00
 -5.148D-04 -2.108D+00
 -2.823D-04  2.334D+00
 -1.505D-03 -1.657D+00
 -2.998D-04  2.354D+00
 -3.834D-06  5.967D-01
 -2.502D-06 -3.798D-01
 -6.985D-07  9.675D-01
 -1.160D-06  3.801D+00
 -3.514D-06  2.587D+00
 -6.160D-06  2.257D+00
 -9.125D-06  2.102D+00
 -1.240D-05  2.016D+00
 -1.599D-05  1.960D+00
 -1.987D-05  1.925D+00
 -2.409D-05  1.897D+00
 -2.853D-05  1.882D+00
 -3.336D-05  1.866D+00
 -3.831D-05  1.862D+00
 -4.378D-05  1.851D+00
 -4.913D-05  1.854D+00
 -5.526D-05  1.844D+00
 -6.089D-05  1.856D+00
 -6.775D-05  1.844D+00
 -7.342D-05  1.865D+00
 -8.117D-05  1.848D+00
 -8.655D-05  1.881D+00
 -9.542D-05  1.856D+00
 -1.000D-04  1.904D+00
 -1.104D-04  1.867D+00
 -1.134D-04  1.937D+00
 -1.260D-04  1.881D+00
 -1.264D-04  1.982D+00
 -1.421D-04  1.898D+00
 -1.381D-04  2.042D+00
 -1.586D-04  1.918D+00
 -1.477D-04  2.125D+00
 -1.752D-04  1.941D+00
 -1.539D-04  2.242D+00
 -1.920D-04  1.966D+00
 -1.544D-04  2.417D+00
 -2.087D-04  1.995D+00
 -1.460D-04  2.696D+00
 -2.252D-04  2.026D+00
 -1.231D-04  3.210D+00
 -2.413D-04  2.060D+00
 -7.464D-05  4.503D+00
 -2.572D-04  2.096D+00
 -7.858D-05  3.800D+00
 -2.727D-04  2.133D+00
 -1.461D-04  1.313D+00
 -2.882D-04  2.169D+00
 -4.577D-04 -1.921D+00
 -3.045D-04  2.200D+00
 -1.411D-03 -1.720D+00
 -3.236D-04  2.215D+00
 -3.627D-06  5.968D-01
 -2.300D-06 -4.082D-01
 -5.718D-07  1.595D+00
 -1.363D-06  3.389D+00
 -3.695D-06  2.436D+00
 -6.333D-06  2.150D+00
 -9.285D-06  2.015D+00
 -1.256D-05  1.936D+00
 -1.613D-05  1.888D+00
 -2.003D-05  1.853D+00
 -2.420D-05  1.832D+00
 -2.872D-05  1.813D+00
 -3.344D-05  1.804D+00
 -3.859D-05  1.792D+00
 -4.379D-05  1.792D+00
 -4.958D-05  1.782D+00
 -5.517D-05  1.788D+00
 -6.164D-05  1.779D+00
 -6.747D-05  1.791D+00
 -7.470D-05  1.780D+00
 -8.054D-05  1.801D+00
 -8.868D-05  1.784D+00
 -9.420D-05  1.816D+00
 -1.035D-04  1.792D+00
 -1.082D-04  1.839D+00
 -1.191D-04  1.802D+00
 -1.222D-04  1.869D+00
 -1.353D-04  1.814D+00
 -1.356D-04  1.910D+00
 -1.521D-04  1.829D+00
 -1.480D-04  1.965D+00
 -1.692D-04  1.846D+00
 -1.583D-04  2.041D+00
 -1.866D-04  1.866D+00
 -1.653D-04  2.146D+00
 -2.042D-04  1.888D+00
 -1.669D-04  2.302D+00
 -2.218D-04  1.913D+00
 -1.599D-04  2.545D+00
 -2.393D-04  1.939D+00
 -1.393D-04  2.977D+00
 -2.566D-04  1.968D+00
 -9.382D-05  3.998D+00
 -2.736D-04  1.998D+00
 -7.858D-05  4.027D+00
 -2.905D-04  2.029D+00
 -1.319D-04  1.806D+00
 -3.075D-04  2.059D+00
 -4.053D-04 -1.735D+00
 -3.252D-04  2.084D+00
 -1.321D-03 -1.786D+00
 -3.458D-04  2.096D+00
 -3.434D-06  5.970D-01
 -2.116D-06 -4.367D-01
 -4.836D-07  2.202D+00
 -1.532D-06  3.086D+00
 -3.843D-06  2.306D+00
 -6.464D-06  2.057D+00
 -9.404D-06  1.936D+00
 -1.265D-05  1.866D+00
 -1.623D-05  1.821D+00
 -2.009D-05  1.791D+00
 -2.428D-05  1.769D+00
 -2.872D-05  1.755D+00
 -3.354D-05  1.742D+00
 -3.852D-05  1.737D+00
 -4.396D-05  1.728D+00
 -4.941D-05  1.730D+00
 -5.549D-05  1.721D+00
 -6.131D-05  1.729D+00
 -6.809D-05  1.720D+00
 -7.411D-05  1.733D+00
 -8.168D-05  1.721D+00
 -8.768D-05  1.743D+00
 -9.620D-05  1.726D+00
 -1.018D-04  1.758D+00
 -1.116D-04  1.733D+00
 -1.163D-04  1.779D+00
 -1.277D-04  1.742D+00
 -1.308D-04  1.807D+00
 -1.445D-04  1.753D+00
 -1.448D-04  1.845D+00
 -1.618D-04  1.766D+00
 -1.577D-04  1.895D+00
 -1.796D-04  1.781D+00
 -1.687D-04  1.964D+00
 -1.977D-04  1.798D+00
 -1.764D-04  2.060D+00
 -2.160D-04  1.817D+00
 -1.789D-04  2.199D+00
 -2.344D-04  1.838D+00
 -1.734D-04  2.414D+00
 -2.528D-04  1.861D+00
 -1.547D-04  2.785D+00
 -2.710D-04  1.886D+00
 -1.133D-04  3.587D+00
 -2.892D-04  1.911D+00
 -7.454D-05  4.360D+00
 -3.072D-04  1.937D+00
 -1.176D-04  2.265D+00
 -3.255D-04  1.962D+00
 -3.547D-04 -1.280D+00
 -3.446D-04  1.982D+00
 -1.236D-03 -1.856D+00
 -3.663D-04  1.991D+00
 -3.255D-06  5.972D-01
 -1.948D-06 -4.651D-01
 -4.061D-07  2.777D+00
 -1.673D-06  2.849D+00
 -3.962D-06  2.195D+00
 -6.563D-06  1.974D+00
 -9.477D-06  1.866D+00
 -1.271D-05  1.802D+00
 -1.624D-05  1.761D+00
 -2.010D-05  1.733D+00
 -2.424D-05  1.714D+00
 -2.871D-05  1.699D+00
 -3.342D-05  1.690D+00
 -3.851D-05  1.680D+00
 -4.373D-05  1.678D+00
 -4.945D-05  1.671D+00
 -5.513D-05  1.674D+00
 -6.150D-05  1.666D+00
 -6.751D-05  1.675D+00
 -7.459D-05  1.666D+00
 -8.079D-05  1.680D+00
 -8.868D-05  1.668D+00
 -9.481D-05  1.690D+00
 -1.037D-04  1.672D+00
 -1.094D-04  1.704D+00
 -1.195D-04  1.679D+00
 -1.243D-04  1.723D+00
 -1.362D-04  1.687D+00
 -1.392D-04  1.750D+00
 -1.535D-04  1.697D+00
 -1.537D-04  1.785D+00
 -1.713D-04  1.708D+00
 -1.672D-04  1.831D+00
 -1.897D-04  1.721D+00
 -1.787D-04  1.894D+00
 -2.084D-04  1.736D+00
 -1.871D-04  1.981D+00
 -2.274D-04  1.752D+00
 -1.906D-04  2.107D+00
 -2.465D-04  1.771D+00
 -1.863D-04  2.299D+00
 -2.656D-04  1.790D+00
 -1.695D-04  2.621D+00
 -2.848D-04  1.811D+00
 -1.315D-04  3.279D+00
 -3.039D-04  1.833D+00
 -8.113D-05  4.312D+00
 -3.230D-04  1.855D+00
 -1.076D-04  2.676D+00
 -3.423D-04  1.875D+00
 -3.116D-04 -9.034D-01
 -3.626D-04  1.892D+00
 -1.156D-03 -1.919D+00
 -3.853D-04  1.898D+00
 -3.088D-06  5.976D-01
 -1.794D-06 -4.934D-01
 -3.644D-07  3.259D+00
 -1.791D-06  2.656D+00
 -4.055D-06  2.096D+00
 -6.629D-06  1.900D+00
 -9.519D-06  1.802D+00
 -1.272D-05  1.744D+00
 -1.623D-05  1.706D+00
 -2.004D-05  1.681D+00
 -2.417D-05  1.662D+00
 -2.856D-05  1.650D+00
 -3.330D-05  1.639D+00
 -3.825D-05  1.634D+00
 -4.361D-05  1.626D+00
 -4.906D-05  1.626D+00
 -5.505D-05  1.619D+00
 -6.092D-05  1.623D+00
 -6.757D-05  1.616D+00
 -7.376D-05  1.625D+00
 -8.113D-05  1.616D+00
 -8.747D-05  1.631D+00
 -9.567D-05  1.619D+00
 -1.019D-04  1.640D+00
 -1.111D-04  1.623D+00
 -1.169D-04  1.654D+00
 -1.274D-04  1.628D+00
 -1.322D-04  1.672D+00
 -1.445D-04  1.636D+00
 -1.476D-04  1.697D+00
 -1.623D-04  1.644D+00
 -1.625D-04  1.729D+00
 -1.806D-04  1.654D+00
 -1.764D-04  1.772D+00
 -1.995D-04  1.666D+00
 -1.885D-04  1.830D+00
 -2.187D-04  1.679D+00
 -1.975D-04  1.910D+00
 -2.383D-04  1.693D+00
 -2.019D-04  2.024D+00
 -2.580D-04  1.708D+00
 -1.987D-04  2.196D+00
 -2.779D-04  1.725D+00
 -1.836D-04  2.480D+00
 -2.978D-04  1.743D+00
 -1.486D-04  3.033D+00
 -3.177D-04  1.761D+00
 -8.513D-05  4.345D+00
 -3.377D-04  1.780D+00
 -1.014D-04  3.043D+00
 -3.581D-04  1.797D+00
 -2.721D-04 -5.701D-01
 -3.793D-04  1.810D+00
 -1.079D-03 -1.985D+00
 -4.029D-04  1.814D+00
 -2.932D-06  5.979D-01
 -1.653D-06 -5.216D-01
 -3.134D-07  3.790D+00
 -1.890D-06  2.496D+00
 -4.126D-06  2.009D+00
 -6.671D-06  1.833D+00
 -9.525D-06  1.743D+00
 -1.269D-05  1.690D+00
 -1.616D-05  1.656D+00
 -1.994D-05  1.632D+00
 -2.400D-05  1.616D+00
 -2.840D-05  1.602D+00
 -3.303D-05  1.594D+00
 -3.803D-05  1.586D+00
 -4.320D-05  1.583D+00
 -4.882D-05  1.577D+00
 -5.447D-05  1.578D+00
 -6.071D-05  1.572D+00
 -6.677D-05  1.577D+00
 -7.368D-05  1.570D+00
 -8.003D-05  1.580D+00
 -8.767D-05  1.571D+00
 -9.413D-05  1.585D+00
 -1.026D-04  1.573D+00
 -1.090D-04  1.594D+00
 -1.185D-04  1.577D+00
 -1.243D-04  1.607D+00
 -1.352D-04  1.582D+00
 -1.400D-04  1.624D+00
 -1.527D-04  1.588D+00
 -1.557D-04  1.647D+00
 -1.709D-04  1.595D+00
 -1.710D-04  1.677D+00
 -1.897D-04  1.604D+00
 -1.853D-04  1.717D+00
 -2.090D-04  1.614D+00
 -1.979D-04  1.770D+00
 -2.287D-04  1.625D+00
 -2.076D-04  1.844D+00
 -2.487D-04  1.637D+00
 -2.127D-04  1.948D+00
 -2.690D-04  1.651D+00
 -2.106D-04  2.103D+00
 -2.895D-04  1.665D+00
 -1.971D-04  2.356D+00
 -3.101D-04  1.680D+00
 -1.647D-04  2.831D+00
 -3.307D-04  1.696D+00
 -9.549D-05  4.155D+00
 -3.515D-04  1.711D+00
 -9.243D-05  3.454D+00
 -3.727D-04  1.725D+00
 -2.396D-04 -1.351D-01
 -3.948D-04  1.736D+00
 -1.007D-03 -2.056D+00
 -4.192D-04  1.739D+00
 -2.787D-06  5.983D-01
 -1.524D-06 -5.496D-01
 -3.047D-07  4.043D+00
 -1.972D-06  2.359D+00
 -4.177D-06  1.931D+00
 -6.688D-06  1.772D+00
 -9.508D-06  1.690D+00
 -1.263D-05  1.641D+00
 -1.606D-05  1.609D+00
 -1.979D-05  1.587D+00
 -2.382D-05  1.571D+00
 -2.813D-05  1.560D+00
 -3.277D-05  1.550D+00
 -3.763D-05  1.545D+00
 -4.287D-05  1.538D+00
 -4.826D-05  1.537D+00
 -5.410D-05  1.532D+00
 -5.995D-05  1.534D+00
 -6.643D-05  1.528D+00
 -7.266D-05  1.534D+00
 -7.981D-05  1.527D+00
 -8.630D-05  1.537D+00
 -9.419D-05  1.528D+00
 -1.008D-04  1.543D+00
 -1.095D-04  1.530D+00
 -1.159D-04  1.551D+00
 -1.258D-04  1.533D+00
 -1.316D-04  1.564D+00
 -1.429D-04  1.538D+00
 -1.476D-04  1.580D+00
 -1.607D-04  1.543D+00
 -1.637D-04  1.601D+00
 -1.793D-04  1.550D+00
 -1.793D-04  1.629D+00
 -1.984D-04  1.557D+00
 -1.940D-04  1.666D+00
 -2.181D-04  1.566D+00
 -2.070D-04  1.715D+00
 -2.382D-04  1.575D+00
 -2.173D-04  1.782D+00
 -2.587D-04  1.586D+00
 -2.231D-04  1.878D+00
 -2.795D-04  1.597D+00
 -2.220D-04  2.019D+00
 -3.005D-04  1.609D+00
 -2.100D-04  2.245D+00
 -3.217D-04  1.622D+00
 -1.800D-04  2.659D+00
 -3.430D-04  1.635D+00
 -1.164D-04  3.700D+00
 -3.645D-04  1.648D+00
 -9.000D-05  3.709D+00
 -3.864D-04  1.660D+00
 -2.124D-04  3.121D-01
 -4.092D-04  1.668D+00
 -9.371D-04 -2.132D+00
 -4.342D-04  1.670D+00
 -2.651D-06  5.988D-01
 -1.407D-06 -5.774D-01
 -2.762D-07  4.438D+00
 -2.039D-06  2.241D+00
 -4.211D-06  1.861D+00
 -6.687D-06  1.715D+00
 -9.465D-06  1.640D+00
 -1.255D-05  1.595D+00
 -1.593D-05  1.566D+00
 -1.961D-05  1.545D+00
 -2.357D-05  1.531D+00
 -2.785D-05  1.519D+00
 -3.239D-05  1.512D+00
 -3.726D-05  1.504D+00
 -4.234D-05  1.501D+00
 -4.781D-05  1.495D+00
 -5.338D-05  1.496D+00
 -5.946D-05  1.490D+00
 -6.548D-05  1.494D+00
 -7.218D-05  1.488D+00
 -7.856D-05  1.494D+00
 -8.594D-05  1.487D+00
 -9.254D-05  1.497D+00
 -1.007D-04  1.488D+00
 -1.073D-04  1.503D+00
 -1.164D-04  1.490D+00
 -1.228D-04  1.511D+00
 -1.330D-04  1.493D+00
 -1.388D-04  1.522D+00
 -1.504D-04  1.497D+00
 -1.551D-04  1.538D+00
 -1.685D-04  1.501D+00
 -1.714D-04  1.557D+00
 -1.874D-04  1.507D+00
 -1.874D-04  1.583D+00
 -2.069D-04  1.513D+00
 -2.024D-04  1.617D+00
 -2.269D-04  1.521D+00
 -2.158D-04  1.663D+00
 -2.474D-04  1.529D+00
 -2.266D-04  1.725D+00
 -2.683D-04  1.538D+00
 -2.331D-04  1.813D+00
 -2.895D-04  1.547D+00
 -2.329D-04  1.942D+00
 -3.110D-04  1.558D+00
 -2.223D-04  2.146D+00
 -3.326D-04  1.568D+00
 -1.945D-04  2.511D+00
 -3.544D-04  1.579D+00
 -1.354D-04  3.365D+00
 -3.765D-04  1.590D+00
 -8.848D-05  3.935D+00
 -3.990D-04  1.599D+00
 -1.867D-04  7.264D-01
 -4.224D-04  1.606D+00
 -8.731D-04 -2.213D+00
 -4.480D-04  1.606D+00
 -2.523D-06  5.993D-01
 -1.298D-06 -6.049D-01
 -2.985D-07  4.346D+00
 -2.092D-06  2.137D+00
 -4.230D-06  1.796D+00
 -6.667D-06  1.664D+00
 -9.404D-06  1.594D+00
 -1.244D-05  1.553D+00
 -1.577D-05  1.525D+00
 -1.939D-05  1.506D+00
 -2.331D-05  1.492D+00
 -2.751D-05  1.482D+00
 -3.202D-05  1.473D+00
 -3.676D-05  1.468D+00
 -4.186D-05  1.462D+00
 -4.713D-05  1.461D+00
 -5.281D-05  1.456D+00
 -5.856D-05  1.457D+00
 -6.485D-05  1.452D+00
 -7.102D-05  1.456D+00
 -7.794D-05  1.450D+00
 -8.444D-05  1.457D+00
 -9.204D-05  1.450D+00
 -9.875D-05  1.460D+00
 -1.071D-04  1.450D+00
 -1.138D-04  1.465D+00
 -1.231D-04  1.452D+00
 -1.296D-04  1.473D+00
 -1.400D-04  1.454D+00
 -1.459D-04  1.484D+00
 -1.577D-04  1.458D+00
 -1.624D-04  1.498D+00
 -1.762D-04  1.462D+00
 -1.790D-04  1.516D+00
 -1.953D-04  1.466D+00
 -1.952D-04  1.540D+00
 -2.151D-04  1.472D+00
 -2.106D-04  1.572D+00
 -2.354D-04  1.478D+00
 -2.243D-04  1.614D+00
 -2.562D-04  1.485D+00
 -2.355D-04  1.672D+00
 -2.774D-04  1.492D+00
 -2.426D-04  1.753D+00
 -2.990D-04  1.500D+00
 -2.433D-04  1.871D+00
 -3.208D-04  1.509D+00
 -2.340D-04  2.056D+00
 -3.429D-04  1.518D+00
 -2.083D-04  2.381D+00
 -3.651D-04  1.527D+00
 -1.531D-04  3.101D+00
 -3.877D-04  1.536D+00
 -8.338D-05  4.246D+00
 -4.107D-04  1.543D+00
 -1.649D-04  1.140D+00
 -4.346D-04  1.548D+00
 -8.131D-04 -2.300D+00
 -4.606D-04  1.547D+00
 -2.404D-06  5.998D-01
 -1.199D-06 -6.321D-01
 -2.990D-07  4.435D+00
 -2.134D-06  2.045D+00
 -4.236D-06  1.738D+00
 -6.633D-06  1.616D+00
 -9.324D-06  1.552D+00
 -1.231D-05  1.513D+00
 -1.558D-05  1.487D+00
 -1.915D-05  1.469D+00
 -2.300D-05  1.456D+00
 -2.715D-05  1.446D+00
 -3.156D-05  1.439D+00
 -3.628D-05  1.432D+00
 -4.123D-05  1.429D+00
 -4.653D-05  1.424D+00
 -5.198D-05  1.423D+00
 -5.787D-05  1.419D+00
 -6.378D-05  1.421D+00
 -7.026D-05  1.416D+00
 -7.658D-05  1.420D+00
 -8.369D-05  1.414D+00
 -9.031D-05  1.421D+00
 -9.811D-05  1.414D+00
 -1.049D-04  1.425D+00
 -1.135D-04  1.415D+00
 -1.203D-04  1.430D+00
 -1.298D-04  1.416D+00
 -1.363D-04  1.437D+00
 -1.469D-04  1.418D+00
 -1.528D-04  1.447D+00
 -1.649D-04  1.421D+00
 -1.695D-04  1.460D+00
 -1.836D-04  1.424D+00
 -1.863D-04  1.477D+00
 -2.030D-04  1.428D+00
 -2.028D-04  1.499D+00
 -2.230D-04  1.432D+00
 -2.184D-04  1.529D+00
 -2.436D-04  1.437D+00
 -2.325D-04  1.568D+00
 -2.646D-04  1.443D+00
 -2.441D-04  1.622D+00
 -2.861D-04  1.449D+00
 -2.517D-04  1.697D+00
 -3.079D-04  1.456D+00
 -2.533D-04  1.805D+00
 -3.301D-04  1.463D+00
 -2.452D-04  1.974D+00
 -3.525D-04  1.471D+00
 -2.213D-04  2.265D+00
 -3.751D-04  1.478D+00
 -1.696D-04  2.884D+00
 -3.981D-04  1.485D+00
 -9.037D-05  4.176D+00
 -4.216D-04  1.491D+00
 -1.503D-04  1.560D+00
 -4.459D-04  1.495D+00
 -7.560D-04 -2.396D+00
 -4.721D-04  1.493D+00
 -2.292D-06  6.003D-01
 -1.108D-06 -6.588D-01
 -3.743D-07  3.838D+00
 -2.165D-06  1.963D+00
 -4.231D-06  1.684D+00
 -6.585D-06  1.571D+00
 -9.231D-06  1.511D+00
 -1.216D-05  1.475D+00
 -1.539D-05  1.451D+00
 -1.889D-05  1.434D+00
 -2.268D-05  1.422D+00
 -2.674D-05  1.413D+00
 -3.111D-05  1.405D+00
 -3.571D-05  1.400D+00
 -4.064D-05  1.395D+00
 -4.577D-05  1.393D+00
 -5.127D-05  1.389D+00
 -5.688D-05  1.389D+00
 -6.296D-05  1.385D+00
 -6.902D-05  1.387D+00
 -7.568D-05  1.382D+00
 -8.212D-05  1.387D+00
 -8.942D-05  1.381D+00
 -9.613D-05  1.388D+00
 -1.041D-04  1.380D+00
 -1.110D-04  1.391D+00
 -1.198D-04  1.381D+00
 -1.266D-04  1.396D+00
 -1.363D-04  1.382D+00
 -1.428D-04  1.402D+00
 -1.537D-04  1.383D+00
 -1.595D-04  1.412D+00
 -1.718D-04  1.385D+00
 -1.765D-04  1.424D+00
 -1.908D-04  1.388D+00
 -1.935D-04  1.440D+00
 -2.104D-04  1.391D+00
 -2.101D-04  1.461D+00
 -2.306D-04  1.395D+00
 -2.259D-04  1.488D+00
 -2.514D-04  1.399D+00
 -2.403D-04  1.525D+00
 -2.726D-04  1.404D+00
 -2.522D-04  1.575D+00
 -2.943D-04  1.409D+00
 -2.604D-04  1.644D+00
 -3.164D-04  1.414D+00
 -2.627D-04  1.744D+00
 -3.388D-04  1.420D+00
 -2.557D-04  1.899D+00
 -3.615D-04  1.426D+00
 -2.336D-04  2.162D+00
 -3.844D-04  1.432D+00
 -1.851D-04  2.702D+00
 -4.077D-04  1.438D+00
 -9.413D-05  4.197D+00
 -4.315D-04  1.442D+00
 -1.356D-04  1.957D+00
 -4.562D-04  1.444D+00
 -7.018D-04 -2.503D+00
 -4.827D-04  1.441D+00
 -2.187D-06  6.009D-01
 -1.025D-06 -6.851D-01
 -4.357D-07  3.435D+00
 -2.188D-06  1.888D+00
 -4.215D-06  1.633D+00
 -6.527D-06  1.529D+00
 -9.123D-06  1.474D+00
 -1.200D-05  1.440D+00
 -1.517D-05  1.417D+00
 -1.861D-05  1.401D+00
 -2.233D-05  1.390D+00
 -2.634D-05  1.381D+00
 -3.060D-05  1.374D+00
 -3.516D-05  1.368D+00
 -3.995D-05  1.365D+00
 -4.507D-05  1.361D+00
 -5.037D-05  1.359D+00
 -5.605D-05  1.356D+00
 -6.182D-05  1.356D+00
 -6.806D-05  1.352D+00
 -7.425D-05  1.355D+00
 -8.109D-05  1.350D+00
 -8.763D-05  1.355D+00
 -9.510D-05  1.349D+00
 -1.019D-04  1.356D+00
 -1.101D-04  1.348D+00
 -1.170D-04  1.359D+00
 -1.259D-04  1.348D+00
 -1.328D-04  1.363D+00
 -1.427D-04  1.349D+00
 -1.492D-04  1.370D+00
 -1.603D-04  1.350D+00
 -1.661D-04  1.378D+00
 -1.786D-04  1.352D+00
 -1.832D-04  1.389D+00
 -1.977D-04  1.354D+00
 -2.003D-04  1.404D+00
 -2.175D-04  1.356D+00
 -2.171D-04  1.424D+00
 -2.379D-04  1.359D+00
 -2.332D-04  1.449D+00
 -2.588D-04  1.362D+00
 -2.478D-04  1.483D+00
 -2.802D-04  1.366D+00
 -2.600D-04  1.530D+00
 -3.021D-04  1.370D+00
 -2.687D-04  1.594D+00
 -3.244D-04  1.375D+00
 -2.716D-04  1.687D+00
 -3.470D-04  1.379D+00
 -2.657D-04  1.829D+00
 -3.699D-04  1.384D+00
 -2.453D-04  2.068D+00
 -3.931D-04  1.389D+00
 -1.997D-04  2.545D+00
 -4.166D-04  1.393D+00
 -1.004D-04  4.128D+00
 -4.407D-04  1.396D+00
 -1.206D-04  2.356D+00
 -4.655D-04  1.397D+00
 -6.484D-04 -2.563D+00
 -4.922D-04  1.393D+00
 -2.088D-06  6.014D-01
 -9.479D-07 -7.107D-01
 -4.873D-07  3.133D+00
 -2.202D-06  1.820D+00
 -4.191D-06  1.587D+00
 -6.459D-06  1.490D+00
 -9.007D-06  1.438D+00
 -1.183D-05  1.407D+00
 -1.494D-05  1.385D+00
 -1.831D-05  1.370D+00
 -2.197D-05  1.359D+00
 -2.589D-05  1.351D+00
 -3.010D-05  1.344D+00
 -3.455D-05  1.340D+00
 -3.930D-05  1.335D+00
 -4.426D-05  1.332D+00
 -4.956D-05  1.328D+00
 -5.501D-05  1.328D+00
 -6.086D-05  1.324D+00
 -6.676D-05  1.325D+00
 -7.317D-05  1.321D+00
 -7.947D-05  1.324D+00
 -8.647D-05  1.319D+00
 -9.311D-05  1.324D+00
 -1.007D-04  1.318D+00
 -1.076D-04  1.326D+00
 -1.159D-04  1.318D+00
 -1.229D-04  1.328D+00
 -1.320D-04  1.317D+00
 -1.389D-04  1.332D+00
 -1.489D-04  1.318D+00
 -1.554D-04  1.338D+00
 -1.667D-04  1.318D+00
 -1.724D-04  1.346D+00
 -1.852D-04  1.319D+00
 -1.897D-04  1.356D+00
 -2.044D-04  1.321D+00
 -2.070D-04  1.370D+00
 -2.243D-04  1.323D+00
 -2.239D-04  1.388D+00
 -2.448D-04  1.325D+00
 -2.401D-04  1.412D+00
 -2.659D-04  1.327D+00
 -2.549D-04  1.444D+00
 -2.875D-04  1.330D+00
 -2.675D-04  1.487D+00
 -3.095D-04  1.333D+00
 -2.765D-04  1.547D+00
 -3.319D-04  1.337D+00
 -2.801D-04  1.633D+00
 -3.546D-04  1.340D+00
 -2.752D-04  1.764D+00
 -3.777D-04  1.344D+00
 -2.563D-04  1.982D+00
 -4.011D-04  1.347D+00
 -2.134D-04  2.407D+00
 -4.248D-04  1.350D+00
 -1.211D-04  3.677D+00
 -4.490D-04  1.352D+00
 -1.152D-04  2.660D+00
 -4.741D-04  1.352D+00
 -5.840D-04 -2.336D+00
 -5.008D-04  1.348D+00
 -1.995D-06  6.020D-01
 -8.772D-07 -7.356D-01
 -5.309D-07  2.893D+00
 -2.210D-06  1.758D+00
 -4.159D-06  1.543D+00
 -6.383D-06  1.453D+00
 -8.880D-06  1.405D+00
 -1.165D-05  1.375D+00
 -1.469D-05  1.355D+00
 -1.801D-05  1.341D+00
 -2.159D-05  1.330D+00
 -2.545D-05  1.322D+00
 -2.955D-05  1.316D+00
 -3.395D-05  1.311D+00
 -3.857D-05  1.307D+00
 -4.350D-05  1.303D+00
 -4.862D-05  1.302D+00
 -5.408D-05  1.298D+00
 -5.967D-05  1.298D+00
 -6.568D-05  1.295D+00
 -7.170D-05  1.296D+00
 -7.826D-05  1.292D+00
 -8.467D-05  1.295D+00
 -9.181D-05  1.290D+00
 -9.853D-05  1.295D+00
 -1.063D-04  1.289D+00
 -1.132D-04  1.296D+00
 -1.217D-04  1.288D+00
 -1.287D-04  1.299D+00
 -1.380D-04  1.288D+00
 -1.448D-04  1.303D+00
 -1.550D-04  1.288D+00
 -1.615D-04  1.308D+00
 -1.729D-04  1.288D+00
 -1.786D-04  1.315D+00
 -1.916D-04  1.289D+00
 -1.960D-04  1.325D+00
 -2.109D-04  1.289D+00
 -2.134D-04  1.337D+00
 -2.309D-04  1.291D+00
 -2.304D-04  1.354D+00
 -2.515D-04  1.292D+00
 -2.467D-04  1.377D+00
 -2.727D-04  1.294D+00
 -2.617D-04  1.406D+00
 -2.943D-04  1.296D+00
 -2.745D-04  1.447D+00
 -3.164D-04  1.298D+00
 -2.839D-04  1.502D+00
 -3.389D-04  1.301D+00
 -2.881D-04  1.583D+00
 -3.618D-04  1.303D+00
 -2.841D-04  1.704D+00
 -3.849D-04  1.306D+00
 -2.667D-04  1.903D+00
 -4.084D-04  1.308D+00
 -2.263D-04  2.285D+00
 -4.323D-04  1.310D+00
 -1.397D-04  3.343D+00
 -4.566D-04  1.311D+00
 -1.073D-04  2.995D+00
 -4.818D-04  1.310D+00
 -5.264D-04 -2.150D+00
 -5.086D-04  1.305D+00
 -1.908D-06  6.026D-01
 -8.122D-07 -7.596D-01
 -5.679D-07  2.697D+00
 -2.211D-06  1.700D+00
 -4.121D-06  1.502D+00
 -6.299D-06  1.418D+00
 -8.747D-06  1.373D+00
 -1.146D-05  1.345D+00
 -1.444D-05  1.326D+00
 -1.769D-05  1.313D+00
 -2.120D-05  1.302D+00
 -2.497D-05  1.295D+00
 -2.902D-05  1.289D+00
 -3.330D-05  1.284D+00
 -3.787D-05  1.280D+00
 -4.265D-05  1.278D+00
 -4.775D-05  1.274D+00
 -5.301D-05  1.273D+00
 -5.863D-05  1.270D+00
 -6.434D-05  1.270D+00
 -7.050D-05  1.266D+00
 -7.662D-05  1.268D+00
 -8.333D-05  1.264D+00
 -8.982D-05  1.267D+00
 -9.710D-05  1.262D+00
 -1.039D-04  1.267D+00
 -1.118D-04  1.261D+00
 -1.187D-04  1.268D+00
 -1.273D-04  1.260D+00
 -1.343D-04  1.271D+00
 -1.438D-04  1.259D+00
 -1.506D-04  1.274D+00
 -1.610D-04  1.259D+00
 -1.674D-04  1.279D+00
 -1.790D-04  1.259D+00
 -1.846D-04  1.285D+00
 -1.977D-04  1.259D+00
 -2.021D-04  1.294D+00
 -2.172D-04  1.259D+00
 -2.195D-04  1.306D+00
 -2.372D-04  1.260D+00
 -2.366D-04  1.322D+00
 -2.579D-04  1.260D+00
 -2.531D-04  1.342D+00
 -2.791D-04  1.262D+00
 -2.682D-04  1.370D+00
 -3.008D-04  1.263D+00
 -2.812D-04  1.408D+00
 -3.229D-04  1.264D+00
 -2.910D-04  1.460D+00
 -3.455D-04  1.266D+00
 -2.957D-04  1.535D+00
 -3.684D-04  1.267D+00
 -2.925D-04  1.647D+00
 -3.916D-04  1.269D+00
 -2.765D-04  1.831D+00
 -4.152D-04  1.270D+00
 -2.384D-04  2.176D+00
 -4.391D-04  1.271D+00
 -1.568D-04  3.079D+00
 -4.635D-04  1.271D+00
 -9.744D-05  3.363D+00
 -4.887D-04  1.270D+00
 -4.742D-04 -1.994D+00
 -5.155D-04  1.264D+00
 -1.825D-06  6.032D-01
 -7.523D-07 -7.828D-01
 -5.992D-07  2.531D+00
 -2.207D-06  1.647D+00
 -4.077D-06  1.464D+00
 -6.210D-06  1.385D+00
 -8.606D-06  1.343D+00
 -1.127D-05  1.316D+00
 -1.419D-05  1.298D+00
 -1.737D-05  1.285D+00
 -2.080D-05  1.276D+00
 -2.451D-05  1.269D+00
 -2.845D-05  1.263D+00
 -3.267D-05  1.258D+00
 -3.712D-05  1.255D+00
 -4.185D-05  1.251D+00
 -4.678D-05  1.249D+00
 -5.203D-05  1.246D+00
 -5.742D-05  1.246D+00
 -6.318D-05  1.242D+00
 -6.901D-05  1.243D+00
 -7.530D-05  1.239D+00
 -8.152D-05  1.241D+00
 -8.835D-05  1.237D+00
 -9.491D-05  1.240D+00
 -1.023D-04  1.235D+00
 -1.091D-04  1.240D+00
 -1.172D-04  1.234D+00
 -1.242D-04  1.241D+00
 -1.329D-04  1.232D+00
 -1.399D-04  1.243D+00
 -1.494D-04  1.232D+00
 -1.563D-04  1.246D+00
 -1.668D-04  1.231D+00
 -1.731D-04  1.250D+00
 -1.849D-04  1.230D+00
 -1.904D-04  1.256D+00
 -2.037D-04  1.230D+00
 -2.079D-04  1.265D+00
 -2.231D-04  1.230D+00
 -2.254D-04  1.276D+00
 -2.433D-04  1.230D+00
 -2.426D-04  1.290D+00
 -2.639D-04  1.230D+00
 -2.591D-04  1.309D+00
 -2.852D-04  1.230D+00
 -2.743D-04  1.335D+00
 -3.069D-04  1.231D+00
 -2.875D-04  1.370D+00
 -3.290D-04  1.232D+00
 -2.976D-04  1.419D+00
 -3.516D-04  1.232D+00
 -3.028D-04  1.489D+00
 -3.745D-04  1.233D+00
 -3.003D-04  1.593D+00
 -3.978D-04  1.234D+00
 -2.856D-04  1.763D+00
 -4.214D-04  1.235D+00
 -2.498D-04  2.077D+00
 -4.453D-04  1.235D+00
 -1.726D-04  2.862D+00
 -4.698D-04  1.234D+00
 -9.684D-05  3.532D+00
 -4.949D-04  1.231D+00
 -4.270D-04 -1.866D+00
 -5.216D-04  1.225D+00
 -1.747D-06  6.037D-01
 -6.971D-07 -8.048D-01
 -6.255D-07  2.389D+00
 -2.199D-06  1.598D+00
 -4.028D-06  1.427D+00
 -6.116D-06  1.354D+00
 -8.462D-06  1.314D+00
 -1.106D-05  1.289D+00
 -1.392D-05  1.272D+00
 -1.704D-05  1.260D+00
 -2.041D-05  1.250D+00
 -2.402D-05  1.244D+00
 -2.790D-05  1.238D+00
 -3.201D-05  1.234D+00
 -3.639D-05  1.230D+00
 -4.099D-05  1.227D+00
 -4.587D-05  1.224D+00
 -5.094D-05  1.223D+00
 -5.632D-05  1.220D+00
 -6.184D-05  1.219D+00
 -6.773D-05  1.216D+00
 -7.366D-05  1.217D+00
 -8.007D-05  1.213D+00
 -8.637D-05  1.215D+00
 -9.332D-05  1.211D+00
 -9.994D-05  1.215D+00
 -1.075D-04  1.209D+00
 -1.143D-04  1.215D+00
 -1.225D-04  1.208D+00
 -1.295D-04  1.215D+00
 -1.383D-04  1.206D+00
 -1.453D-04  1.217D+00
 -1.550D-04  1.205D+00
 -1.617D-04  1.219D+00
 -1.724D-04  1.204D+00
 -1.787D-04  1.223D+00
 -1.905D-04  1.203D+00
 -1.960D-04  1.229D+00
 -2.094D-04  1.202D+00
 -2.135D-04  1.236D+00
 -2.289D-04  1.201D+00
 -2.310D-04  1.246D+00
 -2.490D-04  1.201D+00
 -2.483D-04  1.260D+00
 -2.697D-04  1.201D+00
 -2.648D-04  1.278D+00
 -2.909D-04  1.200D+00
 -2.801D-04  1.302D+00
 -3.126D-04  1.200D+00
 -2.935D-04  1.335D+00
 -3.348D-04  1.200D+00
 -3.038D-04  1.380D+00
 -3.573D-04  1.200D+00
 -3.094D-04  1.445D+00
 -3.802D-04  1.200D+00
 -3.077D-04  1.543D+00
 -4.034D-04  1.200D+00
 -2.942D-04  1.700D+00
 -4.270D-04  1.200D+00
 -2.604D-04  1.987D+00
 -4.509D-04  1.199D+00
 -1.873D-04  2.678D+00
 -4.753D-04  1.197D+00
 -9.441D-05  3.734D+00
 -5.005D-04  1.194D+00
 -3.840D-04 -1.600D+00
 -5.270D-04  1.188D+00
