 -3.541D-03  7.865D-01
 -3.281D-03  7.805D-01
 -3.621D-03  7.860D-01
 -1.355D-03  7.889D-01
 -4.532D-03  7.731D-01
 -3.468D-03  7.847D-01
 -1.219D-03  7.814D-01
 -1.663D-03  7.875D-01
 -5.438D-03  7.634D-01
 -3.277D-03  7.829D-01
 -7.576D-04  7.907D-01
 -1.738D-03  7.722D-01
 -1.802D-03  7.854D-01
 -6.137D-03  7.515D-01
 -3.091D-03  7.808D-01
 -6.819D-04  7.825D-01
 -9.934D-04  7.888D-01
 -2.148D-03  7.607D-01
 -1.862D-03  7.830D-01
 -6.688D-03  7.377D-01
 -2.918D-03  7.784D-01
 -4.982D-04  7.921D-01
 -9.796D-04  7.727D-01
 -1.134D-03  7.865D-01
 -2.491D-03  7.473D-01
 -1.880D-03  7.804D-01
 -7.121D-03  7.221D-01
 -2.762D-03  7.761D-01
 -4.512D-04  7.839D-01
 -6.763D-04  7.901D-01
 -1.219D-03  7.606D-01
 -1.223D-03  7.839D-01
 -2.783D-03  7.323D-01
 -1.874D-03  7.777D-01
 -7.459D-03  7.048D-01
 -2.622D-03  7.738D-01
 -3.584D-04  7.932D-01
 -6.510D-04  7.741D-01
 -7.947D-04  7.878D-01
 -1.424D-03  7.467D-01
 -1.280D-03  7.813D-01
 -3.030D-03  7.158D-01
 -1.853D-03  7.752D-01
 -7.717D-03  6.860D-01
 -2.495D-03  7.719D-01
 -3.269D-04  7.853D-01
 -4.974D-04  7.913D-01
 -8.121D-04  7.622D-01
 -8.789D-04  7.854D-01
 -1.602D-03  7.314D-01
 -1.316D-03  7.787D-01
 -3.237D-03  6.980D-01
 -1.823D-03  7.731D-01
 -7.909D-03  6.659D-01
 -2.380D-03  7.704D-01
 -2.730D-04  7.940D-01
 -4.736D-04  7.760D-01
 -5.956D-04  7.892D-01
 -9.512D-04  7.487D-01
 -9.401D-04  7.829D-01
 -1.758D-03  7.149D-01
 -1.335D-03  7.765D-01
 -3.411D-03  6.793D-01
 -1.788D-03  7.713D-01
 -8.043D-03  6.446D-01
 -2.276D-03  7.695D-01
 -2.507D-04  7.866D-01
 -3.849D-04  7.923D-01
 -5.923D-04  7.649D-01
 -6.696D-04  7.870D-01
 -1.074D-03  7.340D-01
 -9.847D-04  7.808D-01
 -1.894D-03  6.976D-01
 -1.344D-03  7.747D-01
 -3.553D-03  6.597D-01
 -1.750D-03  7.702D-01
 -8.127D-03  6.225D-01
 -2.181D-03  7.693D-01
 -2.165D-04  7.946D-01
 -3.648D-04  7.781D-01
 -4.671D-04  7.905D-01
 -6.948D-04  7.523D-01
 -7.268D-04  7.850D-01
 -1.182D-03  7.184D-01
 -1.017D-03  7.790D-01
 -2.012D-03  6.797D-01
 -1.345D-03  7.734D-01
 -3.667D-03  6.395D-01
 -1.711D-03  7.697D-01
 -8.169D-03  5.995D-01
 -2.095D-03  7.698D-01
 -2.000D-04  7.877D-01
 -3.088D-04  7.932D-01
 -4.573D-04  7.679D-01
 -5.315D-04  7.887D-01
 -7.854D-04  7.387D-01
 -7.715D-04  7.833D-01
 -1.278D-03  7.022D-01
 -1.039D-03  7.776D-01
 -2.112D-03  6.613D-01
 -1.340D-03  7.728D-01
 -3.757D-03  6.188D-01
 -1.671D-03  7.699D-01
 -8.174D-03  5.759D-01
 -2.016D-03  7.712D-01
 -1.768D-04  7.949D-01
 -2.922D-04  7.801D-01
 -3.786D-04  7.917D-01
 -5.373D-04  7.566D-01
 -5.831D-04  7.871D-01
 -8.661D-04  7.244D-01
 -8.063D-04  7.820D-01
 -1.362D-03  6.857D-01
 -1.055D-03  7.769D-01
 -2.197D-03  6.427D-01
 -1.331D-03  7.729D-01
 -3.824D-03  5.979D-01
 -1.633D-03  7.710D-01
 -8.146D-03  5.518D-01
 -1.943D-03  7.734D-01
 -1.642D-04  7.886D-01
 -2.545D-04  7.937D-01
 -3.672D-04  7.711D-01
 -4.347D-04  7.903D-01
 -6.082D-04  7.445D-01
 -6.250D-04  7.859D-01
 -9.381D-04  7.099D-01
 -8.334D-04  7.812D-01
 -1.436D-03  6.690D-01
 -1.064D-03  7.768D-01
 -2.267D-03  6.241D-01
 -1.319D-03  7.737D-01
 -3.871D-03  5.768D-01
 -1.595D-03  7.728D-01
 -8.091D-03  5.275D-01
 -1.877D-03  7.764D-01
 -1.476D-04  7.950D-01
 -2.408D-04  7.820D-01
 -3.146D-04  7.926D-01
 -4.322D-04  7.611D-01
 -4.809D-04  7.891D-01
 -6.715D-04  7.319D-01
 -6.592D-04  7.851D-01
 -1.002D-03  6.951D-01
 -8.543D-04  7.810D-01
 -1.500D-03  6.525D-01
 -1.069D-03  7.775D-01
 -2.324D-03  6.055D-01
 -1.305D-03  7.753D-01
 -3.900D-03  5.557D-01
 -1.558D-03  7.755D-01
 -8.012D-03  5.030D-01
 -1.816D-03  7.802D-01
 -1.378D-04  7.893D-01
 -2.142D-04  7.941D-01
 -3.035D-04  7.741D-01
 -3.639D-04  7.915D-01
 -4.899D-04  7.505D-01
 -5.194D-04  7.883D-01
 -7.283D-04  7.191D-01
 -6.870D-04  7.848D-01
 -1.059D-03  6.805D-01
 -8.703D-04  7.814D-01
 -1.554D-03  6.361D-01
 -1.071D-03  7.788D-01
 -2.369D-03  5.872D-01
 -1.290D-03  7.776D-01
 -3.913D-03  5.348D-01
 -1.523D-03  7.789D-01
 -7.913D-03  4.785D-01
 -1.760D-03  7.848D-01
 -1.256D-04  7.948D-01
 -2.029D-04  7.835D-01
 -2.666D-04  7.932D-01
 -3.579D-04  7.655D-01
 -4.052D-04  7.908D-01
 -5.416D-04  7.396D-01
 -5.517D-04  7.879D-01
 -7.792D-04  7.063D-01
 -7.098D-04  7.850D-01
 -1.109D-03  6.662D-01
 -8.822D-04  7.825D-01
 -1.600D-03  6.201D-01
 -1.070D-03  7.808D-01
 -2.403D-03  5.692D-01
 -1.274D-03  7.806D-01
 -3.913D-03  5.142D-01
 -1.490D-03  7.830D-01
 -7.797D-03  4.541D-01
 -1.708D-03  7.901D-01
 -1.177D-04  7.897D-01
 -1.833D-04  7.941D-01
 -2.563D-04  7.768D-01
 -3.102D-04  7.925D-01
 -4.062D-04  7.564D-01
 -4.404D-04  7.904D-01
 -5.882D-04  7.287D-01
 -5.789D-04  7.880D-01
 -8.247D-04  6.938D-01
 -7.284D-04  7.859D-01
 -1.152D-03  6.522D-01
 -8.908D-04  7.842D-01
 -1.639D-03  6.045D-01
 -1.067D-03  7.835D-01
 -2.427D-03  5.516D-01
 -1.257D-03  7.844D-01
 -3.900D-03  4.939D-01
 -1.458D-03  7.878D-01
 -7.665D-03  4.300D-01
 -1.660D-03  7.960D-01
 -1.083D-04  7.945D-01
 -1.739D-04  7.848D-01
 -2.294D-04  7.935D-01
 -3.028D-04  7.694D-01
 -3.473D-04  7.920D-01
 -4.497D-04  7.471D-01
 -4.704D-04  7.903D-01
 -6.301D-04  7.178D-01
 -6.018D-04  7.887D-01
 -8.652D-04  6.816D-01
 -7.434D-04  7.873D-01
 -1.190D-03  6.387D-01
 -8.969D-04  7.865D-01
 -1.670D-03  5.895D-01
 -1.063D-03  7.868D-01
 -2.443D-03  5.347D-01
 -1.241D-03  7.887D-01
 -3.877D-03  4.742D-01
 -1.428D-03  7.932D-01
 -7.522D-03  4.062D-01
 -1.616D-03  8.023D-01
 -1.020D-04  7.899D-01
 -1.590D-04  7.939D-01
 -2.202D-04  7.790D-01
 -2.683D-04  7.930D-01
 -3.443D-04  7.617D-01
 -3.794D-04  7.919D-01
 -4.889D-04  7.379D-01
 -4.962D-04  7.908D-01
 -6.678D-04  7.073D-01
 -6.211D-04  7.898D-01
 -9.012D-04  6.699D-01
 -7.556D-04  7.892D-01
 -1.223D-03  6.258D-01
 -9.008D-04  7.894D-01
 -1.695D-03  5.752D-01
 -1.057D-03  7.906D-01
 -2.450D-03  5.184D-01
 -1.224D-03  7.935D-01
 -3.844D-03  4.551D-01
 -1.400D-03  7.990D-01
 -7.369D-03  3.829D-01
 -1.575D-03  8.091D-01
 -9.463D-05  7.938D-01
 -1.511D-04  7.856D-01
 -1.999D-04  7.934D-01
 -2.607D-04  7.728D-01
 -3.018D-04  7.928D-01
 -3.817D-04  7.539D-01
 -4.072D-04  7.922D-01
 -5.245D-04  7.288D-01
 -5.185D-04  7.917D-01
 -7.017D-04  6.971D-01
 -6.375D-04  7.914D-01
 -9.328D-04  6.587D-01
 -7.654D-04  7.917D-01
 -1.250D-03  6.135D-01
 -9.030D-04  7.927D-01
 -1.713D-03  5.615D-01
 -1.051D-03  7.949D-01
 -2.451D-03  5.028D-01
 -1.208D-03  7.988D-01
 -3.804D-03  4.367D-01
 -1.373D-03  8.052D-01
 -7.208D-03  3.602D-01
 -1.537D-03  8.162D-01
 -8.939D-05  7.897D-01
 -1.395D-04  7.934D-01
 -1.918D-04  7.807D-01
 -2.348D-04  7.932D-01
 -2.969D-04  7.663D-01
 -3.311D-04  7.930D-01
 -4.156D-04  7.462D-01
 -4.315D-04  7.929D-01
 -5.566D-04  7.200D-01
 -5.378D-04  7.930D-01
 -7.321D-04  6.874D-01
 -6.513D-04  7.935D-01
 -9.604D-04  6.482D-01
 -7.731D-04  7.946D-01
 -1.273D-03  6.019D-01
 -9.039D-04  7.966D-01
 -1.727D-03  5.486D-01
 -1.044D-03  7.997D-01
 -2.445D-03  4.880D-01
 -1.192D-03  8.044D-01
 -3.757D-03  4.190D-01
 -1.347D-03  8.117D-01
 -7.041D-03  3.380D-01
 -1.502D-03  8.234D-01
 -8.350D-05  7.930D-01
 -1.328D-04  7.861D-01
 -1.762D-04  7.930D-01
 -2.275D-04  7.755D-01
 -2.653D-04  7.932D-01
 -3.296D-04  7.598D-01
 -3.568D-04  7.934D-01
 -4.463D-04  7.387D-01
 -4.528D-04  7.939D-01
 -5.857D-04  7.117D-01
 -5.545D-04  7.947D-01
 -7.592D-04  6.783D-01
 -6.630D-04  7.960D-01
 -9.844D-04  6.383D-01
 -7.792D-04  7.980D-01
 -1.291D-03  5.911D-01
 -9.036D-04  8.007D-01
 -1.735D-03  5.365D-01
 -1.036D-03  8.047D-01
 -2.434D-03  4.739D-01
 -1.177D-03  8.103D-01
 -3.704D-03  4.021D-01
 -1.323D-03  8.183D-01
 -6.870D-03  3.166D-01
 -1.470D-03  8.307D-01
 -7.912D-05  7.893D-01
 -1.236D-04  7.926D-01
 -1.690D-04  7.819D-01
 -2.077D-04  7.929D-01
 -2.596D-04  7.701D-01
 -2.921D-04  7.935D-01
 -3.594D-04  7.534D-01
 -3.795D-04  7.942D-01
 -4.743D-04  7.315D-01
 -4.715D-04  7.954D-01
 -6.120D-04  7.038D-01
 -5.690D-04  7.969D-01
 -7.833D-04  6.698D-01
 -6.729D-04  7.989D-01
 -1.005D-03  6.291D-01
 -7.839D-04  8.016D-01
 -1.306D-03  5.811D-01
 -9.026D-04  8.052D-01
 -1.739D-03  5.252D-01
 -1.029D-03  8.099D-01
 -2.418D-03  4.608D-01
 -1.162D-03  8.163D-01
 -3.646D-03  3.860D-01
 -1.301D-03  8.250D-01
 -6.695D-03  2.959D-01
 -1.440D-03  8.379D-01
 -7.433D-05  7.919D-01
 -1.178D-04  7.861D-01
 -1.566D-04  7.923D-01
 -2.008D-04  7.775D-01
 -2.354D-04  7.931D-01
 -2.886D-04  7.647D-01
 -3.159D-04  7.941D-01
 -3.865D-04  7.472D-01
 -3.997D-04  7.954D-01
 -4.998D-04  7.246D-01
 -4.880D-04  7.971D-01
 -6.357D-04  6.964D-01
 -5.816D-04  7.993D-01
 -8.045D-04  6.619D-01
 -6.812D-04  8.021D-01
 -1.023D-03  6.206D-01
 -7.875D-04  8.055D-01
 -1.317D-03  5.718D-01
 -9.008D-04  8.098D-01
 -1.740D-03  5.147D-01
 -1.021D-03  8.153D-01
 -2.399D-03  4.484D-01
 -1.148D-03  8.223D-01
 -3.584D-03  3.708D-01
 -1.280D-03  8.316D-01
 -6.519D-03  2.761D-01
 -1.412D-03  8.450D-01
 -7.063D-05  7.885D-01
 -1.104D-04  7.915D-01
 -1.503D-04  7.826D-01
 -1.853D-04  7.923D-01
 -2.295D-04  7.730D-01
 -2.601D-04  7.934D-01
 -3.151D-04  7.594D-01
 -3.371D-04  7.949D-01
 -4.112D-04  7.413D-01
 -4.177D-04  7.968D-01
 -5.230D-04  7.182D-01
 -5.026D-04  7.992D-01
 -6.570D-04  6.895D-01
 -5.925D-04  8.020D-01
 -8.232D-04  6.546D-01
 -6.882D-04  8.055D-01
 -1.037D-03  6.128D-01
 -7.901D-04  8.096D-01
 -1.326D-03  5.632D-01
 -8.986D-04  8.146D-01
 -1.737D-03  5.051D-01
 -1.014D-03  8.207D-01
 -2.375D-03  4.370D-01
 -1.135D-03  8.283D-01
 -3.520D-03  3.565D-01
 -1.260D-03  8.381D-01
 -6.342D-03  2.570D-01
 -1.386D-03  8.519D-01
 -6.666D-05  7.906D-01
 -1.054D-04  7.858D-01
 -1.403D-04  7.913D-01
 -1.790D-04  7.789D-01
 -2.106D-04  7.925D-01
 -2.556D-04  7.685D-01
 -2.821D-04  7.941D-01
 -3.393D-04  7.542D-01
 -3.562D-04  7.961D-01
 -4.339D-04  7.357D-01
 -4.337D-04  7.985D-01
 -5.440D-04  7.122D-01
 -5.155D-04  8.015D-01
 -6.760D-04  6.832D-01
 -6.021D-04  8.050D-01
 -8.395D-04  6.479D-01
 -6.941D-04  8.090D-01
 -1.049D-03  6.056D-01
 -7.920D-04  8.138D-01
 -1.331D-03  5.554D-01
 -8.959D-04  8.194D-01
 -1.731D-03  4.962D-01
 -1.006D-03  8.261D-01
 -2.349D-03  4.264D-01
 -1.122D-03  8.342D-01
 -3.453D-03  3.431D-01
 -1.242D-03  8.444D-01
 -6.165D-03  2.389D-01
 -1.362D-03  8.585D-01
 -6.351D-05  7.875D-01
 -9.932D-05  7.903D-01
 -1.347D-04  7.828D-01
 -1.665D-04  7.913D-01
 -2.048D-04  7.751D-01
 -2.334D-04  7.929D-01
 -2.794D-04  7.641D-01
 -3.020D-04  7.949D-01
 -3.615D-04  7.494D-01
 -3.733D-04  7.975D-01
 -4.546D-04  7.304D-01
 -4.481D-04  8.005D-01
 -5.631D-04  7.067D-01
 -5.270D-04  8.040D-01
 -6.930D-04  6.774D-01
 -6.105D-04  8.080D-01
 -8.536D-04  6.419D-01
 -6.991D-04  8.127D-01
 -1.059D-03  5.992D-01
 -7.932D-04  8.180D-01
 -1.334D-03  5.484D-01
 -8.930D-04  8.242D-01
 -1.722D-03  4.881D-01
 -9.985D-04  8.313D-01
 -2.320D-03  4.167D-01
 -1.109D-03  8.399D-01
 -3.384D-03  3.306D-01
 -1.224D-03  8.504D-01
 -5.989D-03  2.216D-01
 -1.339D-03  8.646D-01
 -6.018D-05  7.891D-01
 -9.502D-05  7.851D-01
 -1.266D-04  7.901D-01
 -1.607D-04  7.796D-01
 -1.898D-04  7.915D-01
 -2.284D-04  7.713D-01
 -2.538D-04  7.935D-01
 -3.013D-04  7.598D-01
 -3.199D-04  7.960D-01
 -3.819D-04  7.448D-01
 -3.887D-04  7.991D-01
 -4.736D-04  7.256D-01
 -4.610D-04  8.026D-01
 -5.804D-04  7.016D-01
 -5.372D-04  8.066D-01
 -7.082D-04  6.722D-01
 -6.178D-04  8.112D-01
 -8.657D-04  6.364D-01
 -7.033D-04  8.164D-01
 -1.067D-03  5.934D-01
 -7.939D-04  8.222D-01
 -1.334D-03  5.420D-01
 -8.899D-04  8.288D-01
 -1.711D-03  4.808D-01
 -9.912D-04  8.364D-01
 -2.290D-03  4.077D-01
 -1.097D-03  8.453D-01
 -3.313D-03  3.190D-01
 -1.208D-03  8.561D-01
 -5.815D-03  2.052D-01
 -1.318D-03  8.703D-01
 -5.746D-05  7.863D-01
 -8.991D-05  7.887D-01
 -1.216D-04  7.825D-01
 -1.506D-04  7.900D-01
 -1.843D-04  7.764D-01
 -2.108D-04  7.919D-01
 -2.501D-04  7.676D-01
 -2.724D-04  7.943D-01
 -3.214D-04  7.558D-01
 -3.361D-04  7.973D-01
 -4.007D-04  7.405D-01
 -4.027D-04  8.008D-01
 -4.909D-04  7.211D-01
 -4.726D-04  8.048D-01
 -5.960D-04  6.970D-01
 -5.463D-04  8.094D-01
 -7.216D-04  6.674D-01
 -6.242D-04  8.144D-01
 -8.760D-04  6.314D-01
 -7.068D-04  8.200D-01
 -1.072D-03  5.881D-01
 -7.942D-04  8.263D-01
 -1.333D-03  5.363D-01
 -8.866D-04  8.333D-01
 -1.699D-03  4.742D-01
 -9.841D-04  8.412D-01
 -2.257D-03  3.996D-01
 -1.086D-03  8.503D-01
 -3.243D-03  3.082D-01
 -1.192D-03  8.613D-01
 -5.643D-03  1.898D-01
 -1.299D-03  8.756D-01
 -5.464D-05  7.874D-01
 -8.615D-05  7.841D-01
 -1.149D-04  7.885D-01
 -1.454D-04  7.798D-01
 -1.721D-04  7.902D-01
 -2.058D-04  7.732D-01
 -2.299D-04  7.925D-01
 -2.700D-04  7.641D-01
 -2.892D-04  7.953D-01
 -3.400D-04  7.520D-01
 -3.509D-04  7.987D-01
 -4.179D-04  7.365D-01
 -4.153D-04  8.027D-01
 -5.067D-04  7.170D-01
 -4.830D-04  8.071D-01
 -6.100D-04  6.927D-01
 -5.544D-04  8.121D-01
 -7.334D-04  6.631D-01
 -6.298D-04  8.176D-01
 -8.846D-04  6.270D-01
 -7.096D-04  8.236D-01
 -1.076D-03  5.835D-01
 -7.941D-04  8.302D-01
 -1.330D-03  5.312D-01
 -8.833D-04  8.375D-01
 -1.684D-03  4.683D-01
 -9.772D-04  8.457D-01
 -2.223D-03  3.923D-01
 -1.076D-03  8.550D-01
 -3.171D-03  2.984D-01
 -1.177D-03  8.661D-01
 -5.474D-03  1.752D-01
 -1.280D-03  8.802D-01
 -5.229D-05  7.847D-01
 -8.183D-05  7.869D-01
 -1.105D-04  7.818D-01
 -1.370D-04  7.884D-01
 -1.669D-04  7.770D-01
 -1.916D-04  7.905D-01
 -2.256D-04  7.700D-01
 -2.472D-04  7.932D-01
 -2.884D-04  7.607D-01
 -3.046D-04  7.965D-01
 -3.571D-04  7.484D-01
 -3.644D-04  8.003D-01
 -4.338D-04  7.328D-01
 -4.269D-04  8.046D-01
 -5.211D-04  7.132D-01
 -4.925D-04  8.095D-01
 -6.227D-04  6.889D-01
 -5.617D-04  8.148D-01
 -7.437D-04  6.592D-01
 -6.348D-04  8.207D-01
 -8.917D-04  6.230D-01
 -7.120D-04  8.270D-01
 -1.079D-03  5.793D-01
 -7.937D-04  8.339D-01
 -1.325D-03  5.267D-01
 -8.798D-04  8.415D-01
 -1.668D-03  4.631D-01
 -9.705D-04  8.498D-01
 -2.188D-03  3.857D-01
 -1.065D-03  8.593D-01
 -3.100D-03  2.893D-01
 -1.164D-03  8.704D-01
 -5.308D-03  1.616D-01
 -1.263D-03  8.844D-01
 -4.987D-05  7.855D-01
 -7.854D-05  7.828D-01
 -1.048D-04  7.866D-01
 -1.322D-04  7.794D-01
 -1.569D-04  7.885D-01
 -1.867D-04  7.742D-01
 -2.093D-04  7.910D-01
 -2.439D-04  7.670D-01
 -2.631D-04  7.940D-01
 -3.054D-04  7.574D-01
 -3.187D-04  7.977D-01
 -3.730D-04  7.451D-01
 -3.767D-04  8.019D-01
 -4.484D-04  7.293D-01
 -4.373D-04  8.066D-01
 -5.342D-04  7.097D-01
 -5.011D-04  8.118D-01
 -6.340D-04  6.854D-01
 -5.682D-04  8.175D-01
 -7.526D-04  6.557D-01
 -6.391D-04  8.236D-01
 -8.974D-04  6.195D-01
 -7.140D-04  8.302D-01
 -1.080D-03  5.756D-01
 -7.930D-04  8.373D-01
 -1.319D-03  5.227D-01
 -8.764D-04  8.451D-01
 -1.651D-03  4.585D-01
 -9.640D-04  8.536D-01
 -2.153D-03  3.798D-01
 -1.056D-03  8.631D-01
 -3.029D-03  2.811D-01
 -1.150D-03  8.741D-01
 -5.145D-03  1.488D-01
 -1.246D-03  8.879D-01
 -4.781D-05  7.829D-01
 -7.485D-05  7.849D-01
 -1.009D-04  7.807D-01
 -1.252D-04  7.865D-01
 -1.521D-04  7.769D-01
 -1.750D-04  7.887D-01
 -2.049D-04  7.715D-01
 -2.256D-04  7.915D-01
 -2.608D-04  7.641D-01
 -2.776D-04  7.950D-01
 -3.212D-04  7.544D-01
 -3.316D-04  7.990D-01
 -3.876D-04  7.419D-01
 -3.879D-04  8.035D-01
 -4.618D-04  7.262D-01
 -4.469D-04  8.086D-01
 -5.462D-04  7.065D-01
 -5.089D-04  8.141D-01
 -6.442D-04  6.822D-01
 -5.741D-04  8.200D-01
 -7.604D-04  6.525D-01
 -6.429D-04  8.263D-01
 -9.018D-04  6.163D-01
 -7.156D-04  8.332D-01
 -1.079D-03  5.724D-01
 -7.922D-04  8.405D-01
 -1.312D-03  5.192D-01
 -8.729D-04  8.483D-01
 -1.633D-03  4.544D-01
 -9.577D-04  8.569D-01
 -2.117D-03  3.746D-01
 -1.046D-03  8.664D-01
 -2.959D-03  2.737D-01
 -1.138D-03  8.773D-01
 -4.987D-03  1.370D-01
 -1.231D-03  8.908D-01
 -4.572D-05  7.833D-01
 -7.194D-05  7.811D-01
 -9.604D-05  7.846D-01
 -1.209D-04  7.785D-01
 -1.437D-04  7.865D-01
 -1.703D-04  7.745D-01
 -1.916D-04  7.890D-01
 -2.218D-04  7.689D-01
 -2.405D-04  7.922D-01
 -2.765D-04  7.613D-01
 -2.910D-04  7.960D-01
 -3.359D-04  7.515D-01
 -3.435D-04  8.003D-01
 -4.011D-04  7.390D-01
 -3.983D-04  8.052D-01
 -4.741D-04  7.232D-01
 -4.557D-04  8.105D-01
 -5.570D-04  7.036D-01
 -5.159D-04  8.162D-01
 -6.532D-04  6.793D-01
 -5.794D-04  8.223D-01
 -7.670D-04  6.496D-01
 -6.463D-04  8.289D-01
 -9.051D-04  6.135D-01
 -7.168D-04  8.358D-01
 -1.078D-03  5.695D-01
 -7.912D-04  8.432D-01
 -1.303D-03  5.161D-01
 -8.694D-04  8.512D-01
 -1.614D-03  4.508D-01
 -9.516D-04  8.597D-01
 -2.080D-03  3.700D-01
 -1.037D-03  8.692D-01
 -2.889D-03  2.670D-01
 -1.126D-03  8.799D-01
 -4.832D-03  1.259D-01
 -1.216D-03  8.931D-01
 -4.392D-05  7.809D-01
 -6.876D-05  7.827D-01
 -9.256D-05  7.792D-01
 -1.150D-04  7.843D-01
 -1.392D-04  7.763D-01
 -1.606D-04  7.866D-01
 -1.871D-04  7.721D-01
 -2.068D-04  7.895D-01
 -2.374D-04  7.663D-01
 -2.543D-04  7.930D-01
 -2.912D-04  7.587D-01
 -3.034D-04  7.971D-01
 -3.494D-04  7.488D-01
 -3.545D-04  8.017D-01
 -4.136D-04  7.362D-01
 -4.078D-04  8.067D-01
 -4.853D-04  7.204D-01
 -4.637D-04  8.122D-01
 -5.668D-04  7.008D-01
 -5.224D-04  8.182D-01
 -6.611D-04  6.766D-01
 -5.841D-04  8.245D-01
 -7.725D-04  6.470D-01
 -6.492D-04  8.311D-01
 -9.073D-04  6.109D-01
 -7.178D-04  8.382D-01
 -1.076D-03  5.670D-01
 -7.900D-04  8.456D-01
 -1.294D-03  5.134D-01
 -8.660D-04  8.536D-01
 -1.595D-03  4.477D-01
 -9.457D-04  8.621D-01
 -2.044D-03  3.659D-01
 -1.029D-03  8.714D-01
 -2.820D-03  2.609D-01
 -1.115D-03  8.820D-01
 -4.682D-03  1.157D-01
 -1.203D-03  8.948D-01
 -4.209D-05  7.810D-01
 -6.618D-05  7.792D-01
 -8.838D-05  7.822D-01
 -1.111D-04  7.772D-01
 -1.322D-04  7.842D-01
 -1.561D-04  7.741D-01
 -1.761D-04  7.868D-01
 -2.028D-04  7.697D-01
 -2.209D-04  7.900D-01
 -2.520D-04  7.638D-01
 -2.670D-04  7.938D-01
 -3.048D-04  7.561D-01
 -3.148D-04  7.981D-01
 -3.621D-04  7.462D-01
 -3.646D-04  8.029D-01
 -4.252D-04  7.336D-01
 -4.166D-04  8.082D-01
 -4.957D-04  7.178D-01
 -4.710D-04  8.139D-01
 -5.757D-04  6.983D-01
 -5.282D-04  8.200D-01
 -6.682D-04  6.741D-01
 -5.884D-04  8.264D-01
 -7.771D-04  6.446D-01
 -6.518D-04  8.331D-01
 -9.086D-04  6.086D-01
 -7.185D-04  8.402D-01
 -1.072D-03  5.647D-01
 -7.887D-04  8.477D-01
 -1.284D-03  5.111D-01
 -8.625D-04  8.555D-01
 -1.575D-03  4.450D-01
 -9.399D-04  8.640D-01
 -2.007D-03  3.624D-01
 -1.021D-03  8.731D-01
 -2.753D-03  2.556D-01
 -1.104D-03  8.834D-01
 -4.536D-03  1.063D-01
 -1.189D-03  8.958D-01
 -4.049D-05  7.787D-01
 -6.341D-05  7.803D-01
 -8.527D-05  7.774D-01
 -1.060D-04  7.819D-01
 -1.281D-04  7.751D-01
 -1.479D-04  7.841D-01
 -1.718D-04  7.719D-01
 -1.904D-04  7.870D-01
 -2.173D-04  7.674D-01
 -2.339D-04  7.905D-01
 -2.656D-04  7.614D-01
 -2.788D-04  7.945D-01
 -3.174D-04  7.537D-01
 -3.254D-04  7.991D-01
 -3.738D-04  7.437D-01
 -3.739D-04  8.041D-01
 -4.358D-04  7.311D-01
 -4.246D-04  8.096D-01
 -5.051D-04  7.154D-01
 -4.778D-04  8.154D-01
 -5.837D-04  6.958D-01
 -5.336D-04  8.215D-01
 -6.743D-04  6.718D-01
 -5.923D-04  8.280D-01
 -7.808D-04  6.424D-01
 -6.540D-04  8.348D-01
 -9.091D-04  6.065D-01
 -7.190D-04  8.419D-01
 -1.068D-03  5.627D-01
 -7.873D-04  8.493D-01
 -1.274D-03  5.090D-01
 -8.591D-04  8.571D-01
 -1.554D-03  4.427D-01
 -9.343D-04  8.653D-01
 -1.971D-03  3.593D-01
 -1.013D-03  8.743D-01
 -2.687D-03  2.508D-01
 -1.094D-03  8.843D-01
 -4.394D-03  9.769D-02
 -1.177D-03  8.963D-01
 -3.889D-05  7.785D-01
 -6.112D-05  7.770D-01
 -8.164D-05  7.797D-01
 -1.025D-04  7.755D-01
 -1.220D-04  7.816D-01
 -1.438D-04  7.731D-01
 -1.625D-04  7.841D-01
 -1.863D-04  7.697D-01
 -2.037D-04  7.873D-01
 -2.309D-04  7.652D-01
 -2.460D-04  7.910D-01
 -2.783D-04  7.591D-01
 -2.898D-04  7.953D-01
 -3.292D-04  7.513D-01
 -3.352D-04  8.000D-01
 -3.846D-04  7.413D-01
 -3.826D-04  8.052D-01
 -4.457D-04  7.287D-01
 -4.321D-04  8.108D-01
 -5.138D-04  7.130D-01
 -4.840D-04  8.167D-01
 -5.909D-04  6.935D-01
 -5.385D-04  8.229D-01
 -6.796D-04  6.696D-01
 -5.957D-04  8.294D-01
 -7.838D-04  6.403D-01
 -6.560D-04  8.361D-01
 -9.088D-04  6.045D-01
 -7.193D-04  8.431D-01
 -1.064D-03  5.608D-01
 -7.858D-04  8.505D-01
 -1.263D-03  5.072D-01
 -8.557D-04  8.581D-01
 -1.533D-03  4.407D-01
 -9.288D-04  8.662D-01
 -1.934D-03  3.567D-01
 -1.005D-03  8.750D-01
 -2.622D-03  2.466D-01
 -1.084D-03  8.847D-01
 -4.257D-03  8.978D-02
 -1.165D-03  8.962D-01
 -3.747D-05  7.762D-01
 -5.868D-05  7.777D-01
 -7.885D-05  7.752D-01
 -9.804D-05  7.792D-01
 -1.183D-04  7.735D-01
 -1.368D-04  7.814D-01
 -1.584D-04  7.710D-01
 -1.760D-04  7.842D-01
 -1.999D-04  7.676D-01
 -2.160D-04  7.876D-01
 -2.437D-04  7.629D-01
 -2.573D-04  7.915D-01
 -2.902D-04  7.568D-01
 -3.000D-04  7.960D-01
 -3.403D-04  7.489D-01
 -3.444D-04  8.009D-01
 -3.948D-04  7.389D-01
 -3.906D-04  8.061D-01
 -4.548D-04  7.263D-01
 -4.390D-04  8.118D-01
 -5.217D-04  7.106D-01
 -4.897D-04  8.177D-01
 -5.973D-04  6.913D-01
 -5.429D-04  8.239D-01
 -6.842D-04  6.674D-01
 -5.989D-04  8.304D-01
 -7.860D-04  6.383D-01
 -6.576D-04  8.371D-01
 -9.078D-04  6.027D-01
 -7.194D-04  8.440D-01
 -1.058D-03  5.591D-01
 -7.842D-04  8.512D-01
 -1.251D-03  5.056D-01
 -8.523D-04  8.587D-01
 -1.513D-03  4.389D-01
 -9.235D-04  8.666D-01
 -1.898D-03  3.544D-01
 -9.977D-04  8.751D-01
 -2.558D-03  2.429D-01
 -1.075D-03  8.844D-01
 -4.124D-03  8.256D-02
 -1.153D-03  8.955D-01
 -3.606D-05  7.758D-01
 -5.663D-05  7.746D-01
 -7.567D-05  7.770D-01
 -9.488D-05  7.734D-01
 -1.131D-04  7.788D-01
 -1.329D-04  7.716D-01
 -1.505D-04  7.813D-01
 -1.720D-04  7.690D-01
 -1.885D-04  7.843D-01
 -2.127D-04  7.654D-01
 -2.275D-04  7.879D-01
 -2.556D-04  7.607D-01
 -2.678D-04  7.920D-01
 -3.013D-04  7.546D-01
 -3.095D-04  7.966D-01
 -3.505D-04  7.466D-01
 -3.529D-04  8.016D-01
 -4.041D-04  7.366D-01
 -3.981D-04  8.069D-01
 -4.631D-04  7.240D-01
 -4.454D-04  8.126D-01
 -5.289D-04  7.084D-01
 -4.950D-04  8.185D-01
 -6.031D-04  6.890D-01
 -5.470D-04  8.247D-01
 -6.881D-04  6.653D-01
 -6.016D-04  8.311D-01
 -7.875D-04  6.364D-01
 -6.590D-04  8.377D-01
 -9.062D-04  6.009D-01
 -7.193D-04  8.445D-01
 -1.052D-03  5.575D-01
 -7.826D-04  8.515D-01
 -1.239D-03  5.041D-01
 -8.489D-04  8.588D-01
 -1.492D-03  4.374D-01
 -9.182D-04  8.665D-01
 -1.863D-03  3.525D-01
 -9.905D-04  8.746D-01
 -2.496D-03  2.397D-01
 -1.065D-03  8.836D-01
 -3.996D-03  7.599D-02
 -1.142D-03  8.942D-01
 -3.479D-05  7.736D-01
 -5.449D-05  7.749D-01
 -7.316D-05  7.728D-01
 -9.100D-05  7.763D-01
 -1.096D-04  7.715D-01
 -1.269D-04  7.784D-01
 -1.466D-04  7.696D-01
 -1.632D-04  7.811D-01
 -1.847D-04  7.669D-01
 -2.002D-04  7.844D-01
 -2.246D-04  7.633D-01
 -2.383D-04  7.881D-01
 -2.667D-04  7.585D-01
 -2.776D-04  7.924D-01
 -3.117D-04  7.523D-01
 -3.183D-04  7.970D-01
 -3.601D-04  7.443D-01
 -3.608D-04  8.021D-01
 -4.128D-04  7.343D-01
 -4.051D-04  8.075D-01
 -4.708D-04  7.217D-01
 -4.514D-04  8.131D-01
 -5.354D-04  7.061D-01
 -4.999D-04  8.190D-01
 -6.081D-04  6.868D-01
 -5.507D-04  8.252D-01
 -6.914D-04  6.633D-01
 -6.041D-04  8.315D-01
 -7.884D-04  6.344D-01
 -6.602D-04  8.379D-01
 -9.040D-04  5.992D-01
 -7.191D-04  8.446D-01
 -1.046D-03  5.560D-01
 -7.808D-04  8.514D-01
 -1.227D-03  5.027D-01
 -8.455D-04  8.585D-01
 -1.471D-03  4.361D-01
 -9.131D-04  8.659D-01
 -1.828D-03  3.508D-01
 -9.835D-04  8.737D-01
 -2.436D-03  2.369D-01
 -1.056D-03  8.823D-01
 -3.872D-03  7.005D-02
 -1.131D-03  8.924D-01
 -3.353D-05  7.729D-01
 -5.264D-05  7.719D-01
 -7.036D-05  7.740D-01
 -8.813D-05  7.710D-01
 -1.051D-04  7.758D-01
 -1.233D-04  7.696D-01
 -1.398D-04  7.781D-01
 -1.593D-04  7.676D-01
 -1.750D-04  7.810D-01
 -1.966D-04  7.648D-01
 -2.111D-04  7.844D-01
 -2.358D-04  7.611D-01
 -2.483D-04  7.883D-01
 -2.772D-04  7.563D-01
 -2.867D-04  7.927D-01
 -3.214D-04  7.500D-01
 -3.266D-04  7.974D-01
 -3.690D-04  7.420D-01
 -3.682D-04  8.025D-01
 -4.209D-04  7.319D-01
 -4.115D-04  8.078D-01
 -4.779D-04  7.193D-01
 -4.569D-04  8.134D-01
 -5.413D-04  7.037D-01
 -5.043D-04  8.193D-01
 -6.126D-04  6.846D-01
 -5.541D-04  8.253D-01
 -6.941D-04  6.611D-01
 -6.064D-04  8.315D-01
 -7.888D-04  6.325D-01
 -6.612D-04  8.378D-01
 -9.014D-04  5.975D-01
 -7.187D-04  8.442D-01
 -1.039D-03  5.545D-01
 -7.789D-04  8.509D-01
 -1.214D-03  5.014D-01
 -8.420D-04  8.577D-01
 -1.450D-03  4.349D-01
 -9.080D-04  8.648D-01
 -1.794D-03  3.494D-01
 -9.767D-04  8.723D-01
 -2.377D-03  2.345D-01
 -1.048D-03  8.805D-01
 -3.752D-03  6.468D-02
 -1.121D-03  8.901D-01
 -3.239D-05  7.707D-01
 -5.074D-05  7.719D-01
 -6.808D-05  7.701D-01
 -8.472D-05  7.733D-01
 -1.019D-04  7.691D-01
 -1.181D-04  7.752D-01
 -1.361D-04  7.677D-01
 -1.518D-04  7.778D-01
 -1.713D-04  7.656D-01
 -1.861D-04  7.808D-01
 -2.079D-04  7.627D-01
 -2.214D-04  7.844D-01
 -2.463D-04  7.590D-01
 -2.577D-04  7.884D-01
 -2.870D-04  7.540D-01
 -2.953D-04  7.928D-01
 -3.305D-04  7.477D-01
 -3.344D-04  7.976D-01
 -3.774D-04  7.396D-01
 -3.751D-04  8.026D-01
 -4.284D-04  7.295D-01
 -4.175D-04  8.080D-01
 -4.844D-04  7.169D-01
 -4.620D-04  8.135D-01
 -5.466D-04  7.014D-01
 -5.085D-04  8.192D-01
 -6.165D-04  6.823D-01
 -5.572D-04  8.251D-01
 -6.962D-04  6.590D-01
 -6.083D-04  8.311D-01
 -7.886D-04  6.305D-01
 -6.619D-04  8.373D-01
 -8.983D-04  5.957D-01
 -7.181D-04  8.435D-01
 -1.032D-03  5.530D-01
 -7.770D-04  8.499D-01
 -1.202D-03  5.002D-01
 -8.386D-04  8.564D-01
 -1.429D-03  4.338D-01
 -9.030D-04  8.632D-01
 -1.760D-03  3.481D-01
 -9.700D-04  8.704D-01
 -2.320D-03  2.324D-01
 -1.039D-03  8.782D-01
 -3.636D-03  5.984D-02
 -1.110D-03  8.872D-01
 -3.127D-05  7.699D-01
 -4.908D-05  7.690D-01
 -6.560D-05  7.709D-01
 -8.211D-05  7.683D-01
 -9.794D-05  7.725D-01
 -1.148D-04  7.672D-01
 -1.302D-04  7.747D-01
 -1.481D-04  7.657D-01
 -1.630D-04  7.774D-01
 -1.825D-04  7.635D-01
 -1.965D-04  7.806D-01
 -2.184D-04  7.606D-01
 -2.309D-04  7.843D-01
 -2.561D-04  7.567D-01
 -2.665D-04  7.884D-01
 -2.962D-04  7.517D-01
 -3.033D-04  7.928D-01
 -3.390D-04  7.453D-01
 -3.416D-04  7.975D-01
 -3.851D-04  7.372D-01
 -3.815D-04  8.026D-01
 -4.353D-04  7.270D-01
 -4.231D-04  8.078D-01
 -4.904D-04  7.144D-01
 -4.667D-04  8.133D-01
 -5.514D-04  6.989D-01
 -5.123D-04  8.189D-01
 -6.199D-04  6.799D-01
 -5.600D-04  8.246D-01
 -6.978D-04  6.567D-01
 -6.100D-04  8.304D-01
 -7.880D-04  6.285D-01
 -6.625D-04  8.363D-01
 -8.947D-04  5.939D-01
 -7.174D-04  8.423D-01
 -1.025D-03  5.515D-01
 -7.750D-04  8.485D-01
 -1.189D-03  4.989D-01
 -8.352D-04  8.547D-01
 -1.408D-03  4.327D-01
 -8.980D-04  8.612D-01
 -1.727D-03  3.470D-01
 -9.634D-04  8.680D-01
 -2.264D-03  2.306D-01
 -1.031D-03  8.754D-01
 -3.525D-03  5.550D-02
 -1.100D-03  8.839D-01
 -3.024D-05  7.676D-01
 -4.737D-05  7.687D-01
 -6.353D-05  7.672D-01
 -7.908D-05  7.700D-01
 -9.507D-05  7.664D-01
 -1.102D-04  7.718D-01
 -1.268D-04  7.653D-01
 -1.416D-04  7.742D-01
 -1.594D-04  7.636D-01
 -1.735D-04  7.770D-01
 -1.931D-04  7.614D-01
 -2.063D-04  7.804D-01
 -2.283D-04  7.584D-01
 -2.399D-04  7.841D-01
 -2.654D-04  7.544D-01
 -2.748D-04  7.882D-01
 -3.048D-04  7.493D-01
 -3.109D-04  7.926D-01
 -3.470D-04  7.428D-01
 -3.484D-04  7.973D-01
 -3.924D-04  7.346D-01
 -3.875D-04  8.023D-01
 -4.417D-04  7.244D-01
 -4.284D-04  8.075D-01
 -4.958D-04  7.118D-01
 -4.711D-04  8.128D-01
 -5.557D-04  6.964D-01
 -5.157D-04  8.182D-01
 -6.228D-04  6.774D-01
 -5.625D-04  8.237D-01
 -6.990D-04  6.544D-01
 -6.115D-04  8.294D-01
 -7.870D-04  6.263D-01
 -6.629D-04  8.351D-01
 -8.908D-04  5.920D-01
 -7.166D-04  8.408D-01
 -1.017D-03  5.499D-01
 -7.729D-04  8.466D-01
 -1.176D-03  4.976D-01
 -8.317D-04  8.526D-01
 -1.387D-03  4.317D-01
 -8.931D-04  8.587D-01
 -1.694D-03  3.460D-01
 -9.569D-04  8.651D-01
 -2.210D-03  2.291D-01
 -1.023D-03  8.721D-01
 -3.418D-03  5.162D-02
 -1.091D-03  8.801D-01
 -2.923D-05  7.666D-01
 -4.587D-05  7.659D-01
 -6.132D-05  7.676D-01
 -7.670D-05  7.653D-01
 -9.153D-05  7.691D-01
 -1.072D-04  7.645D-01
 -1.217D-04  7.711D-01
 -1.381D-04  7.632D-01
 -1.522D-04  7.736D-01
 -1.699D-04  7.615D-01
 -1.834D-04  7.766D-01
 -2.030D-04  7.592D-01
 -2.154D-04  7.800D-01
 -2.377D-04  7.561D-01
 -2.484D-04  7.838D-01
 -2.742D-04  7.520D-01
 -2.825D-04  7.879D-01
 -3.129D-04  7.468D-01
 -3.179D-04  7.923D-01
 -3.544D-04  7.402D-01
 -3.548D-04  7.969D-01
 -3.991D-04  7.320D-01
 -3.932D-04  8.018D-01
 -4.476D-04  7.217D-01
 -4.332D-04  8.068D-01
 -5.007D-04  7.091D-01
 -4.751D-04  8.120D-01
 -5.595D-04  6.937D-01
 -5.189D-04  8.172D-01
 -6.252D-04  6.748D-01
 -5.648D-04  8.226D-01
 -6.997D-04  6.519D-01
 -6.128D-04  8.280D-01
 -7.855D-04  6.241D-01
 -6.631D-04  8.334D-01
 -8.866D-04  5.900D-01
 -7.157D-04  8.389D-01
 -1.009D-03  5.482D-01
 -7.707D-04  8.444D-01
 -1.163D-03  4.963D-01
 -8.282D-04  8.500D-01
 -1.367D-03  4.306D-01
 -8.882D-04  8.558D-01
 -1.662D-03  3.451D-01
 -9.505D-04  8.619D-01
 -2.158D-03  2.277D-01
 -1.015D-03  8.684D-01
 -3.314D-03  4.815D-02
 -1.081D-03  8.759D-01
 -2.831D-05  7.644D-01
 -4.434D-05  7.653D-01
 -5.944D-05  7.640D-01
 -7.400D-05  7.665D-01
 -8.889D-05  7.634D-01
 -1.031D-04  7.682D-01
 -1.185D-04  7.625D-01
 -1.324D-04  7.704D-01
 -1.487D-04  7.612D-01
 -1.622D-04  7.730D-01
 -1.799D-04  7.593D-01
 -1.927D-04  7.761D-01
 -2.124D-04  7.569D-01
 -2.240D-04  7.795D-01
 -2.465D-04  7.537D-01
 -2.564D-04  7.833D-01
 -2.824D-04  7.495D-01
 -2.898D-04  7.874D-01
 -3.206D-04  7.442D-01
 -3.246D-04  7.917D-01
 -3.614D-04  7.375D-01
 -3.608D-04  7.963D-01
 -4.054D-04  7.292D-01
 -3.984D-04  8.010D-01
 -4.531D-04  7.189D-01
 -4.378D-04  8.059D-01
 -5.052D-04  7.063D-01
 -4.789D-04  8.109D-01
 -5.629D-04  6.909D-01
 -5.218D-04  8.159D-01
 -6.272D-04  6.721D-01
 -5.668D-04  8.210D-01
 -7.000D-04  6.493D-01
 -6.139D-04  8.262D-01
 -7.837D-04  6.216D-01
 -6.631D-04  8.314D-01
 -8.821D-04  5.879D-01
 -7.146D-04  8.365D-01
 -1.001D-03  5.464D-01
 -7.685D-04  8.418D-01
 -1.150D-03  4.949D-01
 -8.247D-04  8.471D-01
 -1.347D-03  4.296D-01
 -8.833D-04  8.525D-01
 -1.631D-03  3.442D-01
 -9.442D-04  8.582D-01
 -2.107D-03  2.266D-01
 -1.007D-03  8.643D-01
 -3.214D-03  4.506D-02
 -1.072D-03  8.713D-01
 -2.739D-05  7.632D-01
 -4.297D-05  7.626D-01
 -5.745D-05  7.641D-01
 -7.182D-05  7.621D-01
 -8.573D-05  7.655D-01
 -1.003D-04  7.614D-01
 -1.139D-04  7.673D-01
 -1.291D-04  7.604D-01
 -1.425D-04  7.696D-01
 -1.587D-04  7.590D-01
 -1.716D-04  7.723D-01
 -1.893D-04  7.571D-01
 -2.014D-04  7.754D-01
 -2.213D-04  7.545D-01
 -2.321D-04  7.789D-01
 -2.548D-04  7.512D-01
 -2.639D-04  7.827D-01
 -2.901D-04  7.469D-01
 -2.967D-04  7.867D-01
 -3.277D-04  7.415D-01
 -3.309D-04  7.909D-01
 -3.679D-04  7.347D-01
 -3.664D-04  7.954D-01
 -4.112D-04  7.263D-01
 -4.034D-04  8.000D-01
 -4.581D-04  7.159D-01
 -4.420D-04  8.047D-01
 -5.093D-04  7.033D-01
 -4.823D-04  8.095D-01
 -5.658D-04  6.879D-01
 -5.245D-04  8.143D-01
 -6.288D-04  6.692D-01
 -5.686D-04  8.192D-01
 -6.999D-04  6.466D-01
 -6.147D-04  8.241D-01
 -7.816D-04  6.191D-01
 -6.630D-04  8.290D-01
 -8.773D-04  5.856D-01
 -7.134D-04  8.339D-01
 -9.925D-04  5.445D-01
 -7.661D-04  8.388D-01
 -1.137D-03  4.933D-01
 -8.211D-04  8.437D-01
 -1.327D-03  4.284D-01
 -8.784D-04  8.488D-01
 -1.601D-03  3.433D-01
 -9.379D-04  8.541D-01
 -2.057D-03  2.255D-01
 -9.995D-04  8.598D-01
 -3.118D-03  4.231D-02
 -1.063D-03  8.663D-01
 -2.655D-05  7.610D-01
 -4.159D-05  7.618D-01
 -5.574D-05  7.607D-01
 -6.941D-05  7.629D-01
 -8.331D-05  7.601D-01
 -9.668D-05  7.644D-01
 -1.110D-04  7.594D-01
 -1.241D-04  7.664D-01
 -1.391D-04  7.582D-01
 -1.520D-04  7.688D-01
 -1.682D-04  7.567D-01
 -1.804D-04  7.716D-01
 -1.982D-04  7.547D-01
 -2.097D-04  7.747D-01
 -2.296D-04  7.520D-01
 -2.398D-04  7.781D-01
 -2.626D-04  7.486D-01
 -2.709D-04  7.818D-01
 -2.974D-04  7.442D-01
 -3.032D-04  7.858D-01
 -3.344D-04  7.386D-01
 -3.367D-04  7.899D-01
 -3.740D-04  7.317D-01
 -3.716D-04  7.943D-01
 -4.165D-04  7.232D-01
 -4.080D-04  7.987D-01
 -4.626D-04  7.128D-01
 -4.459D-04  8.032D-01
 -5.130D-04  7.001D-01
 -4.855D-04  8.078D-01
 -5.684D-04  6.847D-01
 -5.269D-04  8.124D-01
 -6.300D-04  6.661D-01
 -5.702D-04  8.170D-01
 -6.995D-04  6.436D-01
 -6.154D-04  8.216D-01
 -7.791D-04  6.164D-01
 -6.627D-04  8.262D-01
 -8.722D-04  5.832D-01
 -7.121D-04  8.308D-01
 -9.840D-04  5.424D-01
 -7.637D-04  8.354D-01
 -1.124D-03  4.917D-01
 -8.175D-04  8.400D-01
 -1.307D-03  4.272D-01
 -8.735D-04  8.447D-01
 -1.571D-03  3.425D-01
 -9.317D-04  8.496D-01
 -2.009D-03  2.246D-01
 -9.919D-04  8.549D-01
 -3.026D-03  3.985D-02
 -1.054D-03  8.609D-01
 -2.573D-05  7.596D-01
 -4.035D-05  7.591D-01
 -5.395D-05  7.604D-01
 -6.741D-05  7.587D-01
 -8.049D-05  7.617D-01
 -9.406D-05  7.581D-01
 -1.069D-04  7.633D-01
 -1.210D-04  7.572D-01
 -1.337D-04  7.654D-01
 -1.486D-04  7.560D-01
 -1.609D-04  7.679D-01
 -1.771D-04  7.544D-01
 -1.888D-04  7.707D-01
 -2.067D-04  7.522D-01
 -2.175D-04  7.738D-01
 -2.375D-04  7.494D-01
 -2.470D-04  7.772D-01
 -2.700D-04  7.458D-01
 -2.776D-04  7.809D-01
 -3.043D-04  7.413D-01
 -3.093D-04  7.847D-01
 -3.407D-04  7.356D-01
 -3.423D-04  7.887D-01
 -3.797D-04  7.286D-01
 -3.765D-04  7.929D-01
 -4.215D-04  7.200D-01
 -4.123D-04  7.971D-01
 -4.668D-04  7.095D-01
 -4.495D-04  8.014D-01
 -5.162D-04  6.968D-01
 -4.884D-04  8.058D-01
 -5.705D-04  6.814D-01
 -5.291D-04  8.101D-01
 -6.309D-04  6.629D-01
 -5.715D-04  8.145D-01
 -6.988D-04  6.405D-01
 -6.159D-04  8.188D-01
 -7.764D-04  6.134D-01
 -6.622D-04  8.231D-01
 -8.670D-04  5.805D-01
 -7.106D-04  8.274D-01
 -9.755D-04  5.401D-01
 -7.611D-04  8.317D-01
 -1.111D-03  4.898D-01
 -8.138D-04  8.360D-01
 -1.288D-03  4.258D-01
 -8.686D-04  8.403D-01
 -1.542D-03  3.415D-01
 -9.254D-04  8.448D-01
 -1.963D-03  2.237D-01
 -9.843D-04  8.496D-01
 -2.937D-03  3.766D-02
 -1.045D-03  8.552D-01
 -2.496D-05  7.573D-01
 -3.910D-05  7.581D-01
 -5.238D-05  7.571D-01
 -6.523D-05  7.591D-01
 -7.825D-05  7.566D-01
 -9.084D-05  7.605D-01
 -1.042D-04  7.559D-01
 -1.166D-04  7.622D-01
 -1.305D-04  7.550D-01
 -1.427D-04  7.644D-01
 -1.576D-04  7.536D-01
 -1.694D-04  7.669D-01
 -1.855D-04  7.519D-01
 -1.967D-04  7.697D-01
 -2.146D-04  7.496D-01
 -2.248D-04  7.728D-01
 -2.450D-04  7.466D-01
 -2.539D-04  7.761D-01
 -2.770D-04  7.429D-01
 -2.839D-04  7.797D-01
 -3.108D-04  7.382D-01
 -3.151D-04  7.834D-01
 -3.466D-04  7.324D-01
 -3.475D-04  7.873D-01
 -3.850D-04  7.253D-01
 -3.812D-04  7.912D-01
 -4.261D-04  7.165D-01
 -4.163D-04  7.953D-01
 -4.706D-04  7.060D-01
 -4.529D-04  7.994D-01
 -5.191D-04  6.932D-01
 -4.911D-04  8.035D-01
 -5.724D-04  6.779D-01
 -5.310D-04  8.076D-01
 -6.314D-04  6.594D-01
 -5.727D-04  8.117D-01
 -6.978D-04  6.372D-01
 -6.162D-04  8.157D-01
 -7.734D-04  6.103D-01
 -6.616D-04  8.197D-01
 -8.615D-04  5.777D-01
 -7.091D-04  8.237D-01
 -9.668D-04  5.377D-01
 -7.585D-04  8.276D-01
 -1.098D-03  4.878D-01
 -8.100D-04  8.315D-01
 -1.269D-03  4.243D-01
 -8.636D-04  8.355D-01
 -1.513D-03  3.405D-01
 -9.192D-04  8.396D-01
 -1.918D-03  2.228D-01
 -9.768D-04  8.441D-01
 -2.852D-03  3.570D-02
 -1.036D-03  8.491D-01
 -2.421D-05  7.559D-01
 -3.796D-05  7.554D-01
 -5.076D-05  7.566D-01
 -6.340D-05  7.550D-01
 -7.571D-05  7.577D-01
 -8.841D-05  7.545D-01
 -1.006D-04  7.592D-01
 -1.137D-04  7.537D-01
 -1.257D-04  7.611D-01
 -1.395D-04  7.526D-01
 -1.512D-04  7.633D-01
 -1.660D-04  7.512D-01
 -1.773D-04  7.658D-01
 -1.935D-04  7.493D-01
 -2.042D-04  7.686D-01
 -2.221D-04  7.468D-01
 -2.318D-04  7.716D-01
 -2.521D-04  7.437D-01
 -2.603D-04  7.749D-01
 -2.836D-04  7.398D-01
 -2.899D-04  7.783D-01
 -3.168D-04  7.350D-01
 -3.205D-04  7.819D-01
 -3.522D-04  7.290D-01
 -3.524D-04  7.856D-01
 -3.899D-04  7.218D-01
 -3.855D-04  7.894D-01
 -4.304D-04  7.129D-01
 -4.200D-04  7.932D-01
 -4.741D-04  7.023D-01
 -4.560D-04  7.970D-01
 -5.217D-04  6.895D-01
 -4.936D-04  8.009D-01
 -5.738D-04  6.741D-01
 -5.327D-04  8.047D-01
 -6.316D-04  6.557D-01
 -5.736D-04  8.085D-01
 -6.964D-04  6.336D-01
 -6.163D-04  8.123D-01
 -7.702D-04  6.070D-01
 -6.609D-04  8.159D-01
 -8.559D-04  5.747D-01
 -7.074D-04  8.196D-01
 -9.581D-04  5.350D-01
 -7.558D-04  8.232D-01
 -1.085D-03  4.856D-01
 -8.062D-04  8.268D-01
 -1.250D-03  4.227D-01
 -8.587D-04  8.304D-01
 -1.485D-03  3.393D-01
 -9.131D-04  8.341D-01
 -1.874D-03  2.219D-01
 -9.693D-04  8.382D-01
 -2.769D-03  3.393D-02
 -1.027D-03  8.428D-01
 -2.351D-05  7.536D-01
 -3.682D-05  7.542D-01
 -4.932D-05  7.533D-01
 -6.143D-05  7.551D-01
 -7.365D-05  7.529D-01
 -8.553D-05  7.563D-01
 -9.798D-05  7.522D-01
 -1.097D-04  7.579D-01
 -1.227D-04  7.513D-01
 -1.343D-04  7.598D-01
 -1.480D-04  7.501D-01
 -1.593D-04  7.620D-01
 -1.741D-04  7.485D-01
 -1.849D-04  7.645D-01
 -2.011D-04  7.465D-01
 -2.112D-04  7.673D-01
 -2.293D-04  7.439D-01
 -2.384D-04  7.702D-01
 -2.588D-04  7.406D-01
 -2.664D-04  7.734D-01
 -2.898D-04  7.366D-01
 -2.955D-04  7.767D-01
 -3.225D-04  7.316D-01
 -3.256D-04  7.801D-01
 -3.573D-04  7.255D-01
 -3.570D-04  7.836D-01
 -3.944D-04  7.180D-01
 -3.895D-04  7.872D-01
 -4.343D-04  7.091D-01
 -4.235D-04  7.908D-01
 -4.772D-04  6.984D-01
 -4.589D-04  7.944D-01
 -5.239D-04  6.855D-01
 -4.958D-04  7.980D-01
 -5.750D-04  6.702D-01
 -5.343D-04  8.016D-01
 -6.316D-04  6.519D-01
 -5.744D-04  8.051D-01
 -6.948D-04  6.299D-01
 -6.163D-04  8.085D-01
 -7.667D-04  6.034D-01
 -6.600D-04  8.119D-01
 -8.501D-04  5.714D-01
 -7.055D-04  8.152D-01
 -9.492D-04  5.322D-01
 -7.530D-04  8.185D-01
 -1.072D-03  4.833D-01
 -8.024D-04  8.217D-01
 -1.231D-03  4.208D-01
 -8.537D-04  8.250D-01
 -1.458D-03  3.381D-01
 -9.069D-04  8.283D-01
 -1.832D-03  2.210D-01
 -9.619D-04  8.319D-01
 -2.690D-03  3.232D-02
 -1.018D-03  8.361D-01
 -2.282D-05  7.520D-01
 -3.578D-05  7.515D-01
 -4.785D-05  7.526D-01
 -5.974D-05  7.511D-01
 -7.136D-05  7.536D-01
 -8.327D-05  7.506D-01
 -9.476D-05  7.549D-01
 -1.070D-04  7.499D-01
 -1.184D-04  7.565D-01
 -1.312D-04  7.489D-01
 -1.424D-04  7.585D-01
 -1.560D-04  7.475D-01
 -1.669D-04  7.607D-01
 -1.817D-04  7.458D-01
 -1.921D-04  7.631D-01
 -2.083D-04  7.436D-01
 -2.179D-04  7.658D-01
 -2.360D-04  7.408D-01
 -2.446D-04  7.687D-01
 -2.651D-04  7.374D-01
 -2.722D-04  7.717D-01
 -2.956D-04  7.331D-01
 -3.008D-04  7.749D-01
 -3.279D-04  7.280D-01
 -3.305D-04  7.781D-01
 -3.621D-04  7.217D-01
 -3.613D-04  7.814D-01
 -3.987D-04  7.141D-01
 -3.933D-04  7.848D-01
 -4.378D-04  7.051D-01
 -4.267D-04  7.882D-01
 -4.800D-04  6.943D-01
 -4.615D-04  7.915D-01
 -5.258D-04  6.814D-01
 -4.978D-04  7.948D-01
 -5.759D-04  6.660D-01
 -5.356D-04  7.981D-01
 -6.312D-04  6.477D-01
 -5.750D-04  8.013D-01
 -6.930D-04  6.259D-01
 -6.161D-04  8.045D-01
 -7.631D-04  5.997D-01
 -6.590D-04  8.075D-01
 -8.441D-04  5.679D-01
 -7.036D-04  8.105D-01
 -9.404D-04  5.291D-01
 -7.501D-04  8.134D-01
 -1.059D-03  4.807D-01
 -7.984D-04  8.163D-01
 -1.213D-03  4.188D-01
 -8.486D-04  8.193D-01
 -1.432D-03  3.367D-01
 -9.007D-04  8.222D-01
 -1.790D-03  2.201D-01
 -9.545D-04  8.254D-01
 -2.614D-03  3.084D-02
 -1.010D-03  8.292D-01
 -2.218D-05  7.496D-01
 -3.474D-05  7.502D-01
 -4.653D-05  7.493D-01
 -5.795D-05  7.510D-01
 -6.945D-05  7.489D-01
 -8.067D-05  7.520D-01
 -9.234D-05  7.483D-01
 -1.035D-04  7.534D-01
 -1.156D-04  7.474D-01
 -1.266D-04  7.551D-01
 -1.393D-04  7.463D-01
 -1.501D-04  7.570D-01
 -1.637D-04  7.448D-01
 -1.742D-04  7.592D-01
 -1.889D-04  7.429D-01
 -1.989D-04  7.616D-01
 -2.151D-04  7.405D-01
 -2.243D-04  7.642D-01
 -2.424D-04  7.376D-01
 -2.505D-04  7.670D-01
 -2.710D-04  7.339D-01
 -2.777D-04  7.699D-01
 -3.011D-04  7.295D-01
 -3.058D-04  7.728D-01
 -3.329D-04  7.242D-01
 -3.350D-04  7.759D-01
 -3.666D-04  7.177D-01
 -3.653D-04  7.790D-01
 -4.026D-04  7.100D-01
 -3.969D-04  7.821D-01
 -4.411D-04  7.008D-01
 -4.297D-04  7.853D-01
 -4.825D-04  6.899D-01
 -4.639D-04  7.883D-01
 -5.274D-04  6.770D-01
 -4.996D-04  7.914D-01
 -5.765D-04  6.616D-01
 -5.367D-04  7.944D-01
 -6.306D-04  6.434D-01
 -5.754D-04  7.973D-01
 -6.909D-04  6.217D-01
 -6.158D-04  8.001D-01
 -7.592D-04  5.957D-01
 -6.578D-04  8.029D-01
 -8.380D-04  5.642D-01
 -7.015D-04  8.055D-01
 -9.314D-04  5.257D-01
 -7.471D-04  8.081D-01
 -1.046D-03  4.778D-01
 -7.944D-04  8.107D-01
 -1.195D-03  4.166D-01
 -8.436D-04  8.132D-01
 -1.406D-03  3.351D-01
 -8.945D-04  8.159D-01
 -1.751D-03  2.191D-01
 -9.471D-04  8.187D-01
 -2.540D-03  2.945D-02
 -1.001D-03  8.220D-01
 -2.155D-05  7.479D-01
 -3.379D-05  7.474D-01
 -4.518D-05  7.484D-01
 -5.639D-05  7.471D-01
 -6.737D-05  7.493D-01
 -7.858D-05  7.465D-01
 -8.944D-05  7.504D-01
 -1.009D-04  7.458D-01
 -1.117D-04  7.519D-01
 -1.237D-04  7.448D-01
 -1.343D-04  7.535D-01
 -1.469D-04  7.435D-01
 -1.574D-04  7.555D-01
 -1.709D-04  7.419D-01
 -1.810D-04  7.576D-01
 -1.957D-04  7.398D-01
 -2.053D-04  7.599D-01
 -2.215D-04  7.373D-01
 -2.303D-04  7.624D-01
 -2.485D-04  7.341D-01
 -2.561D-04  7.650D-01
 -2.766D-04  7.303D-01
 -2.828D-04  7.678D-01
 -3.063D-04  7.257D-01
 -3.105D-04  7.706D-01
 -3.376D-04  7.202D-01
 -3.393D-04  7.734D-01
 -3.708D-04  7.135D-01
 -3.691D-04  7.763D-01
 -4.062D-04  7.057D-01
 -4.002D-04  7.792D-01
 -4.440D-04  6.964D-01
 -4.325D-04  7.821D-01
 -4.847D-04  6.854D-01
 -4.661D-04  7.849D-01
 -5.287D-04  6.724D-01
 -5.011D-04  7.877D-01
 -5.768D-04  6.570D-01
 -5.376D-04  7.904D-01
 -6.297D-04  6.388D-01
 -5.757D-04  7.930D-01
 -6.886D-04  6.172D-01
 -6.152D-04  7.955D-01
 -7.551D-04  5.914D-01
 -6.565D-04  7.979D-01
 -8.318D-04  5.602D-01
 -6.994D-04  8.003D-01
 -9.225D-04  5.222D-01
 -7.440D-04  8.025D-01
 -1.034D-03  4.748D-01
 -7.903D-04  8.048D-01
 -1.178D-03  4.142D-01
 -8.384D-04  8.070D-01
 -1.380D-03  3.334D-01
 -8.883D-04  8.092D-01
 -1.712D-03  2.179D-01
 -9.397D-04  8.116D-01
 -2.469D-03  2.814D-02
 -9.925D-04  8.145D-01
 -2.096D-05  7.455D-01
 -3.284D-05  7.460D-01
 -4.396D-05  7.452D-01
 -5.476D-05  7.467D-01
 -6.561D-05  7.447D-01
 -7.621D-05  7.476D-01
 -8.719D-05  7.441D-01
 -9.773D-05  7.488D-01
 -1.090D-04  7.432D-01
 -1.195D-04  7.502D-01
 -1.313D-04  7.421D-01
 -1.417D-04  7.519D-01
 -1.542D-04  7.406D-01
 -1.643D-04  7.538D-01
 -1.778D-04  7.388D-01
 -1.875D-04  7.558D-01
 -2.022D-04  7.366D-01
 -2.114D-04  7.581D-01
 -2.277D-04  7.338D-01
 -2.360D-04  7.604D-01
 -2.542D-04  7.305D-01
 -2.614D-04  7.629D-01
 -2.820D-04  7.265D-01
 -2.877D-04  7.655D-01
 -3.112D-04  7.217D-01
 -3.150D-04  7.681D-01
 -3.420D-04  7.159D-01
 -3.433D-04  7.707D-01
 -3.747D-04  7.092D-01
 -3.727D-04  7.734D-01
 -4.095D-04  7.011D-01
 -4.032D-04  7.760D-01
 -4.466D-04  6.917D-01
 -4.350D-04  7.787D-01
 -4.866D-04  6.806D-01
 -4.681D-04  7.812D-01
 -5.298D-04  6.675D-01
 -5.025D-04  7.837D-01
 -5.768D-04  6.522D-01
 -5.384D-04  7.861D-01
 -6.286D-04  6.340D-01
 -5.757D-04  7.884D-01
 -6.861D-04  6.125D-01
 -6.146D-04  7.906D-01
 -7.509D-04  5.869D-01
 -6.550D-04  7.927D-01
 -8.255D-04  5.560D-01
 -6.971D-04  7.948D-01
 -9.135D-04  5.184D-01
 -7.408D-04  7.967D-01
 -1.021D-03  4.715D-01
 -7.862D-04  7.986D-01
 -1.160D-03  4.115D-01
 -8.333D-04  8.004D-01
 -1.356D-03  3.314D-01
 -8.820D-04  8.023D-01
 -1.674D-03  2.167D-01
 -9.323D-04  8.044D-01
 -2.401D-03  2.687D-02
 -9.840D-04  8.068D-01
 -2.039D-05  7.436D-01
 -3.195D-05  7.432D-01
 -4.273D-05  7.441D-01
 -5.332D-05  7.428D-01
 -6.371D-05  7.448D-01
 -7.427D-05  7.423D-01
 -8.456D-05  7.458D-01
 -9.534D-05  7.415D-01
 -1.056D-04  7.470D-01
 -1.168D-04  7.405D-01
 -1.269D-04  7.485D-01
 -1.386D-04  7.392D-01
 -1.486D-04  7.501D-01
 -1.611D-04  7.376D-01
 -1.709D-04  7.519D-01
 -1.844D-04  7.356D-01
 -1.937D-04  7.539D-01
 -2.084D-04  7.332D-01
 -2.172D-04  7.560D-01
 -2.335D-04  7.302D-01
 -2.414D-04  7.583D-01
 -2.596D-04  7.267D-01
 -2.665D-04  7.606D-01
 -2.870D-04  7.224D-01
 -2.924D-04  7.630D-01
 -3.157D-04  7.174D-01
 -3.192D-04  7.654D-01
 -3.461D-04  7.115D-01
 -3.471D-04  7.678D-01
 -3.783D-04  7.045D-01
 -3.760D-04  7.702D-01
 -4.125D-04  6.964D-01
 -4.061D-04  7.726D-01
 -4.490D-04  6.868D-01
 -4.373D-04  7.750D-01
 -4.882D-04  6.756D-01
 -4.699D-04  7.772D-01
 -5.306D-04  6.625D-01
 -5.037D-04  7.794D-01
 -5.767D-04  6.471D-01
 -5.390D-04  7.816D-01
 -6.272D-04  6.290D-01
 -5.756D-04  7.836D-01
 -6.833D-04  6.076D-01
 -6.138D-04  7.855D-01
 -7.465D-04  5.822D-01
 -6.534D-04  7.873D-01
 -8.191D-04  5.516D-01
 -6.947D-04  7.890D-01
 -9.045D-04  5.143D-01
 -7.375D-04  7.906D-01
 -1.009D-03  4.679D-01
 -7.820D-04  7.921D-01
 -1.143D-03  4.086D-01
 -8.280D-04  7.936D-01
 -1.331D-03  3.293D-01
 -8.757D-04  7.952D-01
 -1.638D-03  2.153D-01
 -9.249D-04  7.969D-01
 -2.336D-03  2.562D-02
 -9.755D-04  7.989D-01
 -1.984D-05  7.412D-01
 -3.108D-05  7.416D-01
 -4.161D-05  7.409D-01
 -5.183D-05  7.422D-01
 -6.207D-05  7.404D-01
 -7.212D-05  7.430D-01
 -8.246D-05  7.397D-01
 -9.245D-05  7.440D-01
 -1.031D-04  7.388D-01
 -1.130D-04  7.452D-01
 -1.241D-04  7.376D-01
 -1.339D-04  7.466D-01
 -1.456D-04  7.362D-01
 -1.553D-04  7.482D-01
 -1.677D-04  7.344D-01
 -1.772D-04  7.500D-01
 -1.906D-04  7.322D-01
 -1.996D-04  7.518D-01
 -2.143D-04  7.295D-01
 -2.227D-04  7.538D-01
 -2.390D-04  7.264D-01
 -2.466D-04  7.559D-01
 -2.647D-04  7.226D-01
 -2.712D-04  7.581D-01
 -2.917D-04  7.182D-01
 -2.967D-04  7.602D-01
 -3.200D-04  7.130D-01
 -3.232D-04  7.625D-01
 -3.499D-04  7.069D-01
 -3.506D-04  7.647D-01
 -3.816D-04  6.997D-01
 -3.791D-04  7.668D-01
 -4.152D-04  6.914D-01
 -4.087D-04  7.690D-01
 -4.511D-04  6.816D-01
 -4.395D-04  7.710D-01
 -4.896D-04  6.703D-01
 -4.715D-04  7.730D-01
 -5.311D-04  6.571D-01
 -5.048D-04  7.749D-01
 -5.762D-04  6.417D-01
 -5.394D-04  7.768D-01
 -6.257D-04  6.237D-01
 -5.754D-04  7.785D-01
 -6.804D-04  6.024D-01
 -6.128D-04  7.801D-01
 -7.420D-04  5.772D-01
 -6.517D-04  7.816D-01
 -8.126D-04  5.469D-01
 -6.922D-04  7.829D-01
 -8.954D-04  5.100D-01
 -7.341D-04  7.842D-01
 -9.964D-04  4.641D-01
 -7.777D-04  7.855D-01
 -1.126D-03  4.055D-01
 -8.228D-04  7.866D-01
 -1.308D-03  3.269D-01
 -8.694D-04  7.878D-01
 -1.603D-03  2.137D-01
 -9.176D-04  7.891D-01
 -2.272D-03  2.436D-02
 -9.670D-04  7.908D-01
 -1.931D-05  7.392D-01
 -3.027D-05  7.388D-01
 -4.047D-05  7.396D-01
 -5.050D-05  7.384D-01
 -6.033D-05  7.402D-01
 -7.031D-05  7.378D-01
 -8.007D-05  7.411D-01
 -9.022D-05  7.370D-01
 -9.994D-05  7.421D-01
 -1.104D-04  7.359D-01
 -1.201D-04  7.433D-01
 -1.310D-04  7.346D-01
 -1.406D-04  7.447D-01
 -1.522D-04  7.330D-01
 -1.616D-04  7.462D-01
 -1.740D-04  7.310D-01
 -1.831D-04  7.478D-01
 -1.965D-04  7.286D-01
 -2.052D-04  7.496D-01
 -2.198D-04  7.257D-01
 -2.280D-04  7.514D-01
 -2.442D-04  7.224D-01
 -2.515D-04  7.534D-01
 -2.695D-04  7.184D-01
 -2.757D-04  7.553D-01
 -2.961D-04  7.137D-01
 -3.009D-04  7.573D-01
 -3.241D-04  7.083D-01
 -3.269D-04  7.593D-01
 -3.535D-04  7.020D-01
 -3.539D-04  7.613D-01
 -3.846D-04  6.946D-01
 -3.820D-04  7.632D-01
 -4.177D-04  6.861D-01
 -4.111D-04  7.651D-01
 -4.530D-04  6.763D-01
 -4.414D-04  7.669D-01
 -4.907D-04  6.649D-01
 -4.729D-04  7.686D-01
 -5.314D-04  6.516D-01
 -5.056D-04  7.702D-01
 -5.756D-04  6.362D-01
 -5.396D-04  7.717D-01
 -6.239D-04  6.182D-01
 -5.750D-04  7.731D-01
 -6.774D-04  5.970D-01
 -6.117D-04  7.744D-01
 -7.374D-04  5.719D-01
 -6.499D-04  7.756D-01
 -8.060D-04  5.419D-01
 -6.895D-04  7.767D-01
 -8.864D-04  5.054D-01
 -7.307D-04  7.777D-01
 -9.842D-04  4.601D-01
 -7.733D-04  7.785D-01
 -1.110D-03  4.021D-01
 -8.174D-04  7.794D-01
 -1.285D-03  3.243D-01
 -8.631D-04  7.803D-01
 -1.569D-03  2.120D-01
 -9.102D-04  7.812D-01
 -2.211D-03  2.306D-02
 -9.585D-04  7.825D-01
 -1.881D-05  7.367D-01
 -2.946D-05  7.371D-01
 -3.943D-05  7.364D-01
 -4.913D-05  7.376D-01
 -5.881D-05  7.358D-01
 -6.834D-05  7.382D-01
 -7.811D-05  7.351D-01
 -8.759D-05  7.391D-01
 -9.759D-05  7.341D-01
 -1.071D-04  7.401D-01
 -1.174D-04  7.329D-01
 -1.268D-04  7.412D-01
 -1.377D-04  7.314D-01
 -1.470D-04  7.426D-01
 -1.585D-04  7.296D-01
 -1.676D-04  7.440D-01
 -1.799D-04  7.274D-01
 -1.888D-04  7.455D-01
 -2.021D-04  7.248D-01
 -2.105D-04  7.472D-01
 -2.251D-04  7.217D-01
 -2.329D-04  7.489D-01
 -2.491D-04  7.181D-01
 -2.561D-04  7.506D-01
 -2.741D-04  7.139D-01
 -2.800D-04  7.524D-01
 -3.003D-04  7.091D-01
 -3.048D-04  7.541D-01
 -3.278D-04  7.034D-01
 -3.304D-04  7.559D-01
 -3.568D-04  6.969D-01
 -3.571D-04  7.576D-01
 -3.874D-04  6.894D-01
 -3.847D-04  7.593D-01
 -4.199D-04  6.807D-01
 -4.134D-04  7.609D-01
 -4.546D-04  6.707D-01
 -4.431D-04  7.625D-01
 -4.916D-04  6.591D-01
 -4.741D-04  7.639D-01
 -5.315D-04  6.458D-01
 -5.063D-04  7.652D-01
 -5.747D-04  6.304D-01
 -5.397D-04  7.665D-01
 -6.219D-04  6.124D-01
 -5.744D-04  7.676D-01
 -6.741D-04  5.913D-01
 -6.105D-04  7.686D-01
 -7.326D-04  5.665D-01
 -6.479D-04  7.694D-01
 -7.993D-04  5.367D-01
 -6.868D-04  7.702D-01
 -8.774D-04  5.006D-01
 -7.271D-04  7.708D-01
 -9.721D-04  4.558D-01
 -7.688D-04  7.714D-01
 -1.093D-03  3.984D-01
 -8.121D-04  7.720D-01
 -1.262D-03  3.215D-01
 -8.567D-04  7.725D-01
 -1.535D-03  2.101D-01
 -9.028D-04  7.731D-01
 -2.153D-03  2.172D-02
 -9.500D-04  7.740D-01
 -1.832D-05  7.347D-01
 -2.871D-05  7.342D-01
 -3.839D-05  7.350D-01
 -4.789D-05  7.338D-01
 -5.722D-05  7.355D-01
 -6.666D-05  7.332D-01
 -7.592D-05  7.362D-01
 -8.550D-05  7.323D-01
 -9.474D-05  7.370D-01
 -1.046D-04  7.312D-01
 -1.138D-04  7.380D-01
 -1.241D-04  7.298D-01
 -1.332D-04  7.391D-01
 -1.440D-04  7.281D-01
 -1.530D-04  7.403D-01
 -1.645D-04  7.260D-01
 -1.733D-04  7.416D-01
 -1.856D-04  7.236D-01
 -1.942D-04  7.431D-01
 -2.074D-04  7.208D-01
 -2.156D-04  7.445D-01
 -2.301D-04  7.175D-01
 -2.377D-04  7.461D-01
 -2.537D-04  7.137D-01
 -2.605D-04  7.476D-01
 -2.784D-04  7.093D-01
 -2.841D-04  7.492D-01
 -3.042D-04  7.042D-01
 -3.085D-04  7.508D-01
 -3.313D-04  6.983D-01
 -3.337D-04  7.523D-01
 -3.598D-04  6.916D-01
 -3.600D-04  7.538D-01
 -3.900D-04  6.838D-01
 -3.872D-04  7.552D-01
 -4.219D-04  6.750D-01
 -4.154D-04  7.565D-01
 -4.559D-04  6.648D-01
 -4.447D-04  7.578D-01
 -4.923D-04  6.532D-01
 -4.751D-04  7.590D-01
 -5.313D-04  6.398D-01
 -5.068D-04  7.600D-01
 -5.736D-04  6.243D-01
 -5.396D-04  7.609D-01
 -6.198D-04  6.064D-01
 -5.737D-04  7.618D-01
 -6.707D-04  5.854D-01
 -6.091D-04  7.625D-01
 -7.277D-04  5.607D-01
 -6.458D-04  7.630D-01
 -7.925D-04  5.312D-01
 -6.839D-04  7.635D-01
 -8.683D-04  4.955D-01
 -7.234D-04  7.638D-01
 -9.601D-04  4.512D-01
 -7.643D-04  7.641D-01
 -1.077D-03  3.945D-01
 -8.066D-04  7.643D-01
 -1.240D-03  3.184D-01
 -8.503D-04  7.645D-01
 -1.503D-03  2.080D-01
 -8.954D-04  7.648D-01
 -2.096D-03  2.031D-02
 -9.416D-04  7.653D-01
 -1.786D-05  7.321D-01
 -2.797D-05  7.325D-01
 -3.743D-05  7.317D-01
 -4.663D-05  7.328D-01
 -5.581D-05  7.311D-01
 -6.486D-05  7.333D-01
 -7.409D-05  7.303D-01
 -8.310D-05  7.340D-01
 -9.253D-05  7.293D-01
 -1.015D-04  7.348D-01
 -1.113D-04  7.280D-01
 -1.202D-04  7.357D-01
 -1.304D-04  7.264D-01
 -1.393D-04  7.368D-01
 -1.500D-04  7.245D-01
 -1.588D-04  7.379D-01
 -1.702D-04  7.223D-01
 -1.788D-04  7.391D-01
 -1.910D-04  7.197D-01
 -1.993D-04  7.404D-01
 -2.125D-04  7.166D-01
 -2.204D-04  7.418D-01
 -2.349D-04  7.131D-01
 -2.422D-04  7.431D-01
 -2.582D-04  7.090D-01
 -2.646D-04  7.445D-01
 -2.824D-04  7.044D-01
 -2.879D-04  7.458D-01
 -3.079D-04  6.991D-01
 -3.119D-04  7.472D-01
 -3.346D-04  6.930D-01
 -3.368D-04  7.485D-01
 -3.626D-04  6.860D-01
 -3.627D-04  7.497D-01
 -3.923D-04  6.781D-01
 -3.894D-04  7.509D-01
 -4.237D-04  6.691D-01
 -4.172D-04  7.520D-01
 -4.570D-04  6.588D-01
 -4.461D-04  7.529D-01
 -4.927D-04  6.470D-01
 -4.760D-04  7.538D-01
 -5.310D-04  6.335D-01
 -5.071D-04  7.546D-01
 -5.724D-04  6.181D-01
 -5.394D-04  7.552D-01
 -6.175D-04  6.001D-01
 -5.729D-04  7.557D-01
 -6.672D-04  5.793D-01
 -6.076D-04  7.561D-01
 -7.226D-04  5.547D-01
 -6.436D-04  7.564D-01
 -7.857D-04  5.255D-01
 -6.810D-04  7.566D-01
 -8.593D-04  4.901D-01
 -7.197D-04  7.566D-01
 -9.482D-04  4.463D-01
 -7.597D-04  7.566D-01
 -1.062D-03  3.903D-01
 -8.011D-04  7.565D-01
 -1.219D-03  3.151D-01
 -8.439D-04  7.564D-01
 -1.472D-03  2.057D-01
 -8.879D-04  7.563D-01
 -2.041D-03  1.880D-02
 -9.331D-04  7.565D-01
 -1.740D-05  7.299D-01
 -2.727D-05  7.295D-01
 -3.646D-05  7.302D-01
 -4.547D-05  7.290D-01
 -5.434D-05  7.306D-01
 -6.328D-05  7.283D-01
 -7.208D-05  7.311D-01
 -8.114D-05  7.274D-01
 -8.993D-05  7.318D-01
 -9.922D-05  7.262D-01
 -1.080D-04  7.325D-01
 -1.176D-04  7.247D-01
 -1.264D-04  7.334D-01
 -1.364D-04  7.229D-01
 -1.451D-04  7.344D-01
 -1.557D-04  7.208D-01
 -1.643D-04  7.354D-01
 -1.756D-04  7.184D-01
 -1.840D-04  7.365D-01
 -1.961D-04  7.155D-01
 -2.042D-04  7.376D-01
 -2.173D-04  7.122D-01
 -2.250D-04  7.388D-01
 -2.394D-04  7.085D-01
 -2.464D-04  7.399D-01
 -2.623D-04  7.042D-01
 -2.686D-04  7.411D-01
 -2.863D-04  6.993D-01
 -2.915D-04  7.423D-01
 -3.113D-04  6.937D-01
 -3.152D-04  7.434D-01
 -3.376D-04  6.874D-01
 -3.397D-04  7.444D-01
 -3.652D-04  6.802D-01
 -3.652D-04  7.454D-01
 -3.943D-04  6.721D-01
 -3.915D-04  7.463D-01
 -4.252D-04  6.629D-01
 -4.189D-04  7.471D-01
 -4.580D-04  6.525D-01
 -4.473D-04  7.478D-01
 -4.929D-04  6.406D-01
 -4.767D-04  7.484D-01
 -5.304D-04  6.271D-01
 -5.073D-04  7.489D-01
 -5.709D-04  6.115D-01
 -5.390D-04  7.493D-01
 -6.150D-04  5.936D-01
 -5.719D-04  7.495D-01
 -6.635D-04  5.729D-01
 -6.060D-04  7.496D-01
 -7.175D-04  5.485D-01
 -6.413D-04  7.496D-01
 -7.789D-04  5.195D-01
 -6.779D-04  7.495D-01
 -8.503D-04  4.845D-01
 -7.158D-04  7.492D-01
 -9.365D-04  4.412D-01
 -7.550D-04  7.489D-01
 -1.046D-03  3.859D-01
 -7.956D-04  7.485D-01
 -1.198D-03  3.115D-01
 -8.374D-04  7.481D-01
 -1.441D-03  2.032D-01
 -8.805D-04  7.477D-01
 -1.989D-03  1.719D-02
 -9.247D-04  7.475D-01
 -1.697D-05  7.273D-01
 -2.658D-05  7.276D-01
 -3.557D-05  7.269D-01
 -4.431D-05  7.279D-01
 -5.302D-05  7.262D-01
 -6.162D-05  7.283D-01
 -7.037D-05  7.254D-01
 -7.895D-05  7.288D-01
 -8.785D-05  7.243D-01
 -9.643D-05  7.294D-01
 -1.056D-04  7.229D-01
 -1.142D-04  7.301D-01
 -1.237D-04  7.212D-01
 -1.322D-04  7.309D-01
 -1.422D-04  7.192D-01
 -1.507D-04  7.318D-01
 -1.612D-04  7.169D-01
 -1.695D-04  7.327D-01
 -1.807D-04  7.142D-01
 -1.889D-04  7.336D-01
 -2.010D-04  7.112D-01
 -2.088D-04  7.346D-01
 -2.219D-04  7.076D-01
 -2.293D-04  7.356D-01
 -2.436D-04  7.036D-01
 -2.505D-04  7.366D-01
 -2.662D-04  6.991D-01
 -2.723D-04  7.376D-01
 -2.898D-04  6.940D-01
 -2.949D-04  7.385D-01
 -3.145D-04  6.882D-01
 -3.183D-04  7.394D-01
 -3.404D-04  6.816D-01
 -3.424D-04  7.402D-01
 -3.675D-04  6.742D-01
 -3.675D-04  7.409D-01
 -3.962D-04  6.659D-01
 -3.935D-04  7.416D-01
 -4.265D-04  6.566D-01
 -4.204D-04  7.421D-01
 -4.587D-04  6.460D-01
 -4.483D-04  7.425D-01
 -4.929D-04  6.340D-01
 -4.773D-04  7.429D-01
 -5.297D-04  6.203D-01
 -5.073D-04  7.431D-01
 -5.693D-04  6.048D-01
 -5.385D-04  7.431D-01
 -6.123D-04  5.869D-01
 -5.707D-04  7.431D-01
 -6.596D-04  5.662D-01
 -6.042D-04  7.429D-01
 -7.123D-04  5.420D-01
 -6.389D-04  7.426D-01
 -7.719D-04  5.133D-01
 -6.748D-04  7.422D-01
 -8.413D-04  4.786D-01
 -7.119D-04  7.416D-01
 -9.248D-04  4.359D-01
 -7.503D-04  7.410D-01
 -1.031D-03  3.812D-01
 -7.900D-04  7.403D-01
 -1.177D-03  3.077D-01
 -8.309D-04  7.396D-01
 -1.412D-03  2.004D-01
 -8.730D-04  7.389D-01
 -1.938D-03  1.546D-02
 -9.162D-04  7.384D-01
 -1.655D-05  7.251D-01
 -2.593D-05  7.246D-01
 -3.468D-05  7.253D-01
 -4.324D-05  7.241D-01
 -5.167D-05  7.255D-01
 -6.016D-05  7.233D-01
 -6.853D-05  7.259D-01
 -7.711D-05  7.223D-01
 -8.548D-05  7.264D-01
 -9.424D-05  7.210D-01
 -1.026D-04  7.270D-01
 -1.117D-04  7.194D-01
 -1.201D-04  7.276D-01
 -1.294D-04  7.176D-01
 -1.378D-04  7.283D-01
 -1.477D-04  7.154D-01
 -1.560D-04  7.290D-01
 -1.664D-04  7.128D-01
 -1.746D-04  7.298D-01
 -1.857D-04  7.099D-01
 -1.936D-04  7.306D-01
 -2.056D-04  7.066D-01
 -2.133D-04  7.314D-01
 -2.262D-04  7.028D-01
 -2.335D-04  7.323D-01
 -2.476D-04  6.986D-01
 -2.543D-04  7.330D-01
 -2.699D-04  6.938D-01
 -2.759D-04  7.338D-01
 -2.932D-04  6.884D-01
 -2.981D-04  7.345D-01
 -3.175D-04  6.824D-01
 -3.211D-04  7.351D-01
 -3.429D-04  6.756D-01
 -3.450D-04  7.357D-01
 -3.697D-04  6.680D-01
 -3.696D-04  7.362D-01
 -3.978D-04  6.595D-01
 -3.952D-04  7.366D-01
 -4.276D-04  6.500D-01
 -4.217D-04  7.369D-01
 -4.591D-04  6.392D-01
 -4.492D-04  7.370D-01
 -4.927D-04  6.271D-01
 -4.777D-04  7.371D-01
 -5.287D-04  6.134D-01
 -5.072D-04  7.370D-01
 -5.675D-04  5.978D-01
 -5.378D-04  7.368D-01
 -6.095D-04  5.799D-01
 -5.695D-04  7.365D-01
 -6.557D-04  5.593D-01
 -6.023D-04  7.360D-01
 -7.069D-04  5.352D-01
 -6.363D-04  7.354D-01
 -7.650D-04  5.068D-01
 -6.715D-04  7.347D-01
 -8.323D-04  4.725D-01
 -7.079D-04  7.339D-01
 -9.132D-04  4.302D-01
 -7.455D-04  7.329D-01
 -1.016D-03  3.762D-01
 -7.843D-04  7.320D-01
 -1.157D-03  3.036D-01
 -8.244D-04  7.309D-01
 -1.383D-03  1.974D-01
 -8.656D-04  7.299D-01
 -1.889D-03  1.359D-02
 -9.078D-04  7.292D-01
 -1.615D-05  7.223D-01
 -2.529D-05  7.226D-01
 -3.384D-05  7.219D-01
 -4.216D-05  7.228D-01
 -5.044D-05  7.212D-01
 -5.862D-05  7.231D-01
 -6.692D-05  7.203D-01
 -7.509D-05  7.235D-01
 -8.352D-05  7.191D-01
 -9.170D-05  7.239D-01
 -1.003D-04  7.176D-01
 -1.085D-04  7.244D-01
 -1.175D-04  7.158D-01
 -1.257D-04  7.250D-01
 -1.350D-04  7.137D-01
 -1.431D-04  7.255D-01
 -1.529D-04  7.113D-01
 -1.610D-04  7.262D-01
 -1.713D-04  7.085D-01
 -1.793D-04  7.268D-01
 -1.903D-04  7.054D-01
 -1.981D-04  7.275D-01
 -2.100D-04  7.018D-01
 -2.175D-04  7.281D-01
 -2.303D-04  6.978D-01
 -2.374D-04  7.287D-01
 -2.514D-04  6.933D-01
 -2.580D-04  7.293D-01
 -2.734D-04  6.883D-01
 -2.792D-04  7.298D-01
 -2.963D-04  6.826D-01
 -3.011D-04  7.303D-01
 -3.202D-04  6.764D-01
 -3.238D-04  7.307D-01
 -3.453D-04  6.694D-01
 -3.473D-04  7.310D-01
 -3.716D-04  6.616D-01
 -3.716D-04  7.313D-01
 -3.993D-04  6.529D-01
 -3.968D-04  7.314D-01
 -4.285D-04  6.431D-01
 -4.229D-04  7.314D-01
 -4.594D-04  6.323D-01
 -4.499D-04  7.313D-01
 -4.924D-04  6.200D-01
 -4.779D-04  7.311D-01
 -5.276D-04  6.062D-01
 -5.069D-04  7.307D-01
 -5.655D-04  5.906D-01
 -5.370D-04  7.303D-01
 -6.066D-04  5.727D-01
 -5.681D-04  7.297D-01
 -6.516D-04  5.522D-01
 -6.003D-04  7.289D-01
 -7.015D-04  5.283D-01
 -6.337D-04  7.280D-01
 -7.580D-04  5.000D-01
 -6.681D-04  7.270D-01
 -8.233D-04  4.661D-01
 -7.038D-04  7.259D-01
 -9.017D-04  4.243D-01
 -7.406D-04  7.247D-01
 -1.001D-03  3.710D-01
 -7.786D-04  7.235D-01
 -1.137D-03  2.992D-01
 -8.178D-04  7.221D-01
 -1.355D-03  1.942D-01
 -8.581D-04  7.209D-01
 -1.842D-03  1.157D-02
 -8.994D-04  7.198D-01
 -1.576D-05  7.200D-01
 -2.469D-05  7.196D-01
 -3.301D-05  7.201D-01
 -4.116D-05  7.190D-01
 -4.919D-05  7.203D-01
 -5.725D-05  7.182D-01
 -6.522D-05  7.206D-01
 -7.336D-05  7.171D-01
 -8.134D-05  7.209D-01
 -8.963D-05  7.157D-01
 -9.763D-05  7.213D-01
 -1.062D-04  7.140D-01
 -1.142D-04  7.217D-01
 -1.230D-04  7.120D-01
 -1.310D-04  7.222D-01
 -1.402D-04  7.097D-01
 -1.482D-04  7.226D-01
 -1.579D-04  7.071D-01
 -1.658D-04  7.231D-01
 -1.761D-04  7.041D-01
 -1.839D-04  7.236D-01
 -1.948D-04  7.007D-01
 -2.024D-04  7.241D-01
 -2.142D-04  6.968D-01
 -2.215D-04  7.246D-01
 -2.342D-04  6.926D-01
 -2.411D-04  7.250D-01
 -2.550D-04  6.878D-01
 -2.614D-04  7.254D-01
 -2.767D-04  6.825D-01
 -2.823D-04  7.257D-01
 -2.992D-04  6.767D-01
 -3.040D-04  7.259D-01
 -3.228D-04  6.701D-01
 -3.263D-04  7.261D-01
 -3.474D-04  6.629D-01
 -3.495D-04  7.262D-01
 -3.733D-04  6.549D-01
 -3.734D-04  7.261D-01
 -4.005D-04  6.460D-01
 -3.982D-04  7.260D-01
 -4.292D-04  6.361D-01
 -4.239D-04  7.258D-01
 -4.595D-04  6.251D-01
 -4.505D-04  7.254D-01
 -4.918D-04  6.127D-01
 -4.780D-04  7.249D-01
 -5.263D-04  5.988D-01
 -5.065D-04  7.243D-01
 -5.633D-04  5.831D-01
 -5.360D-04  7.235D-01
 -6.035D-04  5.653D-01
 -5.666D-04  7.227D-01
 -6.474D-04  5.448D-01
 -5.982D-04  7.216D-01
 -6.960D-04  5.210D-01
 -6.309D-04  7.205D-01
 -7.509D-04  4.930D-01
 -6.647D-04  7.192D-01
 -8.144D-04  4.595D-01
 -6.996D-04  7.178D-01
 -8.904D-04  4.181D-01
 -7.357D-04  7.164D-01
 -9.863D-04  3.654D-01
 -7.728D-04  7.148D-01
 -1.118D-03  2.946D-01
 -8.112D-04  7.132D-01
 -1.328D-03  1.907D-01
 -8.506D-04  7.116D-01
 -1.796D-03  9.384D-03
 -8.909D-04  7.102D-01
 -1.538D-05  7.172D-01
 -2.410D-05  7.175D-01
 -3.223D-05  7.167D-01
 -4.016D-05  7.176D-01
 -4.804D-05  7.160D-01
 -5.583D-05  7.178D-01
 -6.372D-05  7.150D-01
 -7.150D-05  7.180D-01
 -7.949D-05  7.137D-01
 -8.730D-05  7.183D-01
 -9.546D-05  7.121D-01
 -1.033D-04  7.186D-01
 -1.117D-04  7.102D-01
 -1.196D-04  7.189D-01
 -1.283D-04  7.080D-01
 -1.361D-04  7.192D-01
 -1.452D-04  7.055D-01
 -1.531D-04  7.196D-01
 -1.626D-04  7.026D-01
 -1.704D-04  7.199D-01
 -1.806D-04  6.994D-01
 -1.882D-04  7.203D-01
 -1.990D-04  6.957D-01
 -2.065D-04  7.206D-01
 -2.181D-04  6.916D-01
 -2.253D-04  7.208D-01
 -2.379D-04  6.871D-01
 -2.447D-04  7.211D-01
 -2.584D-04  6.821D-01
 -2.647D-04  7.212D-01
 -2.797D-04  6.766D-01
 -2.853D-04  7.213D-01
 -3.019D-04  6.705D-01
 -3.066D-04  7.213D-01
 -3.251D-04  6.637D-01
 -3.287D-04  7.213D-01
 -3.494D-04  6.562D-01
 -3.515D-04  7.211D-01
 -3.748D-04  6.480D-01
 -3.750D-04  7.208D-01
 -4.015D-04  6.389D-01
 -3.995D-04  7.204D-01
 -4.297D-04  6.288D-01
 -4.247D-04  7.199D-01
 -4.595D-04  6.176D-01
 -4.509D-04  7.193D-01
 -4.911D-04  6.052D-01
 -4.779D-04  7.186D-01
 -5.248D-04  5.912D-01
 -5.060D-04  7.177D-01
 -5.611D-04  5.755D-01
 -5.349D-04  7.166D-01
 -6.002D-04  5.576D-01
 -5.649D-04  7.155D-01
 -6.431D-04  5.372D-01
 -5.959D-04  7.142D-01
 -6.904D-04  5.136D-01
 -6.280D-04  7.128D-01
 -7.438D-04  4.858D-01
 -6.611D-04  7.112D-01
 -8.054D-04  4.526D-01
 -6.953D-04  7.096D-01
 -8.791D-04  4.117D-01
 -7.306D-04  7.079D-01
 -9.719D-04  3.597D-01
 -7.670D-04  7.060D-01
 -1.099D-03  2.897D-01
 -8.045D-04  7.042D-01
 -1.301D-03  1.870D-01
 -8.430D-04  7.023D-01
 -1.752D-03  7.025D-03
 -8.825D-04  7.006D-01
 -1.502D-05  7.148D-01
 -2.353D-05  7.144D-01
 -3.147D-05  7.149D-01
 -3.922D-05  7.138D-01
 -4.687D-05  7.150D-01
 -5.455D-05  7.128D-01
 -6.215D-05  7.151D-01
 -6.987D-05  7.117D-01
 -7.749D-05  7.153D-01
 -8.534D-05  7.102D-01
 -9.299D-05  7.155D-01
 -1.010D-04  7.084D-01
 -1.087D-04  7.157D-01
 -1.170D-04  7.063D-01
 -1.247D-04  7.159D-01
 -1.333D-04  7.038D-01
 -1.410D-04  7.162D-01
 -1.500D-04  7.011D-01
 -1.577D-04  7.164D-01
 -1.672D-04  6.980D-01
 -1.748D-04  7.166D-01
 -1.848D-04  6.945D-01
 -1.924D-04  7.167D-01
 -2.030D-04  6.906D-01
 -2.104D-04  7.168D-01
 -2.219D-04  6.862D-01
 -2.289D-04  7.169D-01
 -2.413D-04  6.815D-01
 -2.480D-04  7.169D-01
 -2.615D-04  6.762D-01
 -2.678D-04  7.169D-01
 -2.826D-04  6.704D-01
 -2.881D-04  7.168D-01
 -3.044D-04  6.640D-01
 -3.091D-04  7.166D-01
 -3.272D-04  6.570D-01
 -3.308D-04  7.163D-01
 -3.511D-04  6.494D-01
 -3.533D-04  7.158D-01
 -3.761D-04  6.409D-01
 -3.765D-04  7.153D-01
 -4.023D-04  6.316D-01
 -4.006D-04  7.147D-01
 -4.300D-04  6.214D-01
 -4.254D-04  7.139D-01
 -4.592D-04  6.100D-01
 -4.511D-04  7.130D-01
 -4.902D-04  5.974D-01
 -4.777D-04  7.120D-01
 -5.232D-04  5.833D-01
 -5.053D-04  7.109D-01
 -5.586D-04  5.676D-01
 -5.337D-04  7.096D-01
 -5.969D-04  5.497D-01
 -5.632D-04  7.082D-01
 -6.386D-04  5.294D-01
 -5.936D-04  7.066D-01
 -6.848D-04  5.059D-01
 -6.250D-04  7.049D-01
 -7.367D-04  4.783D-01
 -6.575D-04  7.031D-01
 -7.965D-04  4.454D-01
 -6.910D-04  7.012D-01
 -8.679D-04  4.050D-01
 -7.256D-04  6.992D-01
 -9.577D-04  3.536D-01
 -7.612D-04  6.971D-01
 -1.080D-03  2.845D-01
 -7.978D-04  6.950D-01
 -1.275D-03  1.830D-01
 -8.355D-04  6.928D-01
 -1.709D-03  4.481D-03
 -8.741D-04  6.909D-01
 -1.467D-05  7.119D-01
 -2.298D-05  7.122D-01
 -3.074D-05  7.114D-01
 -3.829D-05  7.122D-01
 -4.580D-05  7.106D-01
 -5.323D-05  7.123D-01
 -6.073D-05  7.095D-01
 -6.816D-05  7.124D-01
 -7.575D-05  7.082D-01
 -8.320D-05  7.125D-01
 -9.093D-05  7.065D-01
 -9.842D-05  7.126D-01
 -1.064D-04  7.045D-01
 -1.139D-04  7.127D-01
 -1.221D-04  7.021D-01
 -1.296D-04  7.128D-01
 -1.381D-04  6.995D-01
 -1.457D-04  7.129D-01
 -1.546D-04  6.965D-01
 -1.621D-04  7.130D-01
 -1.715D-04  6.931D-01
 -1.790D-04  7.130D-01
 -1.889D-04  6.893D-01
 -1.963D-04  7.130D-01
 -2.069D-04  6.852D-01
 -2.141D-04  7.130D-01
 -2.254D-04  6.806D-01
 -2.324D-04  7.128D-01
 -2.446D-04  6.756D-01
 -2.512D-04  7.127D-01
 -2.645D-04  6.701D-01
 -2.707D-04  7.124D-01
 -2.852D-04  6.640D-01
 -2.907D-04  7.120D-01
 -3.067D-04  6.574D-01
 -3.114D-04  7.116D-01
 -3.292D-04  6.502D-01
 -3.328D-04  7.110D-01
 -3.527D-04  6.422D-01
 -3.550D-04  7.104D-01
 -3.772D-04  6.336D-01
 -3.778D-04  7.096D-01
 -4.030D-04  6.241D-01
 -4.015D-04  7.087D-01
 -4.301D-04  6.137D-01
 -4.260D-04  7.077D-01
 -4.588D-04  6.022D-01
 -4.513D-04  7.066D-01
 -4.891D-04  5.894D-01
 -4.774D-04  7.053D-01
 -5.214D-04  5.753D-01
 -5.045D-04  7.039D-01
 -5.560D-04  5.595D-01
 -5.324D-04  7.023D-01
 -5.934D-04  5.416D-01
 -5.613D-04  7.007D-01
 -6.341D-04  5.213D-01
 -5.911D-04  6.988D-01
 -6.791D-04  4.979D-01
 -6.220D-04  6.969D-01
 -7.295D-04  4.706D-01
 -6.538D-04  6.948D-01
 -7.876D-04  4.380D-01
 -6.866D-04  6.927D-01
 -8.569D-04  3.980D-01
 -7.204D-04  6.904D-01
 -9.437D-04  3.473D-01
 -7.553D-04  6.881D-01
 -1.062D-03  2.791D-01
 -7.911D-04  6.857D-01
 -1.250D-03  1.787D-01
 -8.279D-04  6.833D-01
 -1.667D-03  1.744D-03
 -8.656D-04  6.810D-01
 -1.433D-05  7.095D-01
 -2.245D-05  7.090D-01
 -3.002D-05  7.095D-01
 -3.742D-05  7.083D-01
 -4.472D-05  7.095D-01
 -5.202D-05  7.074D-01
 -5.928D-05  7.095D-01
 -6.663D-05  7.061D-01
 -7.389D-05  7.096D-01
 -8.135D-05  7.045D-01
 -8.865D-05  7.096D-01
 -9.627D-05  7.026D-01
 -1.036D-04  7.096D-01
 -1.114D-04  7.004D-01
 -1.188D-04  7.096D-01
 -1.269D-04  6.978D-01
 -1.343D-04  7.096D-01
 -1.427D-04  6.949D-01
 -1.502D-04  7.095D-01
 -1.590D-04  6.917D-01
 -1.664D-04  7.095D-01
 -1.756D-04  6.880D-01
 -1.830D-04  7.093D-01
 -1.928D-04  6.840D-01
 -2.001D-04  7.091D-01
 -2.105D-04  6.796D-01
 -2.176D-04  7.089D-01
 -2.288D-04  6.748D-01
 -2.356D-04  7.086D-01
 -2.477D-04  6.695D-01
 -2.542D-04  7.082D-01
 -2.673D-04  6.637D-01
 -2.734D-04  7.077D-01
 -2.877D-04  6.574D-01
 -2.932D-04  7.071D-01
 -3.089D-04  6.505D-01
 -3.136D-04  7.064D-01
 -3.310D-04  6.431D-01
 -3.347D-04  7.057D-01
 -3.540D-04  6.349D-01
 -3.565D-04  7.048D-01
 -3.782D-04  6.261D-01
 -3.790D-04  7.037D-01
 -4.035D-04  6.164D-01
 -4.023D-04  7.026D-01
 -4.301D-04  6.057D-01
 -4.264D-04  7.013D-01
 -4.582D-04  5.941D-01
 -4.512D-04  6.999D-01
 -4.879D-04  5.812D-01
 -4.769D-04  6.984D-01
 -5.195D-04  5.670D-01
 -5.035D-04  6.967D-01
 -5.533D-04  5.511D-01
 -5.310D-04  6.949D-01
 -5.898D-04  5.333D-01
 -5.593D-04  6.930D-01
 -6.295D-04  5.130D-01
 -5.886D-04  6.909D-01
 -6.733D-04  4.898D-01
 -6.188D-04  6.887D-01
 -7.224D-04  4.626D-01
 -6.500D-04  6.864D-01
 -7.788D-04  4.303D-01
 -6.821D-04  6.840D-01
 -8.459D-04  3.908D-01
 -7.152D-04  6.815D-01
 -9.300D-04  3.407D-01
 -7.493D-04  6.789D-01
 -1.044D-03  2.734D-01
 -7.844D-04  6.762D-01
 -1.226D-03  1.742D-01
 -8.204D-04  6.736D-01
 -1.627D-03 -1.196D-03
 -8.572D-04  6.711D-01
