 -4.815D-03  7.769D-01
 -3.192D-03  7.724D-01
 -5.089D-03  7.722D-01
 -1.657D-03  7.748D-01
 -4.249D-03  7.637D-01
 -4.982D-03  7.663D-01
 -1.238D-03  7.722D-01
 -2.094D-03  7.688D-01
 -4.984D-03  7.527D-01
 -4.780D-03  7.592D-01
 -8.863D-04  7.744D-01
 -1.692D-03  7.631D-01
 -2.320D-03  7.617D-01
 -5.551D-03  7.396D-01
 -4.556D-03  7.512D-01
 -7.144D-04  7.731D-01
 -1.183D-03  7.677D-01
 -2.022D-03  7.518D-01
 -2.440D-03  7.537D-01
 -6.001D-03  7.246D-01
 -4.332D-03  7.425D-01
 -5.720D-04  7.751D-01
 -9.862D-04  7.643D-01
 -1.371D-03  7.601D-01
 -2.289D-03  7.386D-01
 -2.498D-03  7.450D-01
 -6.361D-03  7.079D-01
 -4.118D-03  7.332D-01
 -4.828D-04  7.745D-01
 -7.821D-04  7.682D-01
 -1.186D-03  7.535D-01
 -1.500D-03  7.517D-01
 -2.513D-03  7.238D-01
 -2.517D-03  7.359D-01
 -6.647D-03  6.896D-01
 -3.917D-03  7.236D-01
 -4.083D-04  7.762D-01
 -6.718D-04  7.664D-01
 -9.265D-04  7.606D-01
 -1.348D-03  7.412D-01
 -1.589D-03  7.430D-01
 -2.703D-03  7.076D-01
 -2.509D-03  7.266D-01
 -6.869D-03  6.701D-01
 -3.728D-03  7.140D-01
 -3.552D-04  7.762D-01
 -5.661D-04  7.697D-01
 -8.118D-04  7.566D-01
 -1.034D-03  7.525D-01
 -1.486D-03  7.275D-01
 -1.649D-03  7.341D-01
 -2.863D-03  6.903D-01
 -2.484D-03  7.172D-01
 -7.038D-03  6.493D-01
 -3.552D-03  7.045D-01
 -3.102D-04  7.776D-01
 -4.976D-04  7.688D-01
 -6.791D-04  7.625D-01
 -9.258D-04  7.456D-01
 -1.115D-03  7.442D-01
 -1.604D-03  7.128D-01
 -1.688D-03  7.252D-01
 -2.999D-03  6.720D-01
 -2.446D-03  7.081D-01
 -7.159D-03  6.276D-01
 -3.388D-03  6.953D-01
 -2.756D-04  7.778D-01
 -4.343D-04  7.717D-01
 -6.041D-04  7.603D-01
 -7.666D-04  7.550D-01
 -1.022D-03  7.335D-01
 -1.177D-03  7.359D-01
 -1.706D-03  6.972D-01
 -1.711D-03  7.166D-01
 -3.111D-03  6.530D-01
 -2.400D-03  6.994D-01
 -7.239D-03  6.051D-01
 -3.235D-03  6.866D-01
 -2.459D-04  7.791D-01
 -3.885D-04  7.714D-01
 -5.254D-04  7.652D-01
 -6.912D-04  7.507D-01
 -8.363D-04  7.475D-01
 -1.106D-03  7.207D-01
 -1.224D-03  7.279D-01
 -1.794D-03  6.811D-01
 -1.721D-03  7.085D-01
 -3.203D-03  6.335D-01
 -2.348D-03  6.912D-01
 -7.282D-03  5.819D-01
 -3.093D-03  6.786D-01
 -2.219D-04  7.794D-01
 -3.468D-04  7.738D-01
 -4.737D-04  7.641D-01
 -5.979D-04  7.586D-01
 -7.651D-04  7.405D-01
 -8.923D-04  7.401D-01
 -1.179D-03  7.074D-01
 -1.259D-03  7.203D-01
 -1.870D-03  6.646D-01
 -1.721D-03  7.009D-01
 -3.277D-03  6.137D-01
 -2.294D-03  6.838D-01
 -7.293D-03  5.583D-01
 -2.960D-03  6.714D-01
 -2.011D-04  7.805D-01
 -3.145D-04  7.739D-01
 -4.223D-04  7.682D-01
 -5.437D-04  7.560D-01
 -6.572D-04  7.519D-01
 -8.292D-04  7.297D-01
 -9.373D-04  7.331D-01
 -1.242D-03  6.938D-01
 -1.283D-03  7.133D-01
 -1.935D-03  6.479D-01
 -1.713D-03  6.941D-01
 -3.333D-03  5.937D-01
 -2.237D-03  6.772D-01
 -7.277D-03  5.344D-01
 -2.836D-03  6.652D-01
 -1.836D-04  7.808D-01
 -2.852D-04  7.759D-01
 -3.850D-04  7.678D-01
 -4.834D-04  7.624D-01
 -6.034D-04  7.475D-01
 -7.063D-04  7.456D-01
 -8.852D-04  7.187D-01
 -9.731D-04  7.266D-01
 -1.297D-03  6.800D-01
 -1.300D-03  7.070D-01
 -1.989D-03  6.311D-01
 -1.700D-03  6.881D-01
 -3.374D-03  5.736D-01
 -2.180D-03  6.716D-01
 -7.236D-03  5.104D-01
 -2.720D-03  6.600D-01
 -1.682D-04  7.817D-01
 -2.614D-04  7.762D-01
 -3.491D-04  7.711D-01
 -4.433D-04  7.611D-01
 -5.343D-04  7.568D-01
 -6.553D-04  7.387D-01
 -7.471D-04  7.397D-01
 -9.344D-04  7.075D-01
 -1.001D-03  7.208D-01
 -1.345D-03  6.662D-01
 -1.309D-03  7.015D-01
 -2.033D-03  6.145D-01
 -1.682D-03  6.830D-01
 -3.401D-03  5.537D-01
 -2.122D-03  6.669D-01
 -7.174D-03  4.863D-01
 -2.612D-03  6.559D-01
 -1.551D-04  7.820D-01
 -2.398D-04  7.778D-01
 -3.212D-04  7.711D-01
 -4.014D-04  7.663D-01
 -4.933D-04  7.541D-01
 -5.773D-04  7.515D-01
 -7.009D-04  7.297D-01
 -7.810D-04  7.343D-01
 -9.777D-04  6.963D-01
 -1.023D-03  7.157D-01
 -1.387D-03  6.526D-01
 -1.314D-03  6.968D-01
 -2.069D-03  5.981D-01
 -1.661D-03  6.789D-01
 -3.416D-03  5.341D-01
 -2.066D-03  6.634D-01
 -7.094D-03  4.624D-01
 -2.510D-03  6.530D-01
 -1.434D-04  7.826D-01
 -2.217D-04  7.782D-01
 -2.948D-04  7.738D-01
 -3.710D-04  7.657D-01
 -4.457D-04  7.617D-01
 -5.369D-04  7.470D-01
 -6.139D-04  7.467D-01
 -7.411D-04  7.208D-01
 -8.091D-04  7.297D-01
 -1.016D-03  6.854D-01
 -1.040D-03  7.115D-01
 -1.422D-03  6.393D-01
 -1.313D-03  6.931D-01
 -2.097D-03  5.821D-01
 -1.637D-03  6.758D-01
 -3.419D-03  5.148D-01
 -2.010D-03  6.609D-01
 -6.998D-03  4.387D-01
 -2.416D-03  6.512D-01
 -1.332D-04  7.829D-01
 -2.053D-04  7.794D-01
 -2.734D-04  7.740D-01
 -3.404D-04  7.699D-01
 -4.139D-04  7.601D-01
 -4.837D-04  7.573D-01
 -5.754D-04  7.399D-01
 -6.451D-04  7.424D-01
 -7.768D-04  7.120D-01
 -8.321D-04  7.257D-01
 -1.049D-03  6.747D-01
 -1.051D-03  7.081D-01
 -1.451D-03  6.264D-01
 -1.310D-03  6.903D-01
 -2.118D-03  5.666D-01
 -1.612D-03  6.737D-01
 -3.413D-03  4.960D-01
 -1.957D-03  6.594D-01
 -6.889D-03  4.154D-01
 -2.327D-03  6.505D-01
 -1.240D-04  7.833D-01
 -1.911D-04  7.797D-01
 -2.533D-04  7.761D-01
 -3.167D-04  7.696D-01
 -3.794D-04  7.661D-01
 -4.516D-04  7.545D-01
 -5.165D-04  7.535D-01
 -6.096D-04  7.330D-01
 -6.717D-04  7.387D-01
 -8.083D-04  7.035D-01
 -8.508D-04  7.225D-01
 -1.078D-03  6.643D-01
 -1.060D-03  7.055D-01
 -1.476D-03  6.140D-01
 -1.303D-03  6.885D-01
 -2.132D-03  5.517D-01
 -1.585D-03  6.726D-01
 -3.398D-03  4.777D-01
 -1.904D-03  6.591D-01
 -6.769D-03  3.925D-01
 -2.245D-03  6.509D-01
 -1.159D-04  7.834D-01
 -1.782D-04  7.807D-01
 -2.364D-04  7.763D-01
 -2.935D-04  7.729D-01
 -3.542D-04  7.652D-01
 -4.132D-04  7.626D-01
 -4.849D-04  7.489D-01
 -5.450D-04  7.501D-01
 -6.400D-04  7.262D-01
 -6.943D-04  7.358D-01
 -8.362D-04  6.953D-01
 -8.658D-04  7.201D-01
 -1.103D-03  6.545D-01
 -1.064D-03  7.038D-01
 -1.496D-03  6.021D-01
 -1.294D-03  6.876D-01
 -2.140D-03  5.373D-01
 -1.558D-03  6.724D-01
 -3.375D-03  4.602D-01
 -1.854D-03  6.597D-01
 -6.640D-03  3.702D-01
 -2.167D-03  6.523D-01
 -1.085D-04  7.837D-01
 -1.669D-04  7.809D-01
 -2.206D-04  7.780D-01
 -2.746D-04  7.729D-01
 -3.281D-04  7.699D-01
 -3.873D-04  7.608D-01
 -4.428D-04  7.596D-01
 -5.147D-04  7.435D-01
 -5.698D-04  7.473D-01
 -6.671D-04  7.197D-01
 -7.134D-04  7.335D-01
 -8.608D-04  6.875D-01
 -8.776D-04  7.185D-01
 -1.124D-03  6.451D-01
 -1.067D-03  7.029D-01
 -1.511D-03  5.909D-01
 -1.284D-03  6.875D-01
 -2.142D-03  5.237D-01
 -1.531D-03  6.732D-01
 -3.345D-03  4.433D-01
 -1.806D-03  6.613D-01
 -6.503D-03  3.485D-01
 -2.095D-03  6.547D-01
 -1.020D-04  7.837D-01
 -1.565D-04  7.815D-01
 -2.070D-04  7.781D-01
 -2.564D-04  7.754D-01
 -3.079D-04  7.694D-01
 -3.585D-04  7.672D-01
 -4.168D-04  7.565D-01
 -4.688D-04  7.570D-01
 -5.413D-04  7.384D-01
 -5.913D-04  7.451D-01
 -6.913D-04  7.135D-01
 -7.294D-04  7.318D-01
 -8.824D-04  6.801D-01
 -8.868D-04  7.176D-01
 -1.142D-03  6.362D-01
 -1.067D-03  7.028D-01
 -1.523D-03  5.802D-01
 -1.272D-03  6.883D-01
 -2.140D-03  5.108D-01
 -1.503D-03  6.748D-01
 -3.310D-03  4.272D-01
 -1.760D-03  6.637D-01
 -6.361D-03  3.275D-01
 -2.027D-03  6.579D-01
 -9.599D-05  7.838D-01
 -1.473D-04  7.816D-01
 -1.944D-04  7.794D-01
 -2.411D-04  7.754D-01
 -2.875D-04  7.730D-01
 -3.374D-04  7.660D-01
 -3.853D-04  7.648D-01
 -4.432D-04  7.524D-01
 -4.917D-04  7.549D-01
 -5.652D-04  7.335D-01
 -6.099D-04  7.435D-01
 -7.129D-04  7.076D-01
 -7.429D-04  7.309D-01
 -9.013D-04  6.731D-01
 -8.936D-04  7.174D-01
 -1.157D-03  6.280D-01
 -1.065D-03  7.035D-01
 -1.531D-03  5.703D-01
 -1.259D-03  6.898D-01
 -2.134D-03  4.987D-01
 -1.476D-03  6.771D-01
 -3.269D-03  4.119D-01
 -1.715D-03  6.669D-01
 -6.214D-03  3.072D-01
 -1.964D-03  6.619D-01
 -9.058D-05  7.836D-01
 -1.388D-04  7.820D-01
 -1.832D-04  7.794D-01
 -2.265D-04  7.773D-01
 -2.709D-04  7.726D-01
 -3.149D-04  7.709D-01
 -3.637D-04  7.627D-01
 -4.091D-04  7.629D-01
 -4.670D-04  7.485D-01
 -5.119D-04  7.534D-01
 -5.868D-04  7.289D-01
 -6.261D-04  7.425D-01
 -7.321D-04  7.022D-01
 -7.540D-04  7.305D-01
 -9.177D-04  6.667D-01
 -8.984D-04  7.178D-01
 -1.169D-03  6.203D-01
 -1.061D-03  7.047D-01
 -1.535D-03  5.610D-01
 -1.245D-03  6.919D-01
 -2.124D-03  4.873D-01
 -1.450D-03  6.801D-01
 -3.225D-03  3.974D-01
 -1.673D-03  6.707D-01
 -6.064D-03  2.878D-01
 -1.905D-03  6.665D-01
 -8.563D-05  7.836D-01
 -1.312D-04  7.819D-01
 -1.729D-04  7.802D-01
 -2.139D-04  7.772D-01
 -2.546D-04  7.754D-01
 -2.975D-04  7.700D-01
 -3.393D-04  7.691D-01
 -3.875D-04  7.596D-01
 -4.303D-04  7.613D-01
 -4.884D-04  7.448D-01
 -5.298D-04  7.523D-01
 -6.061D-04  7.246D-01
 -6.400D-04  7.420D-01
 -7.492D-04  6.971D-01
 -7.632D-04  7.308D-01
 -9.318D-04  6.607D-01
 -9.015D-04  7.188D-01
 -1.179D-03  6.131D-01
 -1.057D-03  7.066D-01
 -1.537D-03  5.525D-01
 -1.231D-03  6.947D-01
 -2.110D-03  4.767D-01
 -1.424D-03  6.837D-01
 -3.177D-03  3.838D-01
 -1.633D-03  6.751D-01
 -5.912D-03  2.692D-01
 -1.849D-03  6.717D-01
 -8.111D-05  7.833D-01
 -1.242D-04  7.820D-01
 -1.636D-04  7.801D-01
 -2.019D-04  7.785D-01
 -2.409D-04  7.750D-01
 -2.796D-04  7.737D-01
 -3.214D-04  7.675D-01
 -3.612D-04  7.676D-01
 -4.090D-04  7.566D-01
 -4.492D-04  7.602D-01
 -5.079D-04  7.414D-01
 -5.455D-04  7.517D-01
 -6.235D-04  7.206D-01
 -6.521D-04  7.420D-01
 -7.643D-04  6.925D-01
 -7.707D-04  7.315D-01
 -9.439D-04  6.552D-01
 -9.032D-04  7.204D-01
 -1.186D-03  6.066D-01
 -1.051D-03  7.090D-01
 -1.537D-03  5.446D-01
 -1.216D-03  6.979D-01
 -2.094D-03  4.669D-01
 -1.398D-03  6.878D-01
 -3.126D-03  3.710D-01
 -1.595D-03  6.800D-01
 -5.758D-03  2.514D-01
 -1.797D-03  6.772D-01
 -7.695D-05  7.830D-01
 -1.178D-04  7.818D-01
 -1.550D-04  7.806D-01
 -1.914D-04  7.783D-01
 -2.275D-04  7.770D-01
 -2.650D-04  7.730D-01
 -3.019D-04  7.723D-01
 -3.430D-04  7.651D-01
 -3.809D-04  7.665D-01
 -4.286D-04  7.539D-01
 -4.662D-04  7.595D-01
 -5.255D-04  7.383D-01
 -5.595D-04  7.515D-01
 -6.392D-04  7.169D-01
 -6.624D-04  7.425D-01
 -7.776D-04  6.882D-01
 -7.767D-04  7.327D-01
 -9.541D-04  6.501D-01
 -9.038D-04  7.223D-01
 -1.191D-03  6.006D-01
 -1.045D-03  7.118D-01
 -1.534D-03  5.374D-01
 -1.202D-03  7.015D-01
 -2.075D-03  4.580D-01
 -1.374D-03  6.922D-01
 -3.072D-03  3.592D-01
 -1.559D-03  6.852D-01
 -5.605D-03  2.346D-01
 -1.748D-03  6.831D-01
 -7.314D-05  7.826D-01
 -1.119D-04  7.817D-01
 -1.472D-04  7.803D-01
 -1.815D-04  7.792D-01
 -2.160D-04  7.766D-01
 -2.504D-04  7.757D-01
 -2.868D-04  7.710D-01
 -3.221D-04  7.712D-01
 -3.626D-04  7.629D-01
 -3.986D-04  7.657D-01
 -4.464D-04  7.514D-01
 -4.813D-04  7.592D-01
 -5.415D-04  7.354D-01
 -5.717D-04  7.517D-01
 -6.532D-04  7.136D-01
 -6.713D-04  7.433D-01
 -7.893D-04  6.842D-01
 -7.813D-04  7.343D-01
 -9.625D-04  6.455D-01
 -9.033D-04  7.247D-01
 -1.195D-03  5.952D-01
 -1.038D-03  7.149D-01
 -1.529D-03  5.309D-01
 -1.187D-03  7.054D-01
 -2.054D-03  4.497D-01
 -1.350D-03  6.970D-01
 -3.017D-03  3.482D-01
 -1.525D-03  6.906D-01
 -5.452D-03  2.186D-01
 -1.703D-03  6.892D-01
 -6.960D-05  7.822D-01
 -1.064D-04  7.813D-01
 -1.399D-04  7.805D-01
 -1.726D-04  7.789D-01
 -2.049D-04  7.780D-01
 -2.381D-04  7.750D-01
 -2.710D-04  7.746D-01
 -3.066D-04  7.692D-01
 -3.404D-04  7.704D-01
 -3.806D-04  7.609D-01
 -4.146D-04  7.652D-01
 -4.626D-04  7.491D-01
 -4.949D-04  7.592D-01
 -5.560D-04  7.327D-01
 -5.826D-04  7.522D-01
 -6.658D-04  7.105D-01
 -6.788D-04  7.445D-01
 -7.995D-04  6.807D-01
 -7.849D-04  7.361D-01
 -9.694D-04  6.414D-01
 -9.020D-04  7.273D-01
 -1.197D-03  5.903D-01
 -1.031D-03  7.183D-01
 -1.522D-03  5.250D-01
 -1.173D-03  7.096D-01
 -2.032D-03  4.422D-01
 -1.327D-03  7.018D-01
 -2.961D-03  3.380D-01
 -1.492D-03  6.962D-01
 -5.301D-03  2.036D-01
 -1.660D-03  6.954D-01
 -6.634D-05  7.816D-01
 -1.014D-04  7.810D-01
 -1.333D-04  7.800D-01
 -1.642D-04  7.793D-01
 -1.951D-04  7.775D-01
 -2.259D-04  7.769D-01
 -2.581D-04  7.735D-01
 -2.897D-04  7.737D-01
 -3.247D-04  7.675D-01
 -3.570D-04  7.698D-01
 -3.970D-04  7.590D-01
 -4.291D-04  7.650D-01
 -4.774D-04  7.469D-01
 -5.071D-04  7.595D-01
 -5.692D-04  7.303D-01
 -5.921D-04  7.531D-01
 -6.771D-04  7.076D-01
 -6.852D-04  7.460D-01
 -8.084D-04  6.774D-01
 -7.875D-04  7.382D-01
 -9.749D-04  6.376D-01
 -9.000D-04  7.301D-01
 -1.197D-03  5.859D-01
 -1.024D-03  7.218D-01
 -1.513D-03  5.196D-01
 -1.159D-03  7.139D-01
 -2.007D-03  4.355D-01
 -1.305D-03  7.068D-01
 -2.904D-03  3.287D-01
 -1.461D-03  7.019D-01
 -5.151D-03  1.895D-01
 -1.620D-03  7.015D-01
 -6.332D-05  7.810D-01
 -9.675D-05  7.805D-01
 -1.271D-04  7.799D-01
 -1.566D-04  7.788D-01
 -1.857D-04  7.783D-01
 -2.154D-04  7.761D-01
 -2.449D-04  7.760D-01
 -2.764D-04  7.720D-01
 -3.067D-04  7.731D-01
 -3.413D-04  7.660D-01
 -3.721D-04  7.694D-01
 -4.121D-04  7.572D-01
 -4.422D-04  7.651D-01
 -4.910D-04  7.449D-01
 -5.180D-04  7.600D-01
 -5.811D-04  7.280D-01
 -6.005D-04  7.541D-01
 -6.871D-04  7.051D-01
 -6.906D-04  7.476D-01
 -8.160D-04  6.744D-01
 -7.893D-04  7.405D-01
 -9.790D-04  6.342D-01
 -8.974D-04  7.330D-01
 -1.196D-03  5.819D-01
 -1.016D-03  7.255D-01
 -1.504D-03  5.149D-01
 -1.145D-03  7.182D-01
 -1.982D-03  4.294D-01
 -1.284D-03  7.118D-01
 -2.846D-03  3.202D-01
 -1.432D-03  7.074D-01
 -5.003D-03  1.763D-01
 -1.582D-03  7.075D-01
 -6.051D-05  7.803D-01
 -9.242D-05  7.800D-01
 -1.214D-04  7.793D-01
 -1.494D-04  7.789D-01
 -1.773D-04  7.776D-01
 -2.051D-04  7.773D-01
 -2.339D-04  7.749D-01
 -2.623D-04  7.753D-01
 -2.931D-04  7.707D-01
 -3.222D-04  7.726D-01
 -3.566D-04  7.645D-01
 -3.859D-04  7.693D-01
 -4.259D-04  7.556D-01
 -4.541D-04  7.653D-01
 -5.034D-04  7.431D-01
 -5.278D-04  7.607D-01
 -5.919D-04  7.259D-01
 -6.079D-04  7.553D-01
 -6.960D-04  7.027D-01
 -6.951D-04  7.494D-01
 -8.224D-04  6.717D-01
 -7.903D-04  7.429D-01
 -9.820D-04  6.311D-01
 -8.944D-04  7.361D-01
 -1.194D-03  5.784D-01
 -1.008D-03  7.291D-01
 -1.493D-03  5.106D-01
 -1.131D-03  7.225D-01
 -1.956D-03  4.239D-01
 -1.264D-03  7.167D-01
 -2.788D-03  3.125D-01
 -1.404D-03  7.129D-01
 -4.858D-03  1.640D-01
 -1.547D-03  7.134D-01
 -5.789D-05  7.796D-01
 -8.841D-05  7.793D-01
 -1.161D-04  7.790D-01
 -1.428D-04  7.782D-01
 -1.693D-04  7.780D-01
 -1.961D-04  7.765D-01
 -2.228D-04  7.766D-01
 -2.508D-04  7.737D-01
 -2.782D-04  7.747D-01
 -3.085D-04  7.694D-01
 -3.365D-04  7.723D-01
 -3.706D-04  7.631D-01
 -3.985D-04  7.693D-01
 -4.386D-04  7.541D-01
 -4.649D-04  7.657D-01
 -5.147D-04  7.414D-01
 -5.366D-04  7.615D-01
 -6.017D-04  7.240D-01
 -6.143D-04  7.567D-01
 -7.039D-04  7.005D-01
 -6.988D-04  7.512D-01
 -8.278D-04  6.693D-01
 -7.908D-04  7.453D-01
 -9.839D-04  6.283D-01
 -8.909D-04  7.390D-01
 -1.190D-03  5.752D-01
 -9.998D-04  7.327D-01
 -1.481D-03  5.069D-01
 -1.118D-03  7.267D-01
 -1.928D-03  4.191D-01
 -1.244D-03  7.215D-01
 -2.730D-03  3.056D-01
 -1.378D-03  7.181D-01
 -4.715D-03  1.525D-01
 -1.513D-03  7.190D-01
 -5.544D-05  7.788D-01
 -8.465D-05  7.786D-01
 -1.111D-04  7.782D-01
 -1.366D-04  7.780D-01
 -1.620D-04  7.772D-01
 -1.873D-04  7.771D-01
 -2.132D-04  7.754D-01
 -2.390D-04  7.759D-01
 -2.664D-04  7.726D-01
 -2.928D-04  7.743D-01
 -3.228D-04  7.682D-01
 -3.496D-04  7.721D-01
 -3.836D-04  7.618D-01
 -4.100D-04  7.695D-01
 -4.503D-04  7.526D-01
 -4.747D-04  7.663D-01
 -5.251D-04  7.397D-01
 -5.445D-04  7.624D-01
 -6.105D-04  7.221D-01
 -6.200D-04  7.580D-01
 -7.109D-04  6.984D-01
 -7.018D-04  7.531D-01
 -8.323D-04  6.670D-01
 -7.907D-04  7.477D-01
 -9.848D-04  6.258D-01
 -8.872D-04  7.420D-01
 -1.186D-03  5.724D-01
 -9.918D-04  7.362D-01
 -1.468D-03  5.036D-01
 -1.105D-03  7.307D-01
 -1.900D-03  4.149D-01
 -1.225D-03  7.260D-01
 -2.672D-03  2.994D-01
 -1.353D-03  7.231D-01
 -4.576D-03  1.420D-01
 -1.482D-03  7.243D-01
 -5.316D-05  7.779D-01
 -8.115D-05  7.778D-01
 -1.065D-04  7.776D-01
 -1.309D-04  7.772D-01
 -1.551D-04  7.771D-01
 -1.794D-04  7.762D-01
 -2.038D-04  7.764D-01
 -2.290D-04  7.744D-01
 -2.539D-04  7.753D-01
 -2.808D-04  7.715D-01
 -3.063D-04  7.739D-01
 -3.360D-04  7.671D-01
 -3.616D-04  7.721D-01
 -3.956D-04  7.605D-01
 -4.205D-04  7.697D-01
 -4.611D-04  7.512D-01
 -4.836D-04  7.668D-01
 -5.345D-04  7.381D-01
 -5.515D-04  7.634D-01
 -6.185D-04  7.203D-01
 -6.249D-04  7.594D-01
 -7.169D-04  6.965D-01
 -7.042D-04  7.549D-01
 -8.358D-04  6.649D-01
 -7.901D-04  7.500D-01
 -9.849D-04  6.235D-01
 -8.832D-04  7.448D-01
 -1.181D-03  5.699D-01
 -9.838D-04  7.395D-01
 -1.454D-03  5.007D-01
 -1.092D-03  7.345D-01
 -1.872D-03  4.111D-01
 -1.208D-03  7.302D-01
 -2.615D-03  2.938D-01
 -1.329D-03  7.278D-01
 -4.440D-03  1.322D-01
 -1.452D-03  7.292D-01
 -5.102D-05  7.770D-01
 -7.786D-05  7.769D-01
 -1.022D-04  7.767D-01
 -1.256D-04  7.767D-01
 -1.488D-04  7.762D-01
 -1.719D-04  7.763D-01
 -1.954D-04  7.752D-01
 -2.189D-04  7.757D-01
 -2.436D-04  7.734D-01
 -2.676D-04  7.749D-01
 -2.942D-04  7.704D-01
 -3.187D-04  7.737D-01
 -3.482D-04  7.659D-01
 -3.727D-04  7.721D-01
 -4.067D-04  7.593D-01
 -4.302D-04  7.700D-01
 -4.711D-04  7.498D-01
 -4.917D-04  7.674D-01
 -5.432D-04  7.366D-01
 -5.578D-04  7.644D-01
 -6.256D-04  7.186D-01
 -6.291D-04  7.607D-01
 -7.222D-04  6.946D-01
 -7.061D-04  7.566D-01
 -8.386D-04  6.629D-01
 -7.892D-04  7.522D-01
 -9.841D-04  6.214D-01
 -8.790D-04  7.474D-01
 -1.175D-03  5.677D-01
 -9.758D-04  7.426D-01
 -1.440D-03  4.981D-01
 -1.080D-03  7.380D-01
 -1.844D-03  4.079D-01
 -1.190D-03  7.342D-01
 -2.558D-03  2.889D-01
 -1.306D-03  7.320D-01
 -4.308D-03  1.233D-01
 -1.424D-03  7.336D-01
 -4.901D-05  7.760D-01
 -7.479D-05  7.759D-01
 -9.809D-05  7.759D-01
 -1.206D-04  7.757D-01
 -1.427D-04  7.758D-01
 -1.650D-04  7.752D-01
 -1.872D-04  7.756D-01
 -2.101D-04  7.742D-01
 -2.328D-04  7.752D-01
 -2.570D-04  7.724D-01
 -2.803D-04  7.745D-01
 -3.065D-04  7.694D-01
 -3.301D-04  7.735D-01
 -3.595D-04  7.648D-01
 -3.829D-04  7.721D-01
 -4.169D-04  7.580D-01
 -4.390D-04  7.703D-01
 -4.802D-04  7.484D-01
 -4.991D-04  7.680D-01
 -5.511D-04  7.351D-01
 -5.635D-04  7.653D-01
 -6.320D-04  7.170D-01
 -6.328D-04  7.620D-01
 -7.267D-04  6.928D-01
 -7.074D-04  7.583D-01
 -8.406D-04  6.610D-01
 -7.879D-04  7.541D-01
 -9.827D-04  6.195D-01
 -8.746D-04  7.498D-01
 -1.168D-03  5.656D-01
 -9.679D-04  7.454D-01
 -1.425D-03  4.959D-01
 -1.068D-03  7.412D-01
 -1.815D-03  4.051D-01
 -1.174D-03  7.377D-01
 -2.502D-03  2.846D-01
 -1.285D-03  7.359D-01
 -4.179D-03  1.152D-01
 -1.397D-03  7.376D-01
 -4.713D-05  7.749D-01
 -7.190D-05  7.750D-01
 -9.429D-05  7.749D-01
 -1.158D-04  7.750D-01
 -1.372D-04  7.748D-01
 -1.584D-04  7.750D-01
 -1.799D-04  7.743D-01
 -2.014D-04  7.749D-01
 -2.238D-04  7.732D-01
 -2.458D-04  7.746D-01
 -2.696D-04  7.714D-01
 -2.921D-04  7.741D-01
 -3.181D-04  7.683D-01
 -3.408D-04  7.733D-01
 -3.700D-04  7.637D-01
 -3.923D-04  7.722D-01
 -4.265D-04  7.568D-01
 -4.472D-04  7.706D-01
 -4.886D-04  7.470D-01
 -5.057D-04  7.686D-01
 -5.582D-04  7.335D-01
 -5.685D-04  7.661D-01
 -6.377D-04  7.153D-01
 -6.359D-04  7.631D-01
 -7.305D-04  6.911D-01
 -7.084D-04  7.597D-01
 -8.420D-04  6.592D-01
 -7.864D-04  7.559D-01
 -9.806D-04  6.177D-01
 -8.702D-04  7.519D-01
 -1.161D-03  5.638D-01
 -9.600D-04  7.479D-01
 -1.410D-03  4.939D-01
 -1.056D-03  7.440D-01
 -1.786D-03  4.027D-01
 -1.158D-03  7.409D-01
 -2.447D-03  2.808D-01
 -1.264D-03  7.393D-01
 -4.054D-03  1.077D-01
 -1.372D-03  7.412D-01
 -4.535D-05  7.738D-01
 -6.919D-05  7.738D-01
 -9.071D-05  7.739D-01
 -1.114D-04  7.739D-01
 -1.318D-04  7.741D-01
 -1.523D-04  7.738D-01
 -1.727D-04  7.742D-01
 -1.937D-04  7.733D-01
 -2.145D-04  7.742D-01
 -2.364D-04  7.723D-01
 -2.578D-04  7.741D-01
 -2.813D-04  7.704D-01
 -3.030D-04  7.738D-01
 -3.288D-04  7.672D-01
 -3.506D-04  7.731D-01
 -3.798D-04  7.624D-01
 -4.010D-04  7.722D-01
 -4.353D-04  7.554D-01
 -4.546D-04  7.708D-01
 -4.964D-04  7.455D-01
 -5.118D-04  7.690D-01
 -5.648D-04  7.319D-01
 -5.730D-04  7.667D-01
 -6.428D-04  7.136D-01
 -6.386D-04  7.640D-01
 -7.337D-04  6.893D-01
 -7.090D-04  7.609D-01
 -8.427D-04  6.574D-01
 -7.845D-04  7.574D-01
 -9.779D-04  6.159D-01
 -8.656D-04  7.538D-01
 -1.153D-03  5.621D-01
 -9.523D-04  7.500D-01
 -1.394D-03  4.922D-01
 -1.045D-03  7.465D-01
 -1.758D-03  4.006D-01
 -1.143D-03  7.436D-01
 -2.393D-03  2.776D-01
 -1.245D-03  7.423D-01
 -3.933D-03  1.010D-01
 -1.348D-03  7.441D-01
 -4.368D-05  7.726D-01
 -6.662D-05  7.727D-01
 -8.734D-05  7.728D-01
 -1.073D-04  7.730D-01
 -1.269D-04  7.729D-01
 -1.465D-04  7.732D-01
 -1.663D-04  7.728D-01
 -1.861D-04  7.734D-01
 -2.065D-04  7.723D-01
 -2.267D-04  7.736D-01
 -2.483D-04  7.713D-01
 -2.690D-04  7.736D-01
 -2.922D-04  7.693D-01
 -3.132D-04  7.734D-01
 -3.388D-04  7.661D-01
 -3.597D-04  7.729D-01
 -3.889D-04  7.612D-01
 -4.090D-04  7.721D-01
 -4.434D-04  7.540D-01
 -4.614D-04  7.709D-01
 -5.035D-04  7.440D-01
 -5.173D-04  7.693D-01
 -5.707D-04  7.303D-01
 -5.770D-04  7.672D-01
 -6.472D-04  7.119D-01
 -6.408D-04  7.647D-01
 -7.364D-04  6.875D-01
 -7.092D-04  7.619D-01
 -8.429D-04  6.557D-01
 -7.825D-04  7.587D-01
 -9.747D-04  6.143D-01
 -8.609D-04  7.553D-01
 -1.145D-03  5.605D-01
 -9.447D-04  7.518D-01
 -1.379D-03  4.907D-01
 -1.034D-03  7.485D-01
 -1.729D-03  3.988D-01
 -1.128D-03  7.459D-01
 -2.339D-03  2.748D-01
 -1.226D-03  7.447D-01
 -3.815D-03  9.501D-02
 -1.325D-03  7.466D-01
 -4.210D-05  7.714D-01
 -6.421D-05  7.715D-01
 -8.416D-05  7.716D-01
 -1.034D-04  7.717D-01
 -1.222D-04  7.720D-01
 -1.411D-04  7.719D-01
 -1.600D-04  7.723D-01
 -1.792D-04  7.718D-01
 -1.984D-04  7.727D-01
 -2.184D-04  7.713D-01
 -2.381D-04  7.729D-01
 -2.593D-04  7.702D-01
 -2.794D-04  7.730D-01
 -3.023D-04  7.682D-01
 -3.226D-04  7.729D-01
 -3.481D-04  7.649D-01
 -3.682D-04  7.726D-01
 -3.974D-04  7.598D-01
 -4.165D-04  7.719D-01
 -4.510D-04  7.525D-01
 -4.677D-04  7.709D-01
 -5.100D-04  7.424D-01
 -5.223D-04  7.694D-01
 -5.760D-04  7.285D-01
 -5.805D-04  7.675D-01
 -6.512D-04  7.101D-01
 -6.427D-04  7.652D-01
 -7.384D-04  6.857D-01
 -7.092D-04  7.626D-01
 -8.426D-04  6.539D-01
 -7.803D-04  7.596D-01
 -9.710D-04  6.126D-01
 -8.562D-04  7.564D-01
 -1.136D-03  5.591D-01
 -9.371D-04  7.532D-01
 -1.363D-03  4.893D-01
 -1.023D-03  7.501D-01
 -1.701D-03  3.973D-01
 -1.114D-03  7.477D-01
 -2.287D-03  2.724D-01
 -1.208D-03  7.466D-01
 -3.701D-03  8.961D-02
 -1.304D-03  7.485D-01
 -4.061D-05  7.701D-01
 -6.193D-05  7.702D-01
 -8.117D-05  7.704D-01
 -9.964D-05  7.706D-01
 -1.179D-04  7.706D-01
 -1.360D-04  7.710D-01
 -1.542D-04  7.708D-01
 -1.725D-04  7.715D-01
 -1.913D-04  7.707D-01
 -2.099D-04  7.719D-01
 -2.296D-04  7.703D-01
 -2.487D-04  7.722D-01
 -2.696D-04  7.691D-01
 -2.891D-04  7.724D-01
 -3.119D-04  7.670D-01
 -3.315D-04  7.724D-01
 -3.569D-04  7.635D-01
 -3.761D-04  7.722D-01
 -4.053D-04  7.584D-01
 -4.233D-04  7.716D-01
 -4.580D-04  7.509D-01
 -4.734D-04  7.707D-01
 -5.160D-04  7.406D-01
 -5.268D-04  7.693D-01
 -5.809D-04  7.267D-01
 -5.836D-04  7.676D-01
 -6.545D-04  7.082D-01
 -6.442D-04  7.655D-01
 -7.400D-04  6.838D-01
 -7.088D-04  7.630D-01
 -8.418D-04  6.521D-01
 -7.779D-04  7.602D-01
 -9.669D-04  6.109D-01
 -8.514D-04  7.572D-01
 -1.128D-03  5.576D-01
 -9.297D-04  7.542D-01
 -1.347D-03  4.881D-01
 -1.013D-03  7.513D-01
 -1.673D-03  3.961D-01
 -1.100D-03  7.490D-01
 -2.236D-03  2.704D-01
 -1.191D-03  7.480D-01
 -3.591D-03  8.481D-02
 -1.283D-03  7.499D-01
 -3.920D-05  7.687D-01
 -5.978D-05  7.689D-01
 -7.833D-05  7.691D-01
 -9.616D-05  7.692D-01
 -1.137D-04  7.695D-01
 -1.312D-04  7.695D-01
 -1.487D-04  7.700D-01
 -1.664D-04  7.697D-01
 -1.842D-04  7.706D-01
 -2.025D-04  7.697D-01
 -2.207D-04  7.711D-01
 -2.400D-04  7.691D-01
 -2.586D-04  7.715D-01
 -2.793D-04  7.679D-01
 -2.982D-04  7.718D-01
 -3.208D-04  7.656D-01
 -3.397D-04  7.718D-01
 -3.650D-04  7.621D-01
 -3.834D-04  7.716D-01
 -4.127D-04  7.568D-01
 -4.297D-04  7.711D-01
 -4.645D-04  7.492D-01
 -4.787D-04  7.703D-01
 -5.215D-04  7.388D-01
 -5.308D-04  7.691D-01
 -5.852D-04  7.248D-01
 -5.863D-04  7.675D-01
 -6.575D-04  7.062D-01
 -6.453D-04  7.655D-01
 -7.411D-04  6.818D-01
 -7.083D-04  7.631D-01
 -8.405D-04  6.502D-01
 -7.753D-04  7.605D-01
 -9.624D-04  6.093D-01
 -8.466D-04  7.576D-01
 -1.118D-03  5.562D-01
 -9.224D-04  7.547D-01
 -1.330D-03  4.869D-01
 -1.003D-03  7.520D-01
 -1.645D-03  3.950D-01
 -1.087D-03  7.499D-01
 -2.187D-03  2.688D-01
 -1.174D-03  7.489D-01
 -3.484D-03  8.056D-02
 -1.263D-03  7.506D-01
 -3.787D-05  7.673D-01
 -5.773D-05  7.675D-01
 -7.564D-05  7.677D-01
 -9.284D-05  7.679D-01
 -1.098D-04  7.680D-01
 -1.266D-04  7.684D-01
 -1.435D-04  7.684D-01
 -1.605D-04  7.690D-01
 -1.778D-04  7.686D-01
 -1.951D-04  7.696D-01
 -2.131D-04  7.685D-01
 -2.308D-04  7.702D-01
 -2.498D-04  7.679D-01
 -2.679D-04  7.707D-01
 -2.884D-04  7.665D-01
 -3.066D-04  7.710D-01
 -3.291D-04  7.642D-01
 -3.473D-04  7.711D-01
 -3.726D-04  7.605D-01
 -3.902D-04  7.710D-01
 -4.195D-04  7.550D-01
 -4.355D-04  7.705D-01
 -4.705D-04  7.473D-01
 -4.835D-04  7.697D-01
 -5.265D-04  7.368D-01
 -5.345D-04  7.686D-01
 -5.891D-04  7.227D-01
 -5.886D-04  7.670D-01
 -6.599D-04  7.040D-01
 -6.462D-04  7.651D-01
 -7.418D-04  6.797D-01
 -7.074D-04  7.629D-01
 -8.389D-04  6.483D-01
 -7.726D-04  7.604D-01
 -9.576D-04  6.075D-01
 -8.418D-04  7.576D-01
 -1.109D-03  5.548D-01
 -9.152D-04  7.549D-01
 -1.314D-03  4.858D-01
 -9.927D-04  7.523D-01
 -1.617D-03  3.941D-01
 -1.074D-03  7.502D-01
 -2.138D-03  2.674D-01
 -1.159D-03  7.493D-01
 -3.382D-03  7.683D-02
 -1.244D-03  7.509D-01
 -3.660D-05  7.659D-01
 -5.580D-05  7.660D-01
 -7.310D-05  7.662D-01
 -8.971D-05  7.664D-01
 -1.060D-04  7.667D-01
 -1.223D-04  7.668D-01
 -1.386D-04  7.673D-01
 -1.550D-04  7.672D-01
 -1.715D-04  7.680D-01
 -1.884D-04  7.674D-01
 -2.053D-04  7.686D-01
 -2.230D-04  7.672D-01
 -2.402D-04  7.692D-01
 -2.590D-04  7.665D-01
 -2.766D-04  7.697D-01
 -2.969D-04  7.651D-01
 -3.146D-04  7.701D-01
 -3.370D-04  7.626D-01
 -3.545D-04  7.702D-01
 -3.798D-04  7.587D-01
 -3.965D-04  7.701D-01
 -4.259D-04  7.531D-01
 -4.409D-04  7.697D-01
 -4.760D-04  7.453D-01
 -4.879D-04  7.689D-01
 -5.311D-04  7.346D-01
 -5.377D-04  7.678D-01
 -5.925D-04  7.204D-01
 -5.906D-04  7.663D-01
 -6.619D-04  7.018D-01
 -6.468D-04  7.645D-01
 -7.421D-04  6.775D-01
 -7.064D-04  7.623D-01
 -8.368D-04  6.462D-01
 -7.698D-04  7.599D-01
 -9.525D-04  6.057D-01
 -8.369D-04  7.573D-01
 -1.100D-03  5.533D-01
 -9.080D-04  7.546D-01
 -1.298D-03  4.847D-01
 -9.830D-04  7.521D-01
 -1.590D-03  3.933D-01
 -1.062D-03  7.500D-01
 -2.091D-03  2.663D-01
 -1.143D-03  7.491D-01
 -3.282D-03  7.358D-02
 -1.226D-03  7.506D-01
 -3.540D-05  7.644D-01
 -5.396D-05  7.645D-01
 -7.069D-05  7.647D-01
 -8.673D-05  7.650D-01
 -1.025D-04  7.652D-01
 -1.182D-04  7.655D-01
 -1.339D-04  7.656D-01
 -1.497D-04  7.662D-01
 -1.658D-04  7.659D-01
 -1.818D-04  7.669D-01
 -1.984D-04  7.661D-01
 -2.149D-04  7.676D-01
 -2.323D-04  7.659D-01
 -2.491D-04  7.682D-01
 -2.677D-04  7.651D-01
 -2.847D-04  7.687D-01
 -3.049D-04  7.635D-01
 -3.220D-04  7.690D-01
 -3.443D-04  7.609D-01
 -3.612D-04  7.692D-01
 -3.864D-04  7.569D-01
 -4.024D-04  7.691D-01
 -4.318D-04  7.511D-01
 -4.459D-04  7.686D-01
 -4.811D-04  7.431D-01
 -4.919D-04  7.679D-01
 -5.352D-04  7.323D-01
 -5.407D-04  7.668D-01
 -5.955D-04  7.180D-01
 -5.923D-04  7.653D-01
 -6.636D-04  6.994D-01
 -6.471D-04  7.635D-01
 -7.420D-04  6.752D-01
 -7.052D-04  7.614D-01
 -8.345D-04  6.440D-01
 -7.668D-04  7.590D-01
 -9.470D-04  6.038D-01
 -8.321D-04  7.565D-01
 -1.090D-03  5.518D-01
 -9.010D-04  7.539D-01
 -1.282D-03  4.837D-01
 -9.736D-04  7.514D-01
 -1.564D-03  3.925D-01
 -1.050D-03  7.494D-01
 -2.045D-03  2.654D-01
 -1.129D-03  7.484D-01
 -3.186D-03  7.076D-02
 -1.208D-03  7.497D-01
 -3.425D-05  7.628D-01
 -5.221D-05  7.630D-01
 -6.839D-05  7.632D-01
 -8.391D-05  7.634D-01
 -9.916D-05  7.637D-01
 -1.143D-04  7.638D-01
 -1.295D-04  7.643D-01
 -1.448D-04  7.643D-01
 -1.601D-04  7.650D-01
 -1.758D-04  7.646D-01
 -1.915D-04  7.657D-01
 -2.078D-04  7.647D-01
 -2.239D-04  7.664D-01
 -2.410D-04  7.644D-01
 -2.574D-04  7.670D-01
 -2.758D-04  7.635D-01
 -2.924D-04  7.675D-01
 -3.124D-04  7.617D-01
 -3.290D-04  7.678D-01
 -3.512D-04  7.590D-01
 -3.674D-04  7.679D-01
 -3.926D-04  7.548D-01
 -4.079D-04  7.678D-01
 -4.373D-04  7.489D-01
 -4.505D-04  7.674D-01
 -4.858D-04  7.407D-01
 -4.956D-04  7.666D-01
 -5.390D-04  7.298D-01
 -5.433D-04  7.655D-01
 -5.981D-04  7.155D-01
 -5.937D-04  7.640D-01
 -6.649D-04  6.968D-01
 -6.472D-04  7.623D-01
 -7.416D-04  6.727D-01
 -7.038D-04  7.602D-01
 -8.318D-04  6.417D-01
 -7.638D-04  7.578D-01
 -9.414D-04  6.018D-01
 -8.272D-04  7.553D-01
 -1.080D-03  5.502D-01
 -8.940D-04  7.527D-01
 -1.266D-03  4.826D-01
 -9.644D-04  7.502D-01
 -1.538D-03  3.918D-01
 -1.038D-03  7.482D-01
 -2.000D-03  2.647D-01
 -1.114D-03  7.472D-01
 -3.094D-03  6.834D-02
 -1.192D-03  7.483D-01
 -3.317D-05  7.612D-01
 -5.055D-05  7.614D-01
 -6.621D-05  7.615D-01
 -8.123D-05  7.618D-01
 -9.598D-05  7.620D-01
 -1.106D-04  7.624D-01
 -1.253D-04  7.625D-01
 -1.400D-04  7.630D-01
 -1.550D-04  7.629D-01
 -1.699D-04  7.637D-01
 -1.853D-04  7.632D-01
 -2.006D-04  7.644D-01
 -2.167D-04  7.632D-01
 -2.323D-04  7.651D-01
 -2.493D-04  7.627D-01
 -2.652D-04  7.657D-01
 -2.835D-04  7.617D-01
 -2.996D-04  7.662D-01
 -3.195D-04  7.598D-01
 -3.355D-04  7.665D-01
 -3.577D-04  7.569D-01
 -3.732D-04  7.665D-01
 -3.985D-04  7.525D-01
 -4.129D-04  7.663D-01
 -4.424D-04  7.464D-01
 -4.547D-04  7.658D-01
 -4.900D-04  7.382D-01
 -4.989D-04  7.650D-01
 -5.423D-04  7.271D-01
 -5.455D-04  7.639D-01
 -6.004D-04  7.127D-01
 -5.949D-04  7.624D-01
 -6.658D-04  6.941D-01
 -6.471D-04  7.606D-01
 -7.408D-04  6.701D-01
 -7.023D-04  7.585D-01
 -8.289D-04  6.393D-01
 -7.606D-04  7.562D-01
 -9.355D-04  5.997D-01
 -8.222D-04  7.537D-01
 -1.070D-03  5.485D-01
 -8.871D-04  7.511D-01
 -1.250D-03  4.814D-01
 -9.553D-04  7.486D-01
 -1.512D-03  3.912D-01
 -1.027D-03  7.466D-01
 -1.956D-03  2.642D-01
 -1.100D-03  7.455D-01
 -3.005D-03  6.629D-02
 -1.175D-03  7.464D-01
 -3.213D-05  7.595D-01
 -4.897D-05  7.597D-01
 -6.414D-05  7.599D-01
 -7.868D-05  7.601D-01
 -9.294D-05  7.604D-01
 -1.071D-04  7.605D-01
 -1.213D-04  7.610D-01
 -1.356D-04  7.610D-01
 -1.499D-04  7.616D-01
 -1.645D-04  7.614D-01
 -1.791D-04  7.623D-01
 -1.942D-04  7.616D-01
 -2.092D-04  7.630D-01
 -2.250D-04  7.615D-01
 -2.403D-04  7.637D-01
 -2.571D-04  7.610D-01
 -2.726D-04  7.642D-01
 -2.907D-04  7.598D-01
 -3.063D-04  7.646D-01
 -3.261D-04  7.577D-01
 -3.416D-04  7.649D-01
 -3.637D-04  7.546D-01
 -3.787D-04  7.649D-01
 -4.039D-04  7.501D-01
 -4.176D-04  7.646D-01
 -4.471D-04  7.438D-01
 -4.586D-04  7.641D-01
 -4.940D-04  7.354D-01
 -5.019D-04  7.632D-01
 -5.453D-04  7.243D-01
 -5.475D-04  7.620D-01
 -6.023D-04  7.098D-01
 -5.958D-04  7.605D-01
 -6.664D-04  6.912D-01
 -6.467D-04  7.587D-01
 -7.397D-04  6.673D-01
 -7.005D-04  7.566D-01
 -8.257D-04  6.367D-01
 -7.574D-04  7.542D-01
 -9.295D-04  5.975D-01
 -8.173D-04  7.517D-01
 -1.060D-03  5.467D-01
 -8.803D-04  7.491D-01
 -1.234D-03  4.802D-01
 -9.465D-04  7.466D-01
 -1.487D-03  3.905D-01
 -1.016D-03  7.445D-01
 -1.914D-03  2.637D-01
 -1.087D-03  7.433D-01
 -2.919D-03  6.456D-02
 -1.159D-03  7.440D-01
 -3.115D-05  7.578D-01
 -4.747D-05  7.580D-01
 -6.216D-05  7.581D-01
 -7.624D-05  7.584D-01
 -9.007D-05  7.586D-01
 -1.038D-04  7.589D-01
 -1.175D-04  7.590D-01
 -1.313D-04  7.595D-01
 -1.452D-04  7.595D-01
 -1.592D-04  7.602D-01
 -1.735D-04  7.598D-01
 -1.878D-04  7.609D-01
 -2.027D-04  7.599D-01
 -2.173D-04  7.615D-01
 -2.329D-04  7.597D-01
 -2.478D-04  7.621D-01
 -2.644D-04  7.590D-01
 -2.796D-04  7.626D-01
 -2.975D-04  7.577D-01
 -3.127D-04  7.630D-01
 -3.324D-04  7.554D-01
 -3.474D-04  7.631D-01
 -3.694D-04  7.521D-01
 -3.837D-04  7.630D-01
 -4.089D-04  7.474D-01
 -4.220D-04  7.627D-01
 -4.514D-04  7.410D-01
 -4.622D-04  7.621D-01
 -4.975D-04  7.324D-01
 -5.046D-04  7.611D-01
 -5.480D-04  7.212D-01
 -5.493D-04  7.599D-01
 -6.039D-04  7.067D-01
 -5.964D-04  7.583D-01
 -6.666D-04  6.881D-01
 -6.462D-04  7.564D-01
 -7.384D-04  6.643D-01
 -6.987D-04  7.542D-01
 -8.222D-04  6.339D-01
 -7.540D-04  7.518D-01
 -9.232D-04  5.950D-01
 -8.123D-04  7.492D-01
 -1.050D-03  5.448D-01
 -8.736D-04  7.466D-01
 -1.218D-03  4.788D-01
 -9.377D-04  7.441D-01
 -1.462D-03  3.898D-01
 -1.005D-03  7.419D-01
 -1.872D-03  2.634D-01
 -1.074D-03  7.406D-01
 -2.836D-03  6.313D-02
 -1.144D-03  7.411D-01
 -3.021D-05  7.561D-01
 -4.603D-05  7.562D-01
 -6.027D-05  7.564D-01
 -7.392D-05  7.566D-01
 -8.731D-05  7.568D-01
 -1.006D-04  7.570D-01
 -1.139D-04  7.574D-01
 -1.273D-04  7.574D-01
 -1.407D-04  7.580D-01
 -1.543D-04  7.578D-01
 -1.680D-04  7.586D-01
 -1.820D-04  7.581D-01
 -1.960D-04  7.593D-01
 -2.106D-04  7.581D-01
 -2.249D-04  7.599D-01
 -2.403D-04  7.578D-01
 -2.549D-04  7.604D-01
 -2.713D-04  7.569D-01
 -2.861D-04  7.608D-01
 -3.039D-04  7.554D-01
 -3.187D-04  7.611D-01
 -3.382D-04  7.530D-01
 -3.527D-04  7.611D-01
 -3.747D-04  7.495D-01
 -3.885D-04  7.609D-01
 -4.136D-04  7.446D-01
 -4.260D-04  7.605D-01
 -4.554D-04  7.380D-01
 -4.654D-04  7.598D-01
 -5.008D-04  7.293D-01
 -5.070D-04  7.587D-01
 -5.503D-04  7.179D-01
 -5.507D-04  7.574D-01
 -6.052D-04  7.034D-01
 -5.968D-04  7.557D-01
 -6.666D-04  6.848D-01
 -6.454D-04  7.538D-01
 -7.367D-04  6.611D-01
 -6.967D-04  7.515D-01
 -8.185D-04  6.310D-01
 -7.506D-04  7.491D-01
 -9.168D-04  5.925D-01
 -8.073D-04  7.464D-01
 -1.040D-03  5.427D-01
 -8.668D-04  7.438D-01
 -1.202D-03  4.774D-01
 -9.292D-04  7.412D-01
 -1.438D-03  3.891D-01
 -9.941D-04  7.389D-01
 -1.832D-03  2.631D-01
 -1.061D-03  7.374D-01
 -2.756D-03  6.194D-02
 -1.129D-03  7.377D-01
 -2.931D-05  7.543D-01
 -4.466D-05  7.544D-01
 -5.848D-05  7.545D-01
 -7.171D-05  7.547D-01
 -8.470D-05  7.549D-01
 -9.758D-05  7.552D-01
 -1.105D-04  7.553D-01
 -1.234D-04  7.557D-01
 -1.364D-04  7.557D-01
 -1.495D-04  7.563D-01
 -1.629D-04  7.561D-01
 -1.762D-04  7.569D-01
 -1.900D-04  7.562D-01
 -2.037D-04  7.575D-01
 -2.181D-04  7.561D-01
 -2.321D-04  7.581D-01
 -2.474D-04  7.556D-01
 -2.616D-04  7.585D-01
 -2.779D-04  7.546D-01
 -2.922D-04  7.588D-01
 -3.099D-04  7.529D-01
 -3.243D-04  7.590D-01
 -3.438D-04  7.503D-01
 -3.577D-04  7.589D-01
 -3.797D-04  7.466D-01
 -3.928D-04  7.586D-01
 -4.180D-04  7.415D-01
 -4.297D-04  7.580D-01
 -4.591D-04  7.347D-01
 -4.684D-04  7.572D-01
 -5.037D-04  7.259D-01
 -5.091D-04  7.561D-01
 -5.524D-04  7.145D-01
 -5.519D-04  7.546D-01
 -6.061D-04  6.998D-01
 -5.970D-04  7.528D-01
 -6.663D-04  6.813D-01
 -6.445D-04  7.508D-01
 -7.349D-04  6.577D-01
 -6.945D-04  7.485D-01
 -8.147D-04  6.279D-01
 -7.471D-04  7.459D-01
 -9.103D-04  5.897D-01
 -8.023D-04  7.432D-01
 -1.030D-03  5.405D-01
 -8.602D-04  7.405D-01
 -1.187D-03  4.759D-01
 -9.207D-04  7.378D-01
 -1.414D-03  3.882D-01
 -9.837D-04  7.355D-01
 -1.793D-03  2.628D-01
 -1.049D-03  7.338D-01
 -2.680D-03  6.098D-02
 -1.115D-03  7.339D-01
 -2.845D-05  7.524D-01
 -4.335D-05  7.525D-01
 -5.676D-05  7.527D-01
 -6.960D-05  7.528D-01
 -8.219D-05  7.531D-01
 -9.469D-05  7.532D-01
 -1.072D-04  7.535D-01
 -1.197D-04  7.536D-01
 -1.323D-04  7.540D-01
 -1.450D-04  7.539D-01
 -1.578D-04  7.546D-01
 -1.710D-04  7.542D-01
 -1.840D-04  7.551D-01
 -1.976D-04  7.542D-01
 -2.110D-04  7.556D-01
 -2.253D-04  7.540D-01
 -2.389D-04  7.561D-01
 -2.540D-04  7.533D-01
 -2.679D-04  7.564D-01
 -2.841D-04  7.521D-01
 -2.980D-04  7.566D-01
 -3.156D-04  7.502D-01
 -3.295D-04  7.566D-01
 -3.489D-04  7.474D-01
 -3.624D-04  7.564D-01
 -3.843D-04  7.435D-01
 -3.969D-04  7.560D-01
 -4.220D-04  7.382D-01
 -4.331D-04  7.553D-01
 -4.625D-04  7.313D-01
 -4.711D-04  7.544D-01
 -5.063D-04  7.223D-01
 -5.110D-04  7.531D-01
 -5.541D-04  7.108D-01
 -5.529D-04  7.515D-01
 -6.068D-04  6.961D-01
 -5.971D-04  7.497D-01
 -6.658D-04  6.776D-01
 -6.435D-04  7.475D-01
 -7.328D-04  6.542D-01
 -6.922D-04  7.451D-01
 -8.106D-04  6.245D-01
 -7.435D-04  7.425D-01
 -9.036D-04  5.868D-01
 -7.972D-04  7.397D-01
 -1.019D-03  5.381D-01
 -8.535D-04  7.368D-01
 -1.172D-03  4.741D-01
 -9.123D-04  7.341D-01
 -1.390D-03  3.873D-01
 -9.735D-04  7.316D-01
 -1.755D-03  2.625D-01
 -1.037D-03  7.298D-01
 -2.606D-03  6.021D-02
 -1.101D-03  7.296D-01
 -2.763D-05  7.505D-01
 -4.210D-05  7.506D-01
 -5.511D-05  7.507D-01
 -6.758D-05  7.509D-01
 -7.980D-05  7.510D-01
 -9.192D-05  7.513D-01
 -1.040D-04  7.514D-01
 -1.162D-04  7.517D-01
 -1.284D-04  7.517D-01
 -1.407D-04  7.522D-01
 -1.532D-04  7.520D-01
 -1.657D-04  7.527D-01
 -1.786D-04  7.521D-01
 -1.914D-04  7.532D-01
 -2.048D-04  7.520D-01
 -2.179D-04  7.536D-01
 -2.320D-04  7.516D-01
 -2.453D-04  7.539D-01
 -2.603D-04  7.508D-01
 -2.738D-04  7.541D-01
 -2.899D-04  7.494D-01
 -3.035D-04  7.542D-01
 -3.210D-04  7.473D-01
 -3.345D-04  7.541D-01
 -3.538D-04  7.443D-01
 -3.668D-04  7.538D-01
 -3.886D-04  7.402D-01
 -4.007D-04  7.532D-01
 -4.257D-04  7.347D-01
 -4.362D-04  7.524D-01
 -4.656D-04  7.276D-01
 -4.735D-04  7.512D-01
 -5.086D-04  7.185D-01
 -5.126D-04  7.498D-01
 -5.556D-04  7.069D-01
 -5.537D-04  7.481D-01
 -6.073D-04  6.922D-01
 -5.969D-04  7.461D-01
 -6.650D-04  6.737D-01
 -6.422D-04  7.439D-01
 -7.304D-04  6.504D-01
 -6.898D-04  7.414D-01
 -8.063D-04  6.210D-01
 -7.398D-04  7.386D-01
 -8.968D-04  5.837D-01
 -7.921D-04  7.357D-01
 -1.009D-03  5.356D-01
 -8.469D-04  7.328D-01
 -1.157D-03  4.723D-01
 -9.041D-04  7.299D-01
 -1.368D-03  3.862D-01
 -9.635D-04  7.273D-01
 -1.719D-03  2.622D-01
 -1.025D-03  7.254D-01
 -2.534D-03  5.959D-02
 -1.087D-03  7.249D-01
 -2.685D-05  7.486D-01
 -4.090D-05  7.487D-01
 -5.354D-05  7.488D-01
 -6.565D-05  7.489D-01
 -7.751D-05  7.491D-01
 -8.928D-05  7.492D-01
 -1.010D-04  7.494D-01
 -1.128D-04  7.495D-01
 -1.246D-04  7.498D-01
 -1.366D-04  7.498D-01
 -1.486D-04  7.503D-01
 -1.609D-04  7.499D-01
 -1.732D-04  7.507D-01
 -1.859D-04  7.499D-01
 -1.984D-04  7.511D-01
 -2.116D-04  7.497D-01
 -2.244D-04  7.514D-01
 -2.384D-04  7.491D-01
 -2.514D-04  7.516D-01
 -2.662D-04  7.481D-01
 -2.795D-04  7.517D-01
 -2.954D-04  7.465D-01
 -3.086D-04  7.516D-01
 -3.260D-04  7.442D-01
 -3.391D-04  7.513D-01
 -3.584D-04  7.410D-01
 -3.709D-04  7.508D-01
 -3.926D-04  7.367D-01
 -4.042D-04  7.501D-01
 -4.292D-04  7.310D-01
 -4.391D-04  7.491D-01
 -4.684D-04  7.237D-01
 -4.756D-04  7.479D-01
 -5.107D-04  7.145D-01
 -5.140D-04  7.463D-01
 -5.568D-04  7.027D-01
 -5.542D-04  7.445D-01
 -6.075D-04  6.880D-01
 -5.965D-04  7.423D-01
 -6.639D-04  6.696D-01
 -6.408D-04  7.399D-01
 -7.279D-04  6.464D-01
 -6.873D-04  7.373D-01
 -8.019D-04  6.173D-01
 -7.360D-04  7.344D-01
 -8.900D-04  5.804D-01
 -7.870D-04  7.314D-01
 -9.989D-04  5.328D-01
 -8.403D-04  7.284D-01
 -1.142D-03  4.703D-01
 -8.959D-04  7.254D-01
 -1.345D-03  3.851D-01
 -9.536D-04  7.226D-01
 -1.683D-03  2.618D-01
 -1.013D-03  7.205D-01
 -2.465D-03  5.910D-02
 -1.074D-03  7.198D-01
 -2.609D-05  7.466D-01
 -3.975D-05  7.467D-01
 -5.204D-05  7.467D-01
 -6.380D-05  7.469D-01
 -7.532D-05  7.470D-01
 -8.674D-05  7.472D-01
 -9.815D-05  7.472D-01
 -1.096D-04  7.475D-01
 -1.211D-04  7.475D-01
 -1.326D-04  7.478D-01
 -1.444D-04  7.477D-01
 -1.561D-04  7.482D-01
 -1.682D-04  7.477D-01
 -1.802D-04  7.485D-01
 -1.927D-04  7.476D-01
 -2.050D-04  7.488D-01
 -2.181D-04  7.472D-01
 -2.306D-04  7.490D-01
 -2.444D-04  7.464D-01
 -2.572D-04  7.491D-01
 -2.719D-04  7.452D-01
 -2.848D-04  7.490D-01
 -3.006D-04  7.434D-01
 -3.135D-04  7.488D-01
 -3.308D-04  7.409D-01
 -3.434D-04  7.483D-01
 -3.626D-04  7.375D-01
 -3.747D-04  7.477D-01
 -3.964D-04  7.330D-01
 -4.074D-04  7.468D-01
 -4.323D-04  7.271D-01
 -4.417D-04  7.456D-01
 -4.709D-04  7.196D-01
 -4.775D-04  7.442D-01
 -5.125D-04  7.102D-01
 -5.151D-04  7.425D-01
 -5.577D-04  6.984D-01
 -5.546D-04  7.405D-01
 -6.074D-04  6.837D-01
 -5.959D-04  7.382D-01
 -6.627D-04  6.653D-01
 -6.392D-04  7.357D-01
 -7.252D-04  6.423D-01
 -6.846D-04  7.329D-01
 -7.973D-04  6.134D-01
 -7.322D-04  7.299D-01
 -8.830D-04  5.769D-01
 -7.819D-04  7.268D-01
 -9.887D-04  5.299D-01
 -8.338D-04  7.236D-01
 -1.127D-03  4.680D-01
 -8.878D-04  7.204D-01
 -1.323D-03  3.838D-01
 -9.439D-04  7.176D-01
 -1.648D-03  2.614D-01
 -1.002D-03  7.152D-01
 -2.399D-03  5.871D-02
 -1.060D-03  7.143D-01
 -2.537D-05  7.445D-01
 -3.865D-05  7.446D-01
 -5.059D-05  7.447D-01
 -6.202D-05  7.448D-01
 -7.322D-05  7.449D-01
 -8.432D-05  7.450D-01
 -9.539D-05  7.451D-01
 -1.065D-04  7.452D-01
 -1.176D-04  7.454D-01
 -1.289D-04  7.453D-01
 -1.402D-04  7.457D-01
 -1.517D-04  7.454D-01
 -1.633D-04  7.460D-01
 -1.751D-04  7.453D-01
 -1.869D-04  7.462D-01
 -1.993D-04  7.451D-01
 -2.113D-04  7.463D-01
 -2.242D-04  7.445D-01
 -2.365D-04  7.464D-01
 -2.501D-04  7.436D-01
 -2.626D-04  7.463D-01
 -2.772D-04  7.421D-01
 -2.898D-04  7.461D-01
 -3.055D-04  7.401D-01
 -3.180D-04  7.457D-01
 -3.352D-04  7.374D-01
 -3.475D-04  7.451D-01
 -3.666D-04  7.337D-01
 -3.782D-04  7.443D-01
 -3.998D-04  7.290D-01
 -4.104D-04  7.432D-01
 -4.352D-04  7.230D-01
 -4.440D-04  7.418D-01
 -4.731D-04  7.153D-01
 -4.792D-04  7.402D-01
 -5.140D-04  7.058D-01
 -5.161D-04  7.384D-01
 -5.584D-04  6.939D-01
 -5.547D-04  7.362D-01
 -6.071D-04  6.791D-01
 -5.952D-04  7.338D-01
 -6.612D-04  6.607D-01
 -6.375D-04  7.311D-01
 -7.222D-04  6.379D-01
 -6.819D-04  7.282D-01
 -7.926D-04  6.093D-01
 -7.282D-04  7.250D-01
 -8.759D-04  5.731D-01
 -7.767D-04  7.218D-01
 -9.785D-04  5.267D-01
 -8.272D-04  7.185D-01
 -1.112D-03  4.657D-01
 -8.798D-04  7.152D-01
 -1.302D-03  3.823D-01
 -9.343D-04  7.121D-01
 -1.614D-03  2.608D-01
 -9.905D-04  7.096D-01
 -2.335D-03  5.840D-02
 -1.048D-03  7.084D-01
 -2.468D-05  7.425D-01
 -3.760D-05  7.425D-01
 -4.921D-05  7.426D-01
 -6.032D-05  7.427D-01
 -7.121D-05  7.427D-01
 -8.200D-05  7.428D-01
 -9.276D-05  7.429D-01
 -1.035D-04  7.430D-01
 -1.144D-04  7.430D-01
 -1.253D-04  7.432D-01
 -1.363D-04  7.431D-01
 -1.474D-04  7.434D-01
 -1.587D-04  7.430D-01
 -1.700D-04  7.436D-01
 -1.817D-04  7.428D-01
 -1.933D-04  7.437D-01
 -2.054D-04  7.424D-01
 -2.172D-04  7.437D-01
 -2.300D-04  7.416D-01
 -2.421D-04  7.436D-01
 -2.556D-04  7.405D-01
 -2.678D-04  7.434D-01
 -2.822D-04  7.388D-01
 -2.945D-04  7.430D-01
 -3.101D-04  7.366D-01
 -3.223D-04  7.424D-01
 -3.394D-04  7.336D-01
 -3.513D-04  7.416D-01
 -3.703D-04  7.298D-01
 -3.815D-04  7.406D-01
 -4.030D-04  7.248D-01
 -4.131D-04  7.393D-01
 -4.379D-04  7.186D-01
 -4.461D-04  7.378D-01
 -4.752D-04  7.108D-01
 -4.807D-04  7.360D-01
 -5.153D-04  7.011D-01
 -5.168D-04  7.340D-01
 -5.588D-04  6.891D-01
 -5.547D-04  7.316D-01
 -6.066D-04  6.743D-01
 -5.943D-04  7.291D-01
 -6.595D-04  6.560D-01
 -6.357D-04  7.262D-01
 -7.192D-04  6.333D-01
 -6.790D-04  7.231D-01
 -7.877D-04  6.050D-01
 -7.242D-04  7.199D-01
 -8.688D-04  5.692D-01
 -7.715D-04  7.165D-01
 -9.684D-04  5.234D-01
 -8.207D-04  7.130D-01
 -1.098D-03  4.631D-01
 -8.719D-04  7.095D-01
 -1.281D-03  3.806D-01
 -9.249D-04  7.063D-01
 -1.582D-03  2.602D-01
 -9.795D-04  7.036D-01
 -2.274D-03  5.814D-02
 -1.035D-03  7.021D-01
 -2.402D-05  7.403D-01
 -3.659D-05  7.404D-01
 -4.789D-05  7.404D-01
 -5.870D-05  7.405D-01
 -6.928D-05  7.405D-01
 -7.977D-05  7.406D-01
 -9.023D-05  7.407D-01
 -1.007D-04  7.406D-01
 -1.112D-04  7.408D-01
 -1.218D-04  7.407D-01
 -1.325D-04  7.409D-01
 -1.433D-04  7.406D-01
 -1.542D-04  7.410D-01
 -1.653D-04  7.405D-01
 -1.764D-04  7.411D-01
 -1.880D-04  7.401D-01
 -1.993D-04  7.410D-01
 -2.113D-04  7.395D-01
 -2.229D-04  7.409D-01
 -2.355D-04  7.385D-01
 -2.473D-04  7.406D-01
 -2.607D-04  7.372D-01
 -2.726D-04  7.402D-01
 -2.869D-04  7.353D-01
 -2.989D-04  7.396D-01
 -3.144D-04  7.329D-01
 -3.263D-04  7.389D-01
 -3.433D-04  7.297D-01
 -3.548D-04  7.379D-01
 -3.738D-04  7.256D-01
 -3.845D-04  7.367D-01
 -4.060D-04  7.204D-01
 -4.156D-04  7.352D-01
 -4.403D-04  7.140D-01
 -4.480D-04  7.335D-01
 -4.769D-04  7.060D-01
 -4.819D-04  7.316D-01
 -5.163D-04  6.962D-01
 -5.174D-04  7.293D-01
 -5.591D-04  6.841D-01
 -5.544D-04  7.268D-01
 -6.058D-04  6.693D-01
 -5.932D-04  7.240D-01
 -6.576D-04  6.511D-01
 -6.337D-04  7.210D-01
 -7.159D-04  6.285D-01
 -6.760D-04  7.178D-01
 -7.828D-04  6.004D-01
 -7.202D-04  7.144D-01
 -8.616D-04  5.651D-01
 -7.662D-04  7.108D-01
 -9.582D-04  5.198D-01
 -8.142D-04  7.072D-01
 -1.083D-03  4.603D-01
 -8.640D-04  7.036D-01
 -1.260D-03  3.788D-01
 -9.155D-04  7.002D-01
 -1.550D-03  2.594D-01
 -9.686D-04  6.973D-01
 -2.214D-03  5.789D-02
 -1.022D-03  6.955D-01
 -2.338D-05  7.382D-01
 -3.562D-05  7.382D-01
 -4.661D-05  7.382D-01
 -5.713D-05  7.382D-01
 -6.743D-05  7.383D-01
 -7.763D-05  7.383D-01
 -8.781D-05  7.383D-01
 -9.799D-05  7.384D-01
 -1.082D-04  7.383D-01
 -1.185D-04  7.385D-01
 -1.289D-04  7.382D-01
 -1.394D-04  7.385D-01
 -1.500D-04  7.381D-01
 -1.607D-04  7.385D-01
 -1.716D-04  7.377D-01
 -1.825D-04  7.384D-01
 -1.939D-04  7.372D-01
 -2.050D-04  7.382D-01
 -2.169D-04  7.364D-01
 -2.282D-04  7.379D-01
 -2.407D-04  7.352D-01
 -2.523D-04  7.375D-01
 -2.655D-04  7.337D-01
 -2.772D-04  7.369D-01
 -2.914D-04  7.316D-01
 -3.031D-04  7.361D-01
 -3.185D-04  7.289D-01
 -3.300D-04  7.351D-01
 -3.470D-04  7.255D-01
 -3.581D-04  7.339D-01
 -3.770D-04  7.212D-01
 -3.873D-04  7.325D-01
 -4.087D-04  7.158D-01
 -4.179D-04  7.309D-01
 -4.424D-04  7.092D-01
 -4.497D-04  7.290D-01
 -4.784D-04  7.010D-01
 -4.830D-04  7.268D-01
 -5.172D-04  6.911D-01
 -5.177D-04  7.244D-01
 -5.591D-04  6.789D-01
 -5.540D-04  7.217D-01
 -6.049D-04  6.641D-01
 -5.920D-04  7.187D-01
 -6.556D-04  6.459D-01
 -6.316D-04  7.156D-01
 -7.125D-04  6.235D-01
 -6.729D-04  7.122D-01
 -7.777D-04  5.957D-01
 -7.160D-04  7.086D-01
 -8.544D-04  5.608D-01
 -7.609D-04  7.049D-01
 -9.482D-04  5.160D-01
 -8.076D-04  7.011D-01
 -1.069D-03  4.573D-01
 -8.561D-04  6.973D-01
 -1.240D-03  3.768D-01
 -9.063D-04  6.937D-01
 -1.519D-03  2.585D-01
 -9.579D-04  6.906D-01
 -2.157D-03  5.766D-02
 -1.010D-03  6.886D-01
 -2.277D-05  7.359D-01
 -3.468D-05  7.360D-01
 -4.539D-05  7.360D-01
 -5.563D-05  7.360D-01
 -6.565D-05  7.360D-01
 -7.558D-05  7.360D-01
 -8.548D-05  7.360D-01
 -9.539D-05  7.359D-01
 -1.053D-04  7.360D-01
 -1.153D-04  7.358D-01
 -1.254D-04  7.360D-01
 -1.356D-04  7.357D-01
 -1.459D-04  7.359D-01
 -1.563D-04  7.353D-01
 -1.668D-04  7.357D-01
 -1.776D-04  7.348D-01
 -1.883D-04  7.355D-01
 -1.995D-04  7.341D-01
 -2.104D-04  7.351D-01
 -2.222D-04  7.331D-01
 -2.333D-04  7.347D-01
 -2.457D-04  7.318D-01
 -2.570D-04  7.341D-01
 -2.701D-04  7.300D-01
 -2.815D-04  7.333D-01
 -2.957D-04  7.277D-01
 -3.070D-04  7.323D-01
 -3.224D-04  7.247D-01
 -3.335D-04  7.311D-01
 -3.504D-04  7.211D-01
 -3.611D-04  7.298D-01
 -3.799D-04  7.166D-01
 -3.899D-04  7.281D-01
 -4.112D-04  7.110D-01
 -4.199D-04  7.263D-01
 -4.443D-04  7.042D-01
 -4.512D-04  7.242D-01
 -4.797D-04  6.959D-01
 -4.838D-04  7.218D-01
 -5.178D-04  6.858D-01
 -5.179D-04  7.192D-01
 -5.589D-04  6.736D-01
 -5.535D-04  7.163D-01
 -6.038D-04  6.587D-01
 -5.906D-04  7.132D-01
 -6.534D-04  6.405D-01
 -6.293D-04  7.098D-01
 -7.089D-04  6.183D-01
 -6.697D-04  7.062D-01
 -7.725D-04  5.908D-01
 -7.118D-04  7.025D-01
 -8.471D-04  5.562D-01
 -7.556D-04  6.986D-01
 -9.381D-04  5.121D-01
 -8.011D-04  6.947D-01
 -1.055D-03  4.541D-01
 -8.483D-04  6.907D-01
 -1.220D-03  3.746D-01
 -8.971D-04  6.870D-01
 -1.489D-03  2.575D-01
 -9.473D-04  6.837D-01
 -2.102D-03  5.740D-02
 -9.982D-04  6.813D-01
 -2.218D-05  7.337D-01
 -3.378D-05  7.337D-01
 -4.421D-05  7.337D-01
 -5.418D-05  7.337D-01
 -6.394D-05  7.336D-01
 -7.361D-05  7.336D-01
 -8.324D-05  7.336D-01
 -9.287D-05  7.336D-01
 -1.026D-04  7.334D-01
 -1.123D-04  7.335D-01
 -1.221D-04  7.332D-01
 -1.320D-04  7.333D-01
 -1.420D-04  7.329D-01
 -1.521D-04  7.331D-01
 -1.624D-04  7.324D-01
 -1.726D-04  7.328D-01
 -1.833D-04  7.318D-01
 -1.938D-04  7.324D-01
 -2.049D-04  7.308D-01
 -2.156D-04  7.319D-01
 -2.272D-04  7.296D-01
 -2.381D-04  7.313D-01
 -2.504D-04  7.281D-01
 -2.614D-04  7.305D-01
 -2.745D-04  7.261D-01
 -2.856D-04  7.295D-01
 -2.996D-04  7.235D-01
 -3.107D-04  7.283D-01
 -3.260D-04  7.204D-01
 -3.368D-04  7.269D-01
 -3.536D-04  7.165D-01
 -3.640D-04  7.253D-01
 -3.827D-04  7.117D-01
 -3.923D-04  7.235D-01
 -4.134D-04  7.059D-01
 -4.217D-04  7.214D-01
 -4.460D-04  6.989D-01
 -4.524D-04  7.191D-01
 -4.808D-04  6.905D-01
 -4.845D-04  7.165D-01
 -5.182D-04  6.803D-01
 -5.179D-04  7.137D-01
 -5.585D-04  6.680D-01
 -5.527D-04  7.106D-01
 -6.025D-04  6.531D-01
 -5.891D-04  7.073D-01
 -6.510D-04  6.350D-01
 -6.269D-04  7.038D-01
 -7.052D-04  6.129D-01
 -6.664D-04  7.000D-01
 -7.672D-04  5.856D-01
 -7.075D-04  6.961D-01
 -8.398D-04  5.514D-01
 -7.502D-04  6.921D-01
 -9.281D-04  5.079D-01
 -7.945D-04  6.879D-01
 -1.042D-03  4.507D-01
 -8.405D-04  6.838D-01
 -1.201D-03  3.722D-01
 -8.880D-04  6.799D-01
 -1.459D-03  2.562D-01
 -9.368D-04  6.764D-01
 -2.049D-03  5.710D-02
 -9.864D-04  6.738D-01
 -2.161D-05  7.314D-01
 -3.292D-05  7.314D-01
 -4.308D-05  7.313D-01
 -5.279D-05  7.313D-01
 -6.230D-05  7.313D-01
 -7.171D-05  7.312D-01
 -8.109D-05  7.312D-01
 -9.047D-05  7.310D-01
 -9.988D-05  7.310D-01
 -1.094D-04  7.308D-01
 -1.189D-04  7.308D-01
 -1.285D-04  7.305D-01
 -1.382D-04  7.306D-01
 -1.481D-04  7.300D-01
 -1.579D-04  7.302D-01
 -1.681D-04  7.294D-01
 -1.782D-04  7.298D-01
 -1.887D-04  7.285D-01
 -1.990D-04  7.292D-01
 -2.100D-04  7.274D-01
 -2.205D-04  7.285D-01
 -2.320D-04  7.260D-01
 -2.427D-04  7.276D-01
 -2.548D-04  7.242D-01
 -2.657D-04  7.266D-01
 -2.786D-04  7.219D-01
 -2.895D-04  7.255D-01
 -3.034D-04  7.192D-01
 -3.142D-04  7.241D-01
 -3.293D-04  7.158D-01
 -3.399D-04  7.225D-01
 -3.565D-04  7.116D-01
 -3.666D-04  7.207D-01
 -3.852D-04  7.067D-01
 -3.944D-04  7.186D-01
 -4.154D-04  7.007D-01
 -4.233D-04  7.163D-01
 -4.475D-04  6.935D-01
 -4.535D-04  7.138D-01
 -4.817D-04  6.849D-01
 -4.849D-04  7.110D-01
 -5.184D-04  6.745D-01
 -5.177D-04  7.080D-01
 -5.579D-04  6.621D-01
 -5.518D-04  7.047D-01
 -6.010D-04  6.472D-01
 -5.874D-04  7.012D-01
 -6.484D-04  6.292D-01
 -6.244D-04  6.975D-01
 -7.014D-04  6.073D-01
 -6.630D-04  6.936D-01
 -7.618D-04  5.802D-01
 -7.031D-04  6.895D-01
 -8.324D-04  5.465D-01
 -7.448D-04  6.852D-01
 -9.181D-04  5.035D-01
 -7.880D-04  6.809D-01
 -1.028D-03  4.470D-01
 -8.328D-04  6.767D-01
 -1.182D-03  3.695D-01
 -8.790D-04  6.725D-01
 -1.431D-03  2.548D-01
 -9.265D-04  6.688D-01
 -1.997D-03  5.675D-02
 -9.747D-04  6.660D-01
 -2.107D-05  7.291D-01
 -3.209D-05  7.290D-01
 -4.199D-05  7.290D-01
 -5.145D-05  7.289D-01
 -6.072D-05  7.288D-01
 -6.988D-05  7.288D-01
 -7.902D-05  7.287D-01
 -8.815D-05  7.286D-01
 -9.732D-05  7.284D-01
 -1.065D-04  7.283D-01
 -1.158D-04  7.280D-01
 -1.251D-04  7.280D-01
 -1.346D-04  7.276D-01
 -1.441D-04  7.276D-01
 -1.539D-04  7.269D-01
 -1.636D-04  7.271D-01
 -1.736D-04  7.261D-01
 -1.835D-04  7.265D-01
 -1.939D-04  7.251D-01
 -2.040D-04  7.258D-01
 -2.148D-04  7.237D-01
 -2.251D-04  7.249D-01
 -2.365D-04  7.221D-01
 -2.470D-04  7.238D-01
 -2.590D-04  7.201D-01
 -2.696D-04  7.226D-01
 -2.825D-04  7.176D-01
 -2.931D-04  7.212D-01
 -3.069D-04  7.146D-01
 -3.174D-04  7.196D-01
 -3.325D-04  7.110D-01
 -3.427D-04  7.178D-01
 -3.593D-04  7.066D-01
 -3.690D-04  7.158D-01
 -3.875D-04  7.014D-01
 -3.963D-04  7.135D-01
 -4.172D-04  6.952D-01
 -4.248D-04  7.110D-01
 -4.488D-04  6.878D-01
 -4.544D-04  7.082D-01
 -4.824D-04  6.791D-01
 -4.852D-04  7.053D-01
 -5.184D-04  6.686D-01
 -5.173D-04  7.020D-01
 -5.571D-04  6.561D-01
 -5.508D-04  6.985D-01
 -5.993D-04  6.412D-01
 -5.856D-04  6.948D-01
 -6.457D-04  6.232D-01
 -6.218D-04  6.909D-01
 -6.974D-04  6.014D-01
 -6.595D-04  6.868D-01
 -7.563D-04  5.747D-01
 -6.986D-04  6.825D-01
 -8.250D-04  5.413D-01
 -7.393D-04  6.781D-01
 -9.082D-04  4.988D-01
 -7.814D-04  6.737D-01
 -1.015D-03  4.432D-01
 -8.251D-04  6.692D-01
 -1.163D-03  3.667D-01
 -8.701D-04  6.649D-01
 -1.403D-03  2.533D-01
 -9.163D-04  6.610D-01
 -1.948D-03  5.632D-02
 -9.632D-04  6.579D-01
 -2.054D-05  7.267D-01
 -3.129D-05  7.266D-01
 -4.094D-05  7.266D-01
 -5.017D-05  7.265D-01
 -5.919D-05  7.264D-01
 -6.813D-05  7.263D-01
 -7.702D-05  7.262D-01
 -8.592D-05  7.260D-01
 -9.484D-05  7.259D-01
 -1.038D-04  7.256D-01
 -1.128D-04  7.255D-01
 -1.220D-04  7.251D-01
 -1.311D-04  7.251D-01
 -1.404D-04  7.245D-01
 -1.498D-04  7.245D-01
 -1.594D-04  7.237D-01
 -1.689D-04  7.238D-01
 -1.788D-04  7.227D-01
 -1.885D-04  7.231D-01
 -1.988D-04  7.214D-01
 -2.087D-04  7.221D-01
 -2.194D-04  7.199D-01
 -2.296D-04  7.210D-01
 -2.408D-04  7.180D-01
 -2.511D-04  7.198D-01
 -2.630D-04  7.158D-01
 -2.734D-04  7.184D-01
 -2.861D-04  7.130D-01
 -2.965D-04  7.167D-01
 -3.102D-04  7.098D-01
 -3.204D-04  7.149D-01
 -3.354D-04  7.059D-01
 -3.453D-04  7.129D-01
 -3.618D-04  7.014D-01
 -3.712D-04  7.106D-01
 -3.896D-04  6.959D-01
 -3.980D-04  7.081D-01
 -4.188D-04  6.895D-01
 -4.260D-04  7.054D-01
 -4.499D-04  6.820D-01
 -4.551D-04  7.025D-01
 -4.829D-04  6.730D-01
 -4.853D-04  6.992D-01
 -5.182D-04  6.625D-01
 -5.168D-04  6.958D-01
 -5.562D-04  6.499D-01
 -5.496D-04  6.921D-01
 -5.975D-04  6.350D-01
 -5.836D-04  6.882D-01
 -6.428D-04  6.171D-01
 -6.191D-04  6.841D-01
 -6.933D-04  5.954D-01
 -6.559D-04  6.798D-01
 -7.507D-04  5.689D-01
 -6.941D-04  6.754D-01
 -8.175D-04  5.359D-01
 -7.338D-04  6.708D-01
 -8.983D-04  4.940D-01
 -7.749D-04  6.661D-01
 -1.001D-03  4.391D-01
 -8.174D-04  6.615D-01
 -1.145D-03  3.636D-01
 -8.612D-04  6.570D-01
 -1.376D-03  2.515D-01
 -9.061D-04  6.528D-01
 -1.900D-03  5.581D-02
 -9.518D-04  6.495D-01
