 -5.132D-03  7.850D-01
 -2.911D-03  7.809D-01
 -4.632D-03  7.756D-01
 -1.305D-03  7.812D-01
 -3.766D-03  7.652D-01
 -4.257D-03  7.632D-01
 -8.810D-04  7.750D-01
 -1.538D-03  7.591D-01
 -4.510D-03  7.492D-01
 -3.937D-03  7.477D-01
 -5.432D-04  7.728D-01
 -1.212D-03  7.450D-01
 -1.684D-03  7.368D-01
 -5.131D-03  7.316D-01
 -3.654D-03  7.290D-01
 -4.009D-04  7.650D-01
 -7.089D-04  7.341D-01
 -1.522D-03  7.182D-01
 -1.764D-03  7.125D-01
 -5.641D-03  7.122D-01
 -3.400D-03  7.071D-01
 -2.821D-04  7.609D-01
 -5.693D-04  7.163D-01
 -8.397D-04  6.996D-01
 -1.802D-03  6.916D-01
 -1.796D-03  6.855D-01
 -6.054D-03  6.907D-01
 -3.168D-03  6.817D-01
 -2.199D-04  7.517D-01
 -3.865D-04  7.013D-01
 -7.332D-04  6.764D-01
 -9.361D-04  6.650D-01
 -2.048D-03  6.639D-01
 -1.795D-03  6.553D-01
 -6.381D-03  6.671D-01
 -2.954D-03  6.527D-01
 -1.665D-04  7.462D-01
 -3.170D-04  6.800D-01
 -4.775D-04  6.521D-01
 -8.854D-04  6.391D-01
 -1.002D-03  6.284D-01
 -2.261D-03  6.346D-01
 -1.769D-03  6.216D-01
 -6.633D-03  6.416D-01
 -2.757D-03  6.200D-01
 -1.346D-04  7.359D-01
 -2.333D-04  6.613D-01
 -4.139D-04  6.242D-01
 -5.515D-04  6.052D-01
 -1.023D-03  6.018D-01
 -1.043D-03  5.888D-01
 -2.441D-03  6.036D-01
 -1.727D-03  5.842D-01
 -6.822D-03  6.142D-01
 -2.574D-03  5.833D-01
 -1.068D-04  7.293D-01
 -1.948D-04  6.368D-01
 -2.950D-04  5.942D-01
 -5.055D-04  5.739D-01
 -6.084D-04  5.572D-01
 -1.145D-03  5.634D-01
 -1.064D-03  5.455D-01
 -2.590D-03  5.707D-01
 -1.672D-03  5.426D-01
 -6.953D-03  5.850D-01
 -2.403D-03  5.423D-01
 -8.863D-05  7.183D-01
 -1.507D-04  6.145D-01
 -2.559D-04  5.614D-01
 -3.479D-04  5.323D-01
 -5.895D-04  5.250D-01
 -6.495D-04  5.063D-01
 -1.250D-03  5.235D-01
 -1.068D-03  4.981D-01
 -2.712D-03  5.359D-01
 -1.610D-03  4.965D-01
 -7.035D-03  5.541D-01
 -2.242D-03  4.967D-01
 -7.261D-05  7.107D-01
 -1.276D-04  5.869D-01
 -1.928D-04  5.253D-01
 -3.143D-04  4.952D-01
 -3.909D-04  4.703D-01
 -6.647D-04  4.757D-01
 -6.767D-04  4.514D-01
 -1.341D-03  4.818D-01
 -1.060D-03  4.458D-01
 -2.807D-03  4.992D-01
 -1.541D-03  4.454D-01
 -7.073D-03  5.216D-01
 -2.090D-03  4.459D-01
 -6.149D-05  6.993D-01
 -1.021D-04  5.612D-01
 -1.676D-04  4.875D-01
 -2.300D-04  4.447D-01
 -3.683D-04  4.319D-01
 -4.239D-04  4.053D-01
 -7.306D-04  4.249D-01
 -6.917D-04  3.915D-01
 -1.415D-03  4.381D-01
 -1.040D-03  3.880D-01
 -2.878D-03  4.607D-01
 -1.468D-03  3.887D-01
 -7.074D-03  4.876D-01
 -1.946D-03  3.894D-01
 -5.158D-05  6.912D-01
 -8.743D-05  5.306D-01
 -1.310D-04  4.447D-01
 -2.062D-04  4.010D-01
 -2.612D-04  3.648D-01
 -4.168D-04  3.686D-01
 -4.476D-04  3.356D-01
 -7.871D-04  3.721D-01
 -6.965D-04  3.255D-01
 -1.476D-03  3.922D-01
 -1.013D-03  3.239D-01
 -2.928D-03  4.204D-01
 -1.393D-03  3.256D-01
 -7.041D-03  4.522D-01
 -1.810D-03  3.264D-01
 -4.437D-05  6.796D-01
 -7.169D-05  5.016D-01
 -1.143D-04  4.013D-01
 -1.571D-04  3.399D-01
 -2.420D-04  3.189D-01
 -2.859D-04  2.815D-01
 -4.594D-04  3.036D-01
 -4.627D-04  2.593D-01
 -8.345D-04  3.169D-01
 -6.926D-04  2.524D-01
 -1.523D-03  3.441D-01
 -9.785D-04  2.525D-01
 -2.958D-03  3.783D-01
 -1.317D-03  2.551D-01
 -6.979D-03  4.154D-01
 -1.681D-03  2.559D-01
 -3.790D-05  6.712D-01
 -6.191D-05  4.681D-01
 -9.167D-05  3.509D-01
 -1.403D-04  2.884D-01
 -1.794D-04  2.363D-01
 -2.741D-04  2.369D-01
 -3.043D-04  1.916D-01
 -4.959D-04  2.360D-01
 -4.704D-04  1.748D-01
 -8.730D-04  2.588D-01
 -6.815D-04  1.707D-01
 -1.558D-03  2.938D-01
 -9.394D-04  1.725D-01
 -2.970D-03  3.344D-01
 -1.240D-03  1.760D-01
 -6.893D-03  3.775D-01
 -1.559D-03  1.767D-01
 -3.301D-05  6.596D-01
 -5.169D-05  4.357D-01
 -8.018D-05  3.009D-01
 -1.099D-04  2.140D-01
 -1.643D-04  1.808D-01
 -1.972D-04  1.276D-01
 -3.022D-04  1.525D-01
 -3.166D-04  9.252D-02
 -5.264D-04  1.648D-01
 -4.714D-04  8.009D-02
 -9.031D-04  1.977D-01
 -6.644D-04  7.857D-02
 -1.581D-03  2.410D-01
 -8.964D-04  8.208D-02
 -2.966D-03  2.889D-01
 -1.163D-03  8.660D-02
 -6.784D-03  3.384D-01
 -1.443D-03  8.697D-02
 -2.860D-05  6.511D-01
 -4.496D-05  3.994D-01
 -6.550D-05  2.414D-01
 -9.783D-05  1.522D-01
 -1.255D-04  7.717D-02
 -1.859D-04  7.236D-02
 -2.107D-04  8.846D-03
 -3.261D-04  6.367D-02
 -3.235D-04 -1.894D-02
 -5.510D-04  8.947D-02
 -4.667D-04 -2.746D-02
 -9.253D-04  1.332D-01
 -6.424D-04 -2.634D-02
 -1.593D-03  1.856D-01
 -8.507D-04 -2.093D-02
 -2.949D-03  2.415D-01
 -1.087D-03 -1.534D-02
 -6.657D-03  2.983D-01
 -1.332D-03 -1.547D-02
 -2.517D-05  6.399D-01
 -3.805D-05  3.635D-01
 -5.741D-05  1.833D-01
 -7.815D-05  6.029D-02
 -1.141D-04  8.201D-03
 -1.381D-04 -6.887D-02
 -2.045D-04 -4.091D-02
 -2.199D-04 -1.247D-01
 -3.458D-04 -3.100D-02
 -3.255D-04 -1.466D-01
 -5.700D-04  9.115D-03
 -4.572D-04 -1.513D-01
 -9.402D-04  6.484D-02
 -6.164D-04 -1.473D-01
 -1.596D-03  1.276D-01
 -8.031D-04 -1.397D-01
 -2.919D-03  1.924D-01
 -1.012D-03 -1.329D-01
 -6.515D-03  2.572D-01
 -1.227D-03 -1.338D-01
 -2.207D-05  6.316D-01
 -3.329D-05  3.241D-01
 -4.753D-05  1.123D-01
 -6.939D-05 -1.551D-02
 -8.897D-05 -1.255D-01
 -1.285D-04 -1.400D-01
 -1.476D-04 -2.324D-01
 -2.201D-04 -1.623D-01
 -2.250D-04 -2.790D-01
 -3.614D-04 -1.331D-01
 -3.231D-04 -2.955D-01
 -5.837D-04 -7.705D-02
 -4.436D-04 -2.962D-01
 -9.484D-04 -7.666D-03
 -5.875D-04 -2.889D-01
 -1.591D-03  6.680D-02
 -7.543D-04 -2.787D-01
 -2.878D-03  1.416D-01
 -9.394D-04 -2.705D-01
 -6.360D-03  2.151D-01
 -1.127D-03 -2.724D-01
 -1.959D-05  6.208D-01
 -2.847D-05  2.845D-01
 -4.172D-05  4.380D-02
 -5.619D-05 -1.323D-01
 -8.032D-05 -2.148D-01
 -9.764D-05 -3.307D-01
 -1.408D-04 -2.993D-01
 -1.540D-04 -4.229D-01
 -2.328D-04 -2.952D-01
 -2.266D-04 -4.622D-01
 -3.731D-04 -2.445D-01
 -3.171D-04 -4.734D-01
 -5.924D-04 -1.700D-01
 -4.267D-04 -4.694D-01
 -9.503D-04 -8.488D-02
 -5.563D-04 -4.580D-01
 -1.578D-03  2.883D-03
 -7.049D-04 -4.444D-01
 -2.828D-03  8.884D-02
 -8.683D-04 -4.344D-01
 -6.193D-03  1.721D-01
 -1.032D-03 -4.379D-01
 -1.734D-05  6.127D-01
 -2.502D-05  2.418D-01
 -3.488D-05 -4.223D-02
 -4.976D-05 -2.289D-01
 -6.353D-05 -3.956D-01
 -8.988D-05 -4.284D-01
 -1.041D-04 -5.711D-01
 -1.509D-04 -4.764D-01
 -1.575D-04 -6.538D-01
 -2.425D-04 -4.431D-01
 -2.250D-04 -6.866D-01
 -3.811D-04 -3.673D-01
 -3.080D-04 -6.918D-01
 -5.966D-04 -2.709D-01
 -4.073D-04 -6.819D-01
 -9.467D-04 -1.674D-01
 -5.235D-04 -6.649D-01
 -1.557D-03 -6.439D-02
 -6.557D-04 -6.468D-01
 -2.769D-03  3.419D-02
 -7.996D-04 -6.343D-01
 -6.019D-03  1.283D-01
 -9.420D-04 -6.402D-01
 -1.551D-05  6.026D-01
 -2.158D-05  1.981D-01
 -3.063D-05 -1.251D-01
 -4.067D-05 -3.835D-01
 -5.702D-05 -5.189D-01
 -6.934D-05 -7.049D-01
 -9.791D-05 -6.700D-01
 -1.083D-04 -8.700D-01
 -1.589D-04 -6.792D-01
 -1.585D-04 -9.467D-01
 -2.494D-04 -6.110D-01
 -2.208D-04 -9.694D-01
 -3.857D-04 -5.041D-01
 -2.963D-04 -9.652D-01
 -5.966D-04 -3.814D-01
 -3.861D-04 -9.517D-01
 -9.381D-04 -2.560D-01
 -4.901D-04 -9.269D-01
 -1.531D-03 -1.353D-01
 -6.073D-04 -9.023D-01
 -2.704D-03 -2.249D-02
 -7.338D-04 -8.864D-01
 -5.838D-03  8.352D-02
 -8.577D-04 -8.959D-01
 -1.384D-05  5.950D-01
 -1.904D-05  1.515D-01
 -2.579D-05 -2.323D-01
 -3.592D-05 -5.136D-01
 -4.553D-05 -7.826D-01
 -6.328D-05 -8.536D-01
 -7.332D-05 -1.053D+00
 -1.044D-04 -9.574D-01
 -1.095D-04 -1.142D+00
 -1.648D-04 -9.190D-01
 -1.552D-04 -1.178D+00
 -2.538D-04 -8.055D-01
 -2.116D-04 -1.185D+00
 -3.872D-04 -6.588D-01
 -2.793D-04 -1.174D+00
 -5.929D-04 -5.032D-01
 -3.591D-04 -1.154D+00
 -9.249D-04 -3.516D-01
 -4.511D-04 -1.130D+00
 -1.500D-03 -2.104D-01
 -5.541D-04 -1.106D+00
 -2.633D-03 -8.134D-02
 -6.641D-04 -1.088D+00
 -5.651D-03  3.792D-02
 -7.695D-04 -1.087D+00
 -1.246D-05  5.855D-01
 -1.653D-05  1.030D-01
 -2.265D-05 -3.361D-01
 -2.955D-05 -7.324D-01
 -4.066D-05 -9.717D-01
 -4.885D-05 -1.174D+00
 -6.787D-05 -1.156D+00
 -7.465D-05 -1.350D+00
 -1.082D-04 -1.181D+00
 -1.078D-04 -1.409D+00
 -1.677D-04 -1.124D+00
 -1.493D-04 -1.428D+00
 -2.557D-04 -1.026D+00
 -1.997D-04 -1.425D+00
 -3.859D-04 -8.364D-01
 -2.600D-04 -1.409D+00
 -5.859D-04 -6.390D-01
 -3.304D-04 -1.385D+00
 -9.079D-04 -4.555D-01
 -4.110D-04 -1.359D+00
 -1.464D-03 -2.901D-01
 -5.007D-04 -1.333D+00
 -2.557D-03 -1.425D-01
 -5.955D-04 -1.312D+00
 -5.462D-03 -8.542D-03
 -6.850D-04 -1.305D+00
 -1.120D-05  5.784D-01
 -1.463D-05  5.185D-02
 -1.916D-05 -4.749D-01
 -2.603D-05 -9.239D-01
 -3.227D-05 -1.235D+00
 -4.388D-05 -1.324D+00
 -5.021D-05 -1.508D+00
 -7.059D-05 -1.429D+00
 -7.385D-05 -1.627D+00
 -1.100D-04 -1.414D+00
 -1.038D-04 -1.680D+00
 -1.678D-04 -1.328D+00
 -1.408D-04 -1.693D+00
 -2.533D-04 -1.188D+00
 -1.855D-04 -1.681D+00
 -3.820D-04 -1.037D+00
 -2.384D-04 -1.655D+00
 -5.760D-04 -7.921D-01
 -3.000D-04 -1.621D+00
 -8.876D-04 -5.691D-01
 -3.700D-04 -1.585D+00
 -1.425D-03 -3.750D-01
 -4.472D-04 -1.552D+00
 -2.478D-03 -2.063D-01
 -5.283D-04 -1.526D+00
 -5.270D-03 -5.589D-02
 -6.033D-04 -1.521D+00
 -1.014D-05  5.698D-01
 -1.277D-05 -2.259D-03
 -1.681D-05 -6.117D-01
 -2.133D-05 -1.168D+00
 -2.836D-05 -1.412D+00
 -3.346D-05 -1.640D+00
 -4.575D-05 -1.637D+00
 -5.002D-05 -1.865D+00
 -7.166D-05 -1.687D+00
 -7.153D-05 -1.971D+00
 -1.097D-04 -1.630D+00
 -9.841D-05 -2.012D+00
 -1.657D-04 -1.518D+00
 -1.312D-04 -2.013D+00
 -2.486D-04 -1.380D+00
 -1.705D-04 -1.988D+00
 -3.730D-04 -1.183D+00
 -2.166D-04 -1.950D+00
 -5.637D-04 -9.675D-01
 -2.699D-04 -1.905D+00
 -8.643D-04 -6.944D-01
 -3.301D-04 -1.859D+00
 -1.382D-03 -4.659D-01
 -3.962D-04 -1.817D+00
 -2.395D-03 -2.728D-01
 -4.648D-04 -1.785D+00
 -5.077D-03 -1.042D-01
 -5.276D-04 -1.777D+00
 -9.170D-06  5.633D-01
 -1.133D-05 -5.904D-02
 -1.427D-05 -8.025D-01
 -1.855D-05 -1.347D+00
 -2.227D-05 -1.694D+00
 -2.962D-05 -1.822D+00
 -3.361D-05 -2.103D+00
 -4.659D-05 -1.991D+00
 -4.879D-05 -2.346D+00
 -7.156D-05 -1.987D+00
 -6.691D-05 -2.236D+00
 -1.080D-04 -1.884D+00
 -8.958D-05 -2.167D+00
 -1.615D-04 -1.730D+00
 -1.179D-04 -2.172D+00
 -2.414D-04 -1.545D+00
 -1.524D-04 -2.221D+00
 -3.617D-04 -1.352D+00
 -1.940D-04 -2.303D+00
 -5.471D-04 -1.123D+00
 -2.409D-04 -2.302D+00
 -8.387D-04 -8.340D-01
 -2.921D-04 -2.232D+00
 -1.337D-03 -5.638D-01
 -3.478D-04 -2.171D+00
 -2.311D-03 -3.424D-01
 -4.056D-04 -2.127D+00
 -4.885D-03 -1.534D-01
 -4.576D-04 -2.120D+00
 -8.344D-06  5.555D-01
 -9.928D-06 -1.201D-01
 -1.251D-05 -9.971D-01
 -1.504D-05 -1.585D+00
 -1.933D-05 -1.903D+00
 -2.247D-05 -2.310D+00
 -3.024D-05 -2.336D+00
 -3.064D-05 -1.880D+00
 -4.608D-05 -2.317D+00
 -4.172D-05 -1.676D+00
 -7.048D-05 -2.387D+00
 -5.616D-05 -1.604D+00
 -1.051D-04 -2.192D+00
 -7.434D-05 -1.586D+00
 -1.562D-04 -1.965D+00
 -9.676D-05 -1.595D+00
 -2.322D-04 -1.738D+00
 -1.239D-04 -1.624D+00
 -3.480D-04 -1.508D+00
 -1.562D-04 -1.665D+00
 -5.267D-04 -1.264D+00
 -1.939D-04 -1.715D+00
 -8.113D-04 -9.916D-01
 -2.367D-04 -1.767D+00
 -1.290D-03 -6.699D-01
 -2.834D-04 -1.812D+00
 -2.224D-03 -4.155D-01
 -3.305D-04 -1.828D+00
 -4.693D-03 -2.037D-01
 -3.690D-04 -1.775D+00
 -7.587D-06  5.497D-01
 -8.826D-06 -1.840D-01
 -1.057D-05 -1.194D+00
 -1.291D-05 -1.792D+00
 -1.510D-05 -2.364D+00
 -1.884D-05 -2.084D+00
 -1.933D-05 -1.597D+00
 -2.714D-05 -1.715D+00
 -2.605D-05 -1.165D+00
 -4.088D-05 -1.693D+00
 -3.494D-05 -8.752D-01
 -6.274D-05 -1.828D+00
 -4.640D-05 -7.736D-01
 -9.778D-05 -2.146D+00
 -6.077D-05 -7.681D-01
 -1.497D-04 -2.263D+00
 -7.846D-05 -8.204D-01
 -2.220D-04 -1.950D+00
 -9.985D-05 -9.106D-01
 -3.323D-04 -1.673D+00
 -1.253D-04 -1.026D+00
 -5.045D-04 -1.425D+00
 -1.548D-04 -1.155D+00
 -7.801D-04 -1.138D+00
 -1.883D-04 -1.285D+00
 -1.241D-03 -7.857D-01
 -2.245D-04 -1.394D+00
 -2.137D-03 -4.926D-01
 -2.605D-04 -1.413D+00
 -4.504D-03 -2.550D-01
 -2.893D-04 -1.349D+00
 -6.934D-06  5.427D-01
 -7.760D-06 -2.540D-01
 -9.163D-06 -1.365D+00
 -1.041D-05 -2.120D+00
 -1.221D-05 -1.984D+00
 -1.252D-05 -1.427D+00
 -1.637D-05 -1.300D+00
 -1.602D-05 -4.446D-01
 -2.384D-05 -9.391D-01
 -2.129D-05 -1.036D-01
 -3.604D-05 -1.044D+00
 -2.837D-05  6.303D-02
 -5.561D-05 -1.465D+00
 -3.743D-05  1.317D-01
 -8.618D-05 -1.704D+00
 -4.852D-05  1.043D-01
 -1.367D-04 -2.124D+00
 -6.188D-05  1.596D-02
 -2.108D-04 -2.210D+00
 -7.818D-05 -6.270D-02
 -3.154D-04 -1.860D+00
 -9.750D-05 -1.485D-01
 -4.800D-04 -1.558D+00
 -1.198D-04 -2.409D-01
 -7.450D-04 -1.261D+00
 -1.449D-04 -3.303D-01
 -1.192D-03 -9.132D-01
 -1.719D-04 -4.024D-01
 -2.050D-03 -5.740D-01
 -1.988D-04 -4.334D-01
 -4.317D-03 -3.076D-01
 -2.193D-04 -3.625D-01
 -6.336D-06  5.376D-01
 -6.908D-06 -3.272D-01
 -7.672D-06 -1.561D+00
 -8.857D-06 -2.420D+00
 -8.482D-06 -1.415D+00
 -1.008D-05 -7.686D-01
 -1.003D-05  2.594D-02
 -1.383D-05 -1.471D-01
 -1.337D-05  7.977D-01
 -2.035D-05 -6.514D-02
 -1.777D-05  1.118D+00
 -3.090D-05 -2.286D-01
 -2.348D-05  1.238D+00
 -4.789D-05 -6.002D-01
 -3.061D-05  1.256D+00
 -7.567D-05 -1.231D+00
 -3.937D-05  1.213D+00
 -1.200D-04 -1.727D+00
 -4.995D-05  1.130D+00
 -1.958D-04 -2.314D+00
 -6.250D-05  1.020D+00
 -2.981D-04 -2.068D+00
 -7.739D-05  8.876D-01
 -4.542D-04 -1.711D+00
 -9.444D-05  7.501D-01
 -7.087D-04 -1.400D+00
 -1.134D-04  6.209D-01
 -1.141D-03 -1.055D+00
 -1.336D-04  5.189D-01
 -1.963D-03 -6.606D-01
 -1.534D-04  4.769D-01
 -4.133D-03 -3.615D-01
 -1.687D-04  5.699D-01
 -5.815D-06  5.315D-01
 -6.088D-06 -4.089D-01
 -6.589D-06 -1.745D+00
 -6.377D-06 -1.749D+00
 -6.646D-06 -6.856D-01
 -6.584D-06  4.453D-01
 -8.441D-06  6.418D-01
 -8.311D-06  1.514D+00
 -1.203D-05  1.073D+00
 -1.143D-05  2.003D+00
 -1.783D-05  1.028D+00
 -1.534D-05  2.224D+00
 -2.703D-05  6.887D-01
 -2.016D-05  2.300D+00
 -4.119D-05  9.611D-02
 -2.603D-05  2.289D+00
 -6.476D-05 -4.934D-01
 -3.309D-05  2.224D+00
 -1.052D-04 -1.327D+00
 -4.141D-05  2.122D+00
 -1.713D-04 -1.877D+00
 -5.106D-05  1.999D+00
 -2.800D-04 -2.331D+00
 -6.203D-05  1.864D+00
 -4.278D-04 -1.880D+00
 -7.424D-05  1.728D+00
 -6.709D-04 -1.529D+00
 -8.747D-05  1.604D+00
 -1.088D-03 -1.182D+00
 -1.027D-04  1.517D+00
 -1.877D-03 -7.531D-01
 -1.176D-04  1.485D+00
 -3.953D-03 -4.168D-01
 -1.284D-04  1.567D+00
 -5.336D-06  5.270D-01
 -5.425D-06 -4.948D-01
 -5.481D-06 -1.992D+00
 -5.029D-06 -1.376D+00
 -4.538D-06  3.867D-01
 -5.295D-06  1.125D+00
 -5.543D-06  2.095D+00
 -7.399D-06  1.950D+00
 -7.457D-06  2.808D+00
 -1.085D-05  2.133D+00
 -1.013D-05  3.106D+00
 -1.594D-05  1.957D+00
 -1.373D-05  3.208D+00
 -2.313D-05  1.541D+00
 -1.795D-05  3.233D+00
 -3.578D-05  9.855D-01
 -2.284D-05  3.207D+00
 -5.589D-05  1.703D-01
 -2.842D-05  3.150D+00
 -9.011D-05 -6.221D-01
 -3.467D-05  3.074D+00
 -1.504D-04 -1.618D+00
 -4.214D-05  2.970D+00
 -2.536D-04 -2.223D+00
 -5.135D-05  2.841D+00
 -4.016D-04 -2.066D+00
 -6.166D-05  2.714D+00
 -6.322D-04 -1.657D+00
 -7.291D-05  2.600D+00
 -1.032D-03 -1.291D+00
 -8.469D-05  2.515D+00
 -1.791D-03 -8.524D-01
 -9.616D-05  2.485D+00
 -3.777D-03 -4.737D-01
 -1.051D-04  2.571D+00
 -4.916D-06  5.218D-01
 -4.790D-06 -5.925D-01
 -4.679D-06 -2.261D+00
 -3.542D-06 -3.888D-01
 -3.570D-06  1.144D+00
 -3.714D-06  2.413D+00
 -4.716D-06  2.644D+00
 -5.225D-06  3.368D+00
 -6.811D-06  3.077D+00
 -7.329D-06  3.784D+00
 -9.957D-06  3.081D+00
 -9.826D-06  3.995D+00
 -1.438D-05  2.852D+00
 -1.287D-05  4.078D+00
 -2.131D-05  2.405D+00
 -1.656D-05  4.080D+00
 -3.139D-05  1.755D+00
 -2.098D-05  4.030D+00
 -4.833D-05  9.825D-01
 -2.618D-05  3.946D+00
 -7.704D-05 -6.025D-02
 -3.220D-05  3.843D+00
 -1.299D-04 -9.879D-01
 -3.903D-05  3.730D+00
 -2.217D-04 -1.858D+00
 -4.663D-05  3.616D+00
 -3.751D-04 -2.296D+00
 -5.493D-05  3.508D+00
 -5.931D-04 -1.804D+00
 -6.379D-05  3.414D+00
 -9.761D-04 -1.411D+00
 -7.301D-05  3.345D+00
 -1.707D-03 -9.597D-01
 -8.222D-05  3.323D+00
 -3.605D-03 -5.324D-01
 -9.045D-05  3.397D+00
 -4.530D-06  5.180D-01
 -4.271D-06 -6.960D-01
 -3.714D-06 -2.146D+00
 -2.762D-06  3.175D-01
 -2.592D-06  2.301D+00
 -3.071D-06  3.027D+00
 -3.613D-06  3.800D+00
 -4.740D-06  3.733D+00
 -5.434D-06  4.271D+00
 -6.887D-06  3.938D+00
 -7.821D-06  4.448D+00
 -9.974D-06  3.832D+00
 -1.057D-05  4.542D+00
 -1.426D-05  3.536D+00
 -1.378D-05  4.572D+00
 -1.967D-05  3.131D+00
 -1.752D-05  4.557D+00
 -2.835D-05  2.534D+00
 -2.179D-05  4.514D+00
 -4.218D-05  1.697D+00
 -2.661D-05  4.454D+00
 -6.703D-05  7.304D-01
 -3.192D-05  4.387D+00
 -1.109D-04 -4.114D-01
 -3.768D-05  4.320D+00
 -1.946D-04 -1.637D+00
 -4.380D-05  4.257D+00
 -3.458D-04 -2.414D+00
 -5.020D-05  4.202D+00
 -5.553D-04 -1.954D+00
 -5.685D-05  4.160D+00
 -9.201D-04 -1.530D+00
 -6.377D-05  4.133D+00
 -1.625D-03 -1.077D+00
 -7.119D-05  4.126D+00
 -3.438D-03 -5.930D-01
 -7.948D-05  4.156D+00
 -4.188D-06  5.136D-01
 -3.776D-06 -8.167D-01
 -2.933D-06 -1.754D+00
 -1.977D-06  1.367D+00
 -2.097D-06  2.990D+00
 -2.459D-06  4.042D+00
 -3.292D-06  4.184D+00
 -4.050D-06  4.631D+00
 -5.243D-06  4.427D+00
 -6.330D-06  4.740D+00
 -7.626D-06  4.459D+00
 -9.269D-06  4.717D+00
 -1.061D-05  4.340D+00
 -1.254D-05  4.718D+00
 -1.398D-05  4.162D+00
 -1.618D-05  4.717D+00
 -1.907D-05  3.765D+00
 -2.016D-05  4.713D+00
 -2.643D-05  3.181D+00
 -2.443D-05  4.709D+00
 -3.802D-05  2.430D+00
 -2.892D-05  4.710D+00
 -5.724D-05  1.401D+00
 -3.353D-05  4.720D+00
 -9.584D-05  2.052D-01
 -3.815D-05  4.740D+00
 -1.676D-04 -1.007D+00
 -4.268D-05  4.774D+00
 -3.019D-04 -2.018D+00
 -4.864D-05  4.734D+00
 -5.179D-04 -2.128D+00
 -5.598D-05  4.650D+00
 -8.641D-04 -1.637D+00
 -6.353D-05  4.593D+00
 -1.544D-03 -1.201D+00
 -7.099D-05  4.578D+00
 -3.276D-03 -6.558D-01
 -7.754D-05  4.648D+00
 -3.872D-06  5.104D-01
 -3.368D-06 -9.466D-01
 -2.224D-06 -1.197D+00
 -1.612D-06  2.139D+00
 -1.739D-06  3.880D+00
 -2.379D-06  4.328D+00
 -3.125D-06  4.729D+00
 -4.026D-06  4.728D+00
 -5.433D-06  4.766D+00
 -6.418D-06  4.698D+00
 -8.595D-06  4.634D+00
 -8.982D-06  4.696D+00
 -1.271D-05  4.454D+00
 -1.145D-05  4.733D+00
 -1.708D-05  4.394D+00
 -1.480D-05  4.571D+00
 -2.158D-05  4.400D+00
 -1.936D-05  4.228D+00
 -2.609D-05  4.448D+00
 -2.514D-05  3.783D+00
 -3.045D-05  4.530D+00
 -3.465D-05  3.060D+00
 -3.451D-05  4.643D+00
 -5.178D-05  2.102D+00
 -3.812D-05  4.784D+00
 -8.264D-05  9.042D-01
 -4.371D-05  4.776D+00
 -1.434D-04 -4.716D-01
 -5.010D-05  4.737D+00
 -2.646D-04 -1.763D+00
 -5.671D-05  4.708D+00
 -4.814D-04 -2.337D+00
 -6.354D-05  4.690D+00
 -8.088D-04 -1.756D+00
 -7.069D-05  4.680D+00
 -1.459D-03 -1.288D+00
 -7.842D-05  4.677D+00
 -3.119D-03 -7.210D-01
 -8.723D-05  4.689D+00
 -3.591D-06  5.068D-01
 -2.981D-06 -1.102D+00
 -1.719D-06 -5.129D-01
 -1.248D-06  3.065D+00
 -1.627D-06  4.267D+00
 -2.353D-06  4.689D+00
 -3.273D-06  4.708D+00
 -5.126D-06  4.365D+00
 -5.762D-06  4.612D+00
 -9.397D-06  3.950D+00
 -8.819D-06  4.500D+00
 -1.426D-05  3.789D+00
 -1.124D-05  4.669D+00
 -1.965D-05  3.724D+00
 -1.395D-05  4.730D+00
 -2.549D-05  3.707D+00
 -1.712D-05  4.667D+00
 -3.165D-05  3.719D+00
 -1.956D-05  4.668D+00
 -3.803D-05  3.753D+00
 -2.539D-05  4.202D+00
 -4.451D-05  3.802D+00
 -3.323D-05  3.608D+00
 -5.100D-05  3.865D+00
 -4.572D-05  2.753D+00
 -5.738D-05  3.939D+00
 -7.138D-05  1.526D+00
 -6.360D-05  4.023D+00
 -1.237D-04  8.858D-02
 -6.965D-05  4.112D+00
 -2.306D-04 -1.382D+00
 -7.562D-05  4.202D+00
 -4.445D-04 -2.493D+00
 -8.178D-05  4.285D+00
 -7.550D-04 -1.885D+00
 -8.875D-05  4.344D+00
 -1.376D-03 -1.382D+00
 -9.786D-05  4.353D+00
 -2.967D-03 -7.890D-01
 -1.123D-04  4.258D+00
 -3.332D-06  5.043D-01
 -2.647D-06 -1.220D+00
 -1.295D-06  2.819D-01
 -1.095D-06  3.656D+00
 -1.553D-06  4.692D+00
 -2.387D-06  4.769D+00
 -4.540D-06  3.994D+00
 -5.926D-06  3.967D+00
 -9.006D-06  3.549D+00
 -9.882D-06  3.770D+00
 -1.425D-05  3.382D+00
 -1.386D-05  3.779D+00
 -2.023D-05  3.309D+00
 -1.738D-05  3.917D+00
 -2.686D-05  3.280D+00
 -1.973D-05  4.195D+00
 -3.407D-05  3.277D+00
 -1.973D-05  4.715D+00
 -4.175D-05  3.291D+00
 -2.306D-05  4.644D+00
 -4.981D-05  3.317D+00
 -2.543D-05  4.611D+00
 -5.815D-05  3.352D+00
 -3.200D-05  4.091D+00
 -6.669D-05  3.395D+00
 -4.376D-05  3.269D+00
 -7.536D-05  3.444D+00
 -6.426D-05  2.185D+00
 -8.409D-05  3.497D+00
 -1.069D-04  7.553D-01
 -9.292D-05  3.552D+00
 -1.978D-04 -8.144D-01
 -1.019D-04  3.605D+00
 -3.883D-04 -2.114D+00
 -1.113D-04  3.653D+00
 -7.037D-04 -2.017D+00
 -1.217D-04  3.685D+00
 -1.295D-03 -1.485D+00
 -1.342D-04  3.688D+00
 -2.821D-03 -8.601D-01
 -1.515D-04  3.629D+00
 -3.099D-06  5.013D-01
 -2.326D-06 -1.337D+00
 -1.014D-06  1.051D+00
 -9.762D-07  4.257D+00
 -1.625D-06  4.711D+00
 -3.481D-06  3.857D+00
 -5.192D-06  3.636D+00
 -7.917D-06  3.291D+00
 -9.544D-06  3.362D+00
 -1.327D-05  3.102D+00
 -1.432D-05  3.304D+00
 -1.951D-05  3.019D+00
 -1.920D-05  3.345D+00
 -2.658D-05  2.982D+00
 -2.372D-05  3.462D+00
 -3.441D-05  2.970D+00
 -2.722D-05  3.666D+00
 -4.291D-05  2.972D+00
 -2.876D-05  4.003D+00
 -5.200D-05  2.985D+00
 -2.672D-05  4.608D+00
 -6.161D-05  3.006D+00
 -2.914D-05  4.616D+00
 -7.165D-05  3.033D+00
 -3.271D-05  4.420D+00
 -8.204D-05  3.064D+00
 -4.038D-05  3.825D+00
 -9.272D-05  3.099D+00
 -5.643D-05  2.790D+00
 -1.037D-04  3.137D+00
 -9.138D-05  1.333D+00
 -1.149D-04  3.175D+00
 -1.697D-04 -3.637D-01
 -1.264D-04  3.211D+00
 -3.407D-04 -1.859D+00
 -1.386D-04  3.242D+00
 -6.536D-04 -2.171D+00
 -1.519D-04  3.262D+00
 -1.216D-03 -1.580D+00
 -1.672D-04  3.262D+00
 -2.679D-03 -9.347D-01
 -1.870D-04  3.220D+00
 -2.884D-06  4.995D-01
 -2.058D-06 -1.465D+00
 -7.904D-07  1.901D+00
 -8.788D-07  4.723D+00
 -2.196D-06  4.009D+00
 -3.994D-06  3.497D+00
 -6.435D-06  3.134D+00
 -8.414D-06  3.105D+00
 -1.169D-05  2.901D+00
 -1.354D-05  2.998D+00
 -1.795D-05  2.805D+00
 -1.913D-05  2.990D+00
 -2.518D-05  2.759D+00
 -2.488D-05  3.041D+00
 -3.330D-05  2.740D+00
 -3.034D-05  3.143D+00
 -4.226D-05  2.735D+00
 -3.490D-05  3.305D+00
 -5.199D-05  2.740D+00
 -3.769D-05  3.555D+00
 -6.242D-05  2.752D+00
 -3.740D-05  3.959D+00
 -7.346D-05  2.769D+00
 -3.167D-05  4.728D+00
 -8.505D-05  2.790D+00
 -3.457D-05  4.609D+00
 -9.712D-05  2.814D+00
 -4.090D-05  4.148D+00
 -1.096D-04  2.840D+00
 -5.442D-05  3.259D+00
 -1.225D-04  2.868D+00
 -8.259D-05  1.954D+00
 -1.359D-04  2.896D+00
 -1.475D-04  2.356D-01
 -1.497D-04  2.922D+00
 -2.990D-04 -1.627D+00
 -1.643D-04  2.944D+00
 -6.061D-04 -2.351D+00
 -1.800D-04  2.957D+00
 -1.139D-03 -1.668D+00
 -1.978D-04  2.955D+00
 -2.543D-03 -1.013D+00
 -2.199D-04  2.922D+00
 -2.690D-06  4.972D-01
 -1.801D-06 -1.572D+00
 -6.441D-07  2.612D+00
 -9.744D-07  4.668D+00
 -2.596D-06  3.579D+00
 -4.775D-06  3.073D+00
 -6.855D-06  2.947D+00
 -9.772D-06  2.758D+00
 -1.201D-05  2.786D+00
 -1.587D-05  2.640D+00
 -1.790D-05  2.744D+00
 -2.303D-05  2.586D+00
 -2.430D-05  2.758D+00
 -3.121D-05  2.560D+00
 -3.090D-05  2.810D+00
 -4.035D-05  2.550D+00
 -3.726D-05  2.900D+00
 -5.040D-05  2.549D+00
 -4.280D-05  3.035D+00
 -6.129D-05  2.555D+00
 -4.671D-05  3.234D+00
 -7.296D-05  2.565D+00
 -4.783D-05  3.537D+00
 -8.533D-05  2.579D+00
 -4.431D-05  4.045D+00
 -9.835D-05  2.596D+00
 -3.866D-05  4.616D+00
 -1.120D-04  2.615D+00
 -4.019D-05  4.518D+00
 -1.261D-04  2.636D+00
 -4.987D-05  3.788D+00
 -1.408D-04  2.657D+00
 -7.311D-05  2.530D+00
 -1.560D-04  2.678D+00
 -1.275D-04  8.283D-01
 -1.719D-04  2.697D+00
 -2.578D-04 -1.065D+00
 -1.886D-04  2.713D+00
 -5.627D-04 -2.566D+00
 -2.065D-04  2.722D+00
 -1.065D-03 -1.764D+00
 -2.265D-04  2.719D+00
 -2.413D-03 -1.096D+00
 -2.505D-04  2.692D+00
 -2.511D-06  4.959D-01
 -1.584D-06 -1.685D+00
 -5.483D-07  3.296D+00
 -1.161D-06  4.267D+00
 -3.095D-06  3.155D+00
 -5.114D-06  2.877D+00
 -7.711D-06  2.666D+00
 -1.008D-05  2.638D+00
 -1.350D-05  2.514D+00
 -1.597D-05  2.565D+00
 -2.043D-05  2.448D+00
 -2.262D-05  2.553D+00
 -2.846D-05  2.416D+00
 -2.980D-05  2.576D+00
 -3.757D-05  2.400D+00
 -3.721D-05  2.627D+00
 -4.768D-05  2.395D+00
 -4.443D-05  2.707D+00
 -5.876D-05  2.396D+00
 -5.090D-05  2.822D+00
 -7.075D-05  2.402D+00
 -5.586D-05  2.987D+00
 -8.357D-05  2.411D+00
 -5.822D-05  3.227D+00
 -9.718D-05  2.423D+00
 -5.637D-05  3.605D+00
 -1.115D-04  2.437D+00
 -4.750D-05  4.297D+00
 -1.265D-04  2.452D+00
 -4.437D-05  4.544D+00
 -1.422D-04  2.468D+00
 -5.022D-05  4.088D+00
 -1.585D-04  2.485D+00
 -6.795D-05  3.015D+00
 -1.754D-04  2.501D+00
 -1.100D-04  1.371D+00
 -1.931D-04  2.515D+00
 -2.223D-04 -6.131D-01
 -2.117D-04  2.527D+00
 -4.965D-04 -2.275D+00
 -2.315D-04  2.533D+00
 -9.927D-04 -1.868D+00
 -2.534D-04  2.529D+00
 -2.287D-03 -1.185D+00
 -2.792D-04  2.506D+00
 -2.348D-06  4.942D-01
 -1.381D-06 -1.816D+00
 -4.621D-07  3.925D+00
 -1.502D-06  3.627D+00
 -3.361D-06  2.930D+00
 -5.653D-06  2.630D+00
 -7.975D-06  2.542D+00
 -1.101D-05  2.420D+00
 -1.365D-05  2.431D+00
 -1.758D-05  2.337D+00
 -2.027D-05  2.398D+00
 -2.533D-05  2.297D+00
 -2.766D-05  2.401D+00
 -3.422D-05  2.277D+00
 -3.560D-05  2.428D+00
 -4.421D-05  2.268D+00
 -4.379D-05  2.477D+00
 -5.526D-05  2.266D+00
 -5.182D-05  2.548D+00
 -6.731D-05  2.268D+00
 -5.917D-05  2.648D+00
 -8.032D-05  2.274D+00
 -6.511D-05  2.787D+00
 -9.422D-05  2.281D+00
 -6.861D-05  2.986D+00
 -1.090D-04  2.291D+00
 -6.820D-05  3.285D+00
 -1.245D-04  2.302D+00
 -6.153D-05  3.785D+00
 -1.408D-04  2.315D+00
 -4.786D-05  4.606D+00
 -1.578D-04  2.327D+00
 -4.923D-05  4.431D+00
 -1.756D-04  2.340D+00
 -6.352D-05  3.485D+00
 -1.940D-04  2.353D+00
 -9.907D-05  1.954D+00
 -2.133D-04  2.364D+00
 -1.920D-04 -1.620D-01
 -2.335D-04  2.372D+00
 -4.366D-04 -2.008D+00
 -2.551D-04  2.376D+00
 -9.251D-04 -1.968D+00
 -2.787D-04  2.372D+00
 -2.167D-03 -1.279D+00
 -3.059D-04  2.352D+00
 -2.197D-06  4.934D-01
 -1.212D-06 -1.944D+00
 -4.423D-07  4.299D+00
 -1.715D-06  3.285D+00
 -3.706D-06  2.686D+00
 -5.870D-06  2.500D+00
 -8.561D-06  2.358D+00
 -1.118D-05  2.333D+00
 -1.467D-05  2.248D+00
 -1.755D-05  2.277D+00
 -2.201D-05  2.199D+00
 -2.488D-05  2.264D+00
 -3.055D-05  2.174D+00
 -3.299D-05  2.275D+00
 -4.026D-05  2.161D+00
 -4.165D-05  2.304D+00
 -5.110D-05  2.156D+00
 -5.058D-05  2.349D+00
 -6.302D-05  2.155D+00
 -5.940D-05  2.414D+00
 -7.599D-05  2.158D+00
 -6.759D-05  2.502D+00
 -8.996D-05  2.163D+00
 -7.444D-05  2.622D+00
 -1.049D-04  2.170D+00
 -7.899D-05  2.790D+00
 -1.207D-04  2.178D+00
 -7.988D-05  3.035D+00
 -1.373D-04  2.187D+00
 -7.499D-05  3.424D+00
 -1.548D-04  2.197D+00
 -6.061D-05  4.154D+00
 -1.730D-04  2.207D+00
 -5.283D-05  4.500D+00
 -1.921D-04  2.217D+00
 -5.961D-05  3.912D+00
 -2.119D-04  2.227D+00
 -8.776D-05  2.485D+00
 -2.326D-04  2.235D+00
 -1.672D-04  4.323D-01
 -2.543D-04  2.241D+00
 -3.856D-04 -1.825D+00
 -2.774D-04  2.243D+00
 -8.601D-04 -2.078D+00
 -3.024D-04  2.239D+00
 -2.045D-03 -1.345D+00
 -3.310D-04  2.221D+00
 -2.060D-06  4.924D-01
 -1.052D-06 -2.102D+00
 -4.217D-07  4.591D+00
 -1.947D-06  2.970D+00
 -3.882D-06  2.539D+00
 -6.237D-06  2.334D+00
 -8.709D-06  2.267D+00
 -1.181D-05  2.181D+00
 -1.470D-05  2.183D+00
 -1.865D-05  2.118D+00
 -2.176D-05  2.155D+00
 -2.674D-05  2.086D+00
 -2.977D-05  2.154D+00
 -3.605D-05  2.070D+00
 -3.856D-05  2.169D+00
 -4.654D-05  2.062D+00
 -4.792D-05  2.197D+00
 -5.819D-05  2.059D+00
 -5.757D-05  2.240D+00
 -7.094D-05  2.059D+00
 -6.712D-05  2.298D+00
 -8.477D-05  2.062D+00
 -7.609D-05  2.376D+00
 -9.962D-05  2.066D+00
 -8.381D-05  2.482D+00
 -1.155D-04  2.072D+00
 -8.935D-05  2.626D+00
 -1.322D-04  2.079D+00
 -9.142D-05  2.833D+00
 -1.499D-04  2.086D+00
 -8.809D-05  3.148D+00
 -1.684D-04  2.094D+00
 -7.621D-05  3.693D+00
 -1.878D-04  2.102D+00
 -5.711D-05  4.528D+00
 -2.080D-04  2.110D+00
 -6.025D-05  4.164D+00
 -2.290D-04  2.118D+00
 -8.158D-05  2.936D+00
 -2.510D-04  2.124D+00
 -1.449D-04  9.448D-01
 -2.740D-04  2.128D+00
 -3.368D-04 -1.442D+00
 -2.984D-04  2.129D+00
 -7.976D-04 -2.203D+00
 -3.247D-04  2.124D+00
 -1.929D-03 -1.412D+00
 -3.544D-04  2.108D+00
 -1.932D-06  4.921D-01
 -9.209D-07 -2.283D+00
 -4.473D-07  4.603D+00
 -2.092D-06  2.770D+00
 -4.117D-06  2.375D+00
 -6.365D-06  2.239D+00
 -9.098D-06  2.135D+00
 -1.186D-05  2.112D+00
 -1.538D-05  2.051D+00
 -1.852D-05  2.068D+00
 -2.293D-05  2.012D+00
 -2.624D-05  2.055D+00
 -3.174D-05  1.992D+00
 -3.491D-05  2.059D+00
 -4.179D-05  1.981D+00
 -4.436D-05  2.076D+00
 -5.303D-05  1.976D+00
 -5.438D-05  2.104D+00
 -6.543D-05  1.974D+00
 -6.470D-05  2.144D+00
 -7.897D-05  1.975D+00
 -7.495D-05  2.197D+00
 -9.360D-05  1.977D+00
 -8.467D-05  2.267D+00
 -1.093D-04  1.981D+00
 -9.319D-05  2.360D+00
 -1.260D-04  1.986D+00
 -9.966D-05  2.486D+00
 -1.436D-04  1.991D+00
 -1.028D-04  2.663D+00
 -1.622D-04  1.997D+00
 -1.009D-04  2.927D+00
 -1.817D-04  2.004D+00
 -9.106D-05  3.358D+00
 -2.020D-04  2.010D+00
 -6.790D-05  4.238D+00
 -2.233D-04  2.016D+00
 -5.747D-05  4.528D+00
 -2.454D-04  2.022D+00
 -7.616D-05  3.375D+00
 -2.685D-04  2.026D+00
 -1.277D-04  1.462D+00
 -2.926D-04  2.029D+00
 -2.921D-04 -9.760D-01
 -3.182D-04  2.029D+00
 -7.397D-04 -2.343D+00
 -3.456D-04  2.023D+00
 -1.817D-03 -1.482D+00
 -3.762D-04  2.008D+00
 -1.816D-06  4.915D-01
 -7.839D-07 -2.284D+00
 -5.380D-07  4.160D+00
 -2.252D-06  2.572D+00
 -4.226D-06  2.269D+00
 -6.606D-06  2.118D+00
 -9.157D-06  2.064D+00
 -1.227D-05  1.999D+00
 -1.531D-05  1.998D+00
 -1.924D-05  1.949D+00
 -2.261D-05  1.974D+00
 -2.748D-05  1.924D+00
 -3.097D-05  1.969D+00
 -3.699D-05  1.910D+00
 -4.027D-05  1.977D+00
 -4.773D-05  1.903D+00
 -5.034D-05  1.995D+00
 -5.968D-05  1.899D+00
 -6.099D-05  2.022D+00
 -7.281D-05  1.898D+00
 -7.195D-05  2.059D+00
 -8.707D-05  1.899D+00
 -8.286D-05  2.107D+00
 -1.024D-04  1.901D+00
 -9.326D-05  2.170D+00
 -1.189D-04  1.904D+00
 -1.026D-04  2.253D+00
 -1.363D-04  1.908D+00
 -1.099D-04  2.365D+00
 -1.548D-04  1.913D+00
 -1.141D-04  2.519D+00
 -1.742D-04  1.918D+00
 -1.134D-04  2.743D+00
 -1.946D-04  1.923D+00
 -1.054D-04  3.097D+00
 -2.158D-04  1.928D+00
 -8.539D-05  3.754D+00
 -2.380D-04  1.932D+00
 -6.488D-05  4.425D+00
 -2.610D-04  1.936D+00
 -7.011D-05  3.813D+00
 -2.851D-04  1.940D+00
 -1.146D-04  1.984D+00
 -3.103D-04  1.941D+00
 -2.534D-04 -5.896D-01
 -3.368D-04  1.940D+00
 -6.859D-04 -2.505D+00
 -3.652D-04  1.934D+00
 -1.709D-03 -1.556D+00
 -3.966D-04  1.920D+00
 -1.707D-06  4.916D-01
 -6.475D-07 -1.931D+00
 -6.695D-07  3.607D+00
 -2.349D-06  2.435D+00
 -4.381D-06  2.149D+00
 -6.665D-06  2.043D+00
 -9.400D-06  1.963D+00
 -1.224D-05  1.943D+00
 -1.573D-05  1.897D+00
 -1.902D-05  1.906D+00
 -2.336D-05  1.865D+00
 -2.695D-05  1.894D+00
 -3.228D-05  1.848D+00
 -3.592D-05  1.895D+00
 -4.245D-05  1.838D+00
 -4.581D-05  1.905D+00
 -5.386D-05  1.833D+00
 -5.648D-05  1.923D+00
 -6.647D-05  1.831D+00
 -6.772D-05  1.948D+00
 -8.027D-05  1.830D+00
 -7.927D-05  1.982D+00
 -9.521D-05  1.831D+00
 -9.080D-05  2.026D+00
 -1.113D-04  1.833D+00
 -1.019D-04  2.084D+00
 -1.284D-04  1.835D+00
 -1.119D-04  2.159D+00
 -1.466D-04  1.838D+00
 -1.200D-04  2.258D+00
 -1.658D-04  1.842D+00
 -1.251D-04  2.394D+00
 -1.859D-04  1.846D+00
 -1.257D-04  2.588D+00
 -2.070D-04  1.850D+00
 -1.192D-04  2.885D+00
 -2.291D-04  1.853D+00
 -1.018D-04  3.405D+00
 -2.520D-04  1.857D+00
 -6.772D-05  4.512D+00
 -2.760D-04  1.860D+00
 -7.108D-05  4.031D+00
 -3.009D-04  1.862D+00
 -1.011D-04  2.478D+00
 -3.269D-04  1.862D+00
 -2.207D-04 -1.391D-01
 -3.543D-04  1.860D+00
 -6.252D-04 -2.523D+00
 -3.834D-04  1.854D+00
 -1.606D-03 -1.623D+00
 -4.155D-04  1.841D+00
 -1.608D-06  4.916D-01
 -5.343D-07 -1.675D+00
 -7.634D-07  3.265D+00
 -2.458D-06  2.296D+00
 -4.440D-06  2.067D+00
 -6.811D-06  1.950D+00
 -9.392D-06  1.906D+00
 -1.248D-05  1.855D+00
 -1.559D-05  1.851D+00
 -1.946D-05  1.814D+00
 -2.299D-05  1.830D+00
 -2.773D-05  1.793D+00
 -3.150D-05  1.825D+00
 -3.728D-05  1.781D+00
 -4.105D-05  1.829D+00
 -4.808D-05  1.774D+00
 -5.152D-05  1.840D+00
 -6.012D-05  1.770D+00
 -6.274D-05  1.857D+00
 -7.336D-05  1.769D+00
 -7.454D-05  1.881D+00
 -8.778D-05  1.768D+00
 -8.665D-05  1.913D+00
 -1.033D-04  1.769D+00
 -9.875D-05  1.954D+00
 -1.200D-04  1.770D+00
 -1.104D-04  2.006D+00
 -1.378D-04  1.772D+00
 -1.211D-04  2.073D+00
 -1.566D-04  1.775D+00
 -1.300D-04  2.162D+00
 -1.765D-04  1.777D+00
 -1.360D-04  2.283D+00
 -1.973D-04  1.780D+00
 -1.377D-04  2.453D+00
 -2.191D-04  1.783D+00
 -1.327D-04  2.708D+00
 -2.418D-04  1.786D+00
 -1.174D-04  3.135D+00
 -2.655D-04  1.788D+00
 -8.461D-05  4.037D+00
 -2.902D-04  1.790D+00
 -6.792D-05  4.366D+00
 -3.158D-04  1.791D+00
 -9.507D-05  2.881D+00
 -3.426D-04  1.790D+00
 -1.935D-04  3.831D-01
 -3.707D-04  1.788D+00
 -5.525D-04 -2.237D+00
 -4.005D-04  1.782D+00
 -1.507D-03 -1.681D+00
 -4.331D-04  1.769D+00
 -1.515D-06  4.921D-01
 -4.399D-07 -1.269D+00
 -8.539D-07  2.977D+00
 -2.519D-06  2.195D+00
 -4.534D-06  1.975D+00
 -6.818D-06  1.890D+00
 -9.525D-06  1.826D+00
 -1.239D-05  1.808D+00
 -1.583D-05  1.771D+00
 -1.919D-05  1.776D+00
 -2.343D-05  1.744D+00
 -2.717D-05  1.765D+00
 -3.231D-05  1.730D+00
 -3.625D-05  1.764D+00
 -4.247D-05  1.721D+00
 -4.635D-05  1.769D+00
 -5.387D-05  1.716D+00
 -5.735D-05  1.781D+00
 -6.649D-05  1.713D+00
 -6.910D-05  1.798D+00
 -8.032D-05  1.712D+00
 -8.141D-05  1.820D+00
 -9.532D-05  1.712D+00
 -9.404D-05  1.850D+00
 -1.115D-04  1.712D+00
 -1.067D-04  1.887D+00
 -1.287D-04  1.713D+00
 -1.189D-04  1.935D+00
 -1.471D-04  1.715D+00
 -1.302D-04  1.996D+00
 -1.665D-04  1.716D+00
 -1.398D-04  2.077D+00
 -1.869D-04  1.718D+00
 -1.466D-04  2.184D+00
 -2.083D-04  1.720D+00
 -1.493D-04  2.335D+00
 -2.307D-04  1.722D+00
 -1.457D-04  2.557D+00
 -2.541D-04  1.724D+00
 -1.323D-04  2.916D+00
 -2.784D-04  1.725D+00
 -1.031D-04  3.614D+00
 -3.036D-04  1.726D+00
 -7.337D-05  4.356D+00
 -3.299D-04  1.726D+00
 -8.835D-05  3.293D+00
 -3.573D-04  1.725D+00
 -1.685D-04  8.485D-01
 -3.860D-04  1.722D+00
 -4.914D-04 -2.028D+00
 -4.164D-04  1.715D+00
 -1.413D-03 -1.743D+00
 -4.494D-04  1.703D+00
 -1.430D-06  4.924D-01
 -3.574D-07 -7.221D-01
 -9.193D-07  2.771D+00
 -2.589D-06  2.090D+00
 -4.554D-06  1.909D+00
 -6.893D-06  1.815D+00
 -9.466D-06  1.777D+00
 -1.250D-05  1.737D+00
 -1.563D-05  1.732D+00
 -1.942D-05  1.702D+00
 -2.301D-05  1.713D+00
 -2.761D-05  1.684D+00
 -3.154D-05  1.707D+00
 -3.708D-05  1.674D+00
 -4.116D-05  1.708D+00
 -4.781D-05  1.667D+00
 -5.178D-05  1.715D+00
 -5.977D-05  1.663D+00
 -6.328D-05  1.727D+00
 -7.295D-05  1.661D+00
 -7.552D-05  1.743D+00
 -8.732D-05  1.660D+00
 -8.832D-05  1.764D+00
 -1.029D-04  1.660D+00
 -1.014D-04  1.791D+00
 -1.195D-04  1.660D+00
 -1.146D-04  1.826D+00
 -1.373D-04  1.661D+00
 -1.273D-04  1.870D+00
 -1.562D-04  1.661D+00
 -1.392D-04  1.926D+00
 -1.761D-04  1.663D+00
 -1.494D-04  1.999D+00
 -1.970D-04  1.664D+00
 -1.570D-04  2.096D+00
 -2.190D-04  1.665D+00
 -1.607D-04  2.230D+00
 -2.419D-04  1.666D+00
 -1.583D-04  2.425D+00
 -2.658D-04  1.667D+00
 -1.467D-04  2.733D+00
 -2.906D-04  1.668D+00
 -1.203D-04  3.298D+00
 -3.164D-04  1.668D+00
 -7.758D-05  4.385D+00
 -3.433D-04  1.667D+00
 -8.091D-05  3.710D+00
 -3.712D-04  1.665D+00
 -1.486D-04  1.318D+00
 -4.004D-04  1.661D+00
 -4.365D-04 -1.870D+00
 -4.312D-04  1.655D+00
 -1.322D-03 -1.809D+00
 -4.645D-04  1.643D+00
 -1.350D-06  4.933D-01
 -2.914D-07 -2.854D-01
 -9.829D-07  2.584D+00
 -2.621D-06  2.010D+00
 -4.602D-06  1.835D+00
 -6.861D-06  1.764D+00
 -9.518D-06  1.713D+00
 -1.236D-05  1.696D+00
 -1.573D-05  1.666D+00
 -1.910D-05  1.669D+00
 -2.322D-05  1.643D+00
 -2.702D-05  1.658D+00
 -3.199D-05  1.631D+00
 -3.608D-05  1.655D+00
 -4.201D-05  1.623D+00
 -4.621D-05  1.658D+00
 -5.328D-05  1.618D+00
 -5.732D-05  1.666D+00
 -6.577D-05  1.615D+00
 -6.929D-05  1.677D+00
 -7.946D-05  1.613D+00
 -8.198D-05  1.692D+00
 -9.433D-05  1.612D+00
 -9.523D-05  1.712D+00
 -1.104D-04  1.611D+00
 -1.088D-04  1.737D+00
 -1.275D-04  1.611D+00
 -1.224D-04  1.769D+00
 -1.458D-04  1.612D+00
 -1.356D-04  1.809D+00
 -1.651D-04  1.612D+00
 -1.480D-04  1.861D+00
 -1.855D-04  1.613D+00
 -1.588D-04  1.927D+00
 -2.069D-04  1.613D+00
 -1.672D-04  2.015D+00
 -2.293D-04  1.614D+00
 -1.717D-04  2.136D+00
 -2.527D-04  1.614D+00
 -1.705D-04  2.309D+00
 -2.770D-04  1.614D+00
 -1.605D-04  2.577D+00
 -3.023D-04  1.614D+00
 -1.366D-04  3.048D+00
 -3.285D-04  1.613D+00
 -8.788D-05  4.182D+00
 -3.558D-04  1.612D+00
 -8.174D-05  3.906D+00
 -3.841D-04  1.609D+00
 -1.343D-04  1.792D+00
 -4.137D-04  1.605D+00
 -3.839D-04 -1.523D+00
 -4.449D-04  1.598D+00
 -1.236D-03 -1.876D+00
 -4.784D-04  1.587D+00
 -1.277D-06  4.940D-01
 -2.400D-07  3.354D-01
 -1.028D-06  2.442D+00
 -2.662D-06  1.928D+00
 -4.594D-06  1.780D+00
 -6.883D-06  1.703D+00
 -9.421D-06  1.671D+00
 -1.239D-05  1.637D+00
 -1.549D-05  1.631D+00
 -1.917D-05  1.608D+00
 -2.277D-05  1.615D+00
 -2.722D-05  1.592D+00
 -3.122D-05  1.608D+00
 -3.653D-05  1.582D+00
 -4.077D-05  1.608D+00
 -4.708D-05  1.576D+00
 -5.138D-05  1.612D+00
 -5.885D-05  1.572D+00
 -6.294D-05  1.620D+00
 -7.183D-05  1.570D+00
 -7.534D-05  1.631D+00
 -8.600D-05  1.568D+00
 -8.846D-05  1.645D+00
 -1.013D-04  1.567D+00
 -1.021D-04  1.664D+00
 -1.178D-04  1.566D+00
 -1.161D-04  1.687D+00
 -1.354D-04  1.566D+00
 -1.301D-04  1.717D+00
 -1.541D-04  1.566D+00
 -1.438D-04  1.754D+00
 -1.738D-04  1.566D+00
 -1.566D-04  1.801D+00
 -1.946D-04  1.566D+00
 -1.680D-04  1.862D+00
 -2.164D-04  1.566D+00
 -1.770D-04  1.942D+00
 -2.392D-04  1.566D+00
 -1.824D-04  2.051D+00
 -2.630D-04  1.566D+00
 -1.822D-04  2.206D+00
 -2.877D-04  1.565D+00
 -1.737D-04  2.441D+00
 -3.134D-04  1.564D+00
 -1.521D-04  2.843D+00
 -3.400D-04  1.563D+00
 -1.080D-04  3.716D+00
 -3.676D-04  1.561D+00
 -7.843D-05  4.203D+00
 -3.963D-04  1.558D+00
 -1.196D-04  2.240D+00
 -4.262D-04  1.553D+00
 -3.373D-04 -1.120D+00
 -4.576D-04  1.546D+00
 -1.156D-03 -1.937D+00
 -4.912D-04  1.535D+00
 -1.208D-06  4.952D-01
 -1.986D-07  8.883D-01
 -1.071D-06  2.308D+00
 -2.673D-06  1.863D+00
 -4.607D-06  1.719D+00
 -6.822D-06  1.659D+00
 -9.412D-06  1.616D+00
 -1.221D-05  1.601D+00
 -1.548D-05  1.577D+00
 -1.882D-05  1.577D+00
 -2.282D-05  1.557D+00
 -2.662D-05  1.567D+00
 -3.140D-05  1.545D+00
 -3.556D-05  1.564D+00
 -4.121D-05  1.538D+00
 -4.559D-05  1.565D+00
 -5.225D-05  1.533D+00
 -5.663D-05  1.569D+00
 -6.450D-05  1.530D+00
 -6.862D-05  1.577D+00
 -7.793D-05  1.528D+00
 -8.143D-05  1.587D+00
 -9.254D-05  1.526D+00
 -9.494D-05  1.601D+00
 -1.083D-04  1.525D+00
 -1.090D-04  1.618D+00
 -1.252D-04  1.524D+00
 -1.233D-04  1.640D+00
 -1.432D-04  1.524D+00
 -1.377D-04  1.667D+00
 -1.622D-04  1.523D+00
 -1.518D-04  1.702D+00
 -1.823D-04  1.522D+00
 -1.651D-04  1.745D+00
 -2.035D-04  1.522D+00
 -1.770D-04  1.801D+00
 -2.256D-04  1.521D+00
 -1.866D-04  1.874D+00
 -2.488D-04  1.521D+00
 -1.927D-04  1.973D+00
 -2.728D-04  1.520D+00
 -1.935D-04  2.113D+00
 -2.979D-04  1.519D+00
 -1.864D-04  2.322D+00
 -3.238D-04  1.518D+00
 -1.669D-04  2.669D+00
 -3.508D-04  1.516D+00
 -1.265D-04  3.375D+00
 -3.787D-04  1.513D+00
 -8.137D-05  4.274D+00
 -4.076D-04  1.509D+00
 -1.097D-04  2.637D+00
 -4.377D-04  1.504D+00
 -2.957D-04 -7.713D-01
 -4.693D-04  1.497D+00
 -1.079D-03 -2.003D+00
 -5.030D-04  1.486D+00
 -1.144D-06  4.963D-01
 -1.638D-07  1.458D+00
 -1.101D-06  2.201D+00
 -2.691D-06  1.795D+00
 -4.577D-06  1.673D+00
 -6.804D-06  1.608D+00
 -9.288D-06  1.579D+00
 -1.217D-05  1.551D+00
 -1.522D-05  1.545D+00
 -1.878D-05  1.526D+00
 -2.234D-05  1.530D+00
 -2.664D-05  1.512D+00
 -3.063D-05  1.524D+00
 -3.572D-05  1.503D+00
 -4.003D-05  1.522D+00
 -4.601D-05  1.497D+00
 -5.050D-05  1.524D+00
 -5.751D-05  1.494D+00
 -6.196D-05  1.529D+00
 -7.020D-05  1.491D+00
 -7.434D-05  1.537D+00
 -8.406D-05  1.489D+00
 -8.752D-05  1.547D+00
 -9.906D-05  1.487D+00
 -1.014D-04  1.559D+00
 -1.152D-04  1.486D+00
 -1.158D-04  1.576D+00
 -1.324D-04  1.484D+00
 -1.305D-04  1.596D+00
 -1.508D-04  1.483D+00
 -1.452D-04  1.621D+00
 -1.702D-04  1.483D+00
 -1.596D-04  1.653D+00
 -1.906D-04  1.482D+00
 -1.733D-04  1.693D+00
 -2.121D-04  1.481D+00
 -1.857D-04  1.744D+00
 -2.345D-04  1.480D+00
 -1.958D-04  1.811D+00
 -2.579D-04  1.479D+00
 -2.027D-04  1.902D+00
 -2.823D-04  1.477D+00
 -2.044D-04  2.028D+00
 -3.075D-04  1.476D+00
 -1.986D-04  2.215D+00
 -3.338D-04  1.474D+00
 -1.809D-04  2.519D+00
 -3.609D-04  1.471D+00
 -1.438D-04  3.108D+00
 -3.890D-04  1.468D+00
 -8.660D-05  4.263D+00
 -4.181D-04  1.464D+00
 -1.033D-04  2.998D+00
 -4.484D-04  1.458D+00
 -2.582D-04 -4.382D-01
 -4.801D-04  1.451D+00
 -1.006D-03 -2.072D+00
 -5.138D-04  1.440D+00
 -1.084D-06  4.977D-01
 -1.420D-07  1.981D+00
 -1.129D-06  2.099D+00
 -2.686D-06  1.741D+00
 -4.564D-06  1.621D+00
 -6.722D-06  1.569D+00
 -9.234D-06  1.533D+00
 -1.197D-05  1.519D+00
 -1.514D-05  1.498D+00
 -1.842D-05  1.498D+00
 -2.227D-05  1.481D+00
 -2.603D-05  1.488D+00
 -3.061D-05  1.471D+00
 -3.477D-05  1.484D+00
 -4.016D-05  1.464D+00
 -4.461D-05  1.484D+00
 -5.091D-05  1.460D+00
 -5.549D-05  1.487D+00
 -6.284D-05  1.456D+00
 -6.734D-05  1.492D+00
 -7.593D-05  1.454D+00
 -8.007D-05  1.499D+00
 -9.018D-05  1.452D+00
 -9.360D-05  1.508D+00
 -1.056D-04  1.450D+00
 -1.078D-04  1.520D+00
 -1.220D-04  1.448D+00
 -1.225D-04  1.535D+00
 -1.396D-04  1.447D+00
 -1.375D-04  1.554D+00
 -1.583D-04  1.446D+00
 -1.525D-04  1.577D+00
 -1.779D-04  1.444D+00
 -1.673D-04  1.607D+00
 -1.986D-04  1.443D+00
 -1.814D-04  1.644D+00
 -2.204D-04  1.442D+00
 -1.941D-04  1.691D+00
 -2.430D-04  1.440D+00
 -2.048D-04  1.753D+00
 -2.667D-04  1.439D+00
 -2.123D-04  1.836D+00
 -2.912D-04  1.437D+00
 -2.149D-04  1.950D+00
 -3.167D-04  1.435D+00
 -2.102D-04  2.119D+00
 -3.431D-04  1.432D+00
 -1.943D-04  2.388D+00
 -3.704D-04  1.429D+00
 -1.600D-04  2.890D+00
 -3.987D-04  1.425D+00
 -8.976D-05  4.303D+00
 -4.279D-04  1.421D+00
 -9.412D-05  3.400D+00
 -4.583D-04  1.415D+00
 -2.292D-04  3.568D-02
 -4.899D-04  1.408D+00
 -9.363D-04 -2.147D+00
 -5.236D-04  1.397D+00
 -1.029D-06  4.991D-01
 -1.187D-07  2.532D+00
 -1.146D-06  2.015D+00
 -2.687D-06  1.685D+00
 -4.517D-06  1.580D+00
 -6.674D-06  1.525D+00
 -9.090D-06  1.500D+00
 -1.188D-05  1.476D+00
 -1.485D-05  1.470D+00
 -1.829D-05  1.453D+00
 -2.178D-05  1.456D+00
 -2.591D-05  1.441D+00
 -2.986D-05  1.450D+00
 -3.472D-05  1.433D+00
 -3.904D-05  1.448D+00
 -4.472D-05  1.428D+00
 -4.928D-05  1.448D+00
 -5.589D-05  1.424D+00
 -6.054D-05  1.451D+00
 -6.821D-05  1.421D+00
 -7.274D-05  1.456D+00
 -8.168D-05  1.419D+00
 -8.581D-05  1.463D+00
 -9.628D-05  1.416D+00
 -9.965D-05  1.472D+00
 -1.120D-04  1.415D+00
 -1.141D-04  1.483D+00
 -1.288D-04  1.413D+00
 -1.291D-04  1.497D+00
 -1.466D-04  1.411D+00
 -1.444D-04  1.514D+00
 -1.656D-04  1.410D+00
 -1.597D-04  1.536D+00
 -1.855D-04  1.408D+00
 -1.748D-04  1.563D+00
 -2.064D-04  1.406D+00
 -1.892D-04  1.598D+00
 -2.283D-04  1.405D+00
 -2.023D-04  1.641D+00
 -2.512D-04  1.403D+00
 -2.134D-04  1.698D+00
 -2.750D-04  1.401D+00
 -2.215D-04  1.774D+00
 -2.998D-04  1.398D+00
 -2.249D-04  1.879D+00
 -3.254D-04  1.396D+00
 -2.214D-04  2.032D+00
 -3.519D-04  1.393D+00
 -2.071D-04  2.272D+00
 -3.793D-04  1.389D+00
 -1.753D-04  2.707D+00
 -4.077D-04  1.385D+00
 -1.112D-04  3.796D+00
 -4.370D-04  1.380D+00
 -9.141D-05  3.653D+00
 -4.673D-04  1.374D+00
 -2.028D-04  4.564D-01
 -4.990D-04  1.366D+00
 -8.725D-04 -2.226D+00
 -5.325D-04  1.356D+00
 -9.770D-07  5.008D-01
 -1.077D-07  2.952D+00
 -1.163D-06  1.933D+00
 -2.670D-06  1.638D+00
 -4.485D-06  1.536D+00
 -6.577D-06  1.491D+00
 -9.003D-06  1.460D+00
 -1.166D-05  1.447D+00
 -1.471D-05  1.429D+00
 -1.791D-05  1.428D+00
 -2.161D-05  1.414D+00
 -2.530D-05  1.419D+00
 -2.969D-05  1.404D+00
 -3.381D-05  1.415D+00
 -3.894D-05  1.398D+00
 -4.339D-05  1.414D+00
 -4.936D-05  1.394D+00
 -5.401D-05  1.415D+00
 -6.091D-05  1.390D+00
 -6.562D-05  1.418D+00
 -7.361D-05  1.388D+00
 -7.815D-05  1.422D+00
 -8.742D-05  1.385D+00
 -9.153D-05  1.429D+00
 -1.023D-04  1.383D+00
 -1.056D-04  1.437D+00
 -1.183D-04  1.381D+00
 -1.204D-04  1.448D+00
 -1.354D-04  1.379D+00
 -1.356D-04  1.461D+00
 -1.535D-04  1.377D+00
 -1.512D-04  1.477D+00
 -1.727D-04  1.375D+00
 -1.667D-04  1.497D+00
 -1.928D-04  1.373D+00
 -1.820D-04  1.522D+00
 -2.139D-04  1.371D+00
 -1.967D-04  1.554D+00
 -2.360D-04  1.369D+00
 -2.102D-04  1.594D+00
 -2.591D-04  1.367D+00
 -2.217D-04  1.647D+00
 -2.830D-04  1.364D+00
 -2.303D-04  1.717D+00
 -3.079D-04  1.362D+00
 -2.345D-04  1.813D+00
 -3.336D-04  1.359D+00
 -2.320D-04  1.952D+00
 -3.602D-04  1.355D+00
 -2.192D-04  2.168D+00
 -3.876D-04  1.351D+00
 -1.897D-04  2.549D+00
 -4.160D-04  1.347D+00
 -1.304D-04  3.433D+00
 -4.453D-04  1.341D+00
 -8.984D-05  3.871D+00
 -4.756D-04  1.335D+00
 -1.775D-04  8.571D-01
 -5.072D-04  1.327D+00
 -8.123D-04 -2.311D+00
 -5.405D-04  1.317D+00
 -9.287D-07  5.024D-01
 -9.456D-08  3.427D+00
 -1.171D-06  1.864D+00
 -2.657D-06  1.590D+00
 -4.426D-06  1.500D+00
 -6.507D-06  1.452D+00
 -8.846D-06  1.430D+00
 -1.153D-05  1.409D+00
 -1.442D-05  1.403D+00
 -1.773D-05  1.389D+00
 -2.113D-05  1.391D+00
 -2.509D-05  1.378D+00
 -2.895D-05  1.384D+00
 -3.360D-05  1.371D+00
 -3.786D-05  1.382D+00
 -4.326D-05  1.366D+00
 -4.782D-05  1.382D+00
 -5.406D-05  1.362D+00
 -5.880D-05  1.383D+00
 -6.598D-05  1.359D+00
 -7.073D-05  1.386D+00
 -7.901D-05  1.356D+00
 -8.356D-05  1.390D+00
 -9.314D-05  1.354D+00
 -9.721D-05  1.396D+00
 -1.083D-04  1.351D+00
 -1.116D-04  1.404D+00
 -1.246D-04  1.349D+00
 -1.266D-04  1.414D+00
 -1.419D-04  1.347D+00
 -1.420D-04  1.426D+00
 -1.603D-04  1.345D+00
 -1.578D-04  1.441D+00
 -1.796D-04  1.343D+00
 -1.735D-04  1.460D+00
 -1.999D-04  1.340D+00
 -1.891D-04  1.483D+00
 -2.212D-04  1.338D+00
 -2.040D-04  1.512D+00
 -2.434D-04  1.336D+00
 -2.178D-04  1.550D+00
 -2.666D-04  1.333D+00
 -2.297D-04  1.598D+00
 -2.906D-04  1.330D+00
 -2.388D-04  1.663D+00
 -3.155D-04  1.327D+00
 -2.437D-04  1.752D+00
 -3.413D-04  1.323D+00
 -2.421D-04  1.879D+00
 -3.679D-04  1.319D+00
 -2.307D-04  2.074D+00
 -3.954D-04  1.315D+00
 -2.034D-04  2.412D+00
 -4.237D-04  1.310D+00
 -1.481D-04  3.151D+00
 -4.530D-04  1.305D+00
 -8.481D-05  4.172D+00
 -4.832D-04  1.298D+00
 -1.597D-04  1.279D+00
 -5.146D-04  1.290D+00
 -7.552D-04 -2.404D+00
 -5.477D-04  1.279D+00
 -8.832D-07  5.043D-01
 -8.749D-08  3.758D+00
 -1.178D-06  1.797D+00
 -2.631D-06  1.549D+00
 -4.380D-06  1.461D+00
 -6.399D-06  1.421D+00
 -8.735D-06  1.394D+00
 -1.131D-05  1.382D+00
 -1.424D-05  1.367D+00
 -1.734D-05  1.365D+00
 -2.089D-05  1.353D+00
 -2.448D-05  1.357D+00
 -2.869D-05  1.345D+00
 -3.271D-05  1.353D+00
 -3.761D-05  1.339D+00
 -4.200D-05  1.351D+00
 -4.765D-05  1.335D+00
 -5.232D-05  1.351D+00
 -5.881D-05  1.331D+00
 -6.361D-05  1.353D+00
 -7.106D-05  1.328D+00
 -7.584D-05  1.355D+00
 -8.440D-05  1.326D+00
 -8.894D-05  1.360D+00
 -9.881D-05  1.323D+00
 -1.028D-04  1.365D+00
 -1.143D-04  1.321D+00
 -1.174D-04  1.372D+00
 -1.308D-04  1.319D+00
 -1.326D-04  1.381D+00
 -1.483D-04  1.316D+00
 -1.483D-04  1.393D+00
 -1.668D-04  1.314D+00
 -1.642D-04  1.406D+00
 -1.863D-04  1.311D+00
 -1.802D-04  1.424D+00
 -2.068D-04  1.309D+00
 -1.959D-04  1.445D+00
 -2.282D-04  1.306D+00
 -2.111D-04  1.473D+00
 -2.505D-04  1.303D+00
 -2.251D-04  1.508D+00
 -2.737D-04  1.300D+00
 -2.374D-04  1.553D+00
 -2.978D-04  1.297D+00
 -2.469D-04  1.613D+00
 -3.227D-04  1.293D+00
 -2.524D-04  1.694D+00
 -3.485D-04  1.289D+00
 -2.517D-04  1.811D+00
 -3.751D-04  1.285D+00
 -2.416D-04  1.989D+00
 -4.026D-04  1.280D+00
 -2.163D-04  2.290D+00
 -4.308D-04  1.275D+00
 -1.646D-04  2.923D+00
 -4.600D-04  1.269D+00
 -9.079D-05  4.127D+00
 -4.901D-04  1.262D+00
 -1.455D-04  1.671D+00
 -5.213D-04  1.254D+00
 -7.010D-04 -2.508D+00
 -5.541D-04  1.243D+00
 -8.408D-07  5.061D-01
 -8.277D-08  4.041D+00
 -1.179D-06  1.739D+00
 -2.609D-06  1.507D+00
 -4.313D-06  1.429D+00
 -6.315D-06  1.387D+00
 -8.570D-06  1.367D+00
 -1.115D-05  1.349D+00
 -1.394D-05  1.343D+00
 -1.711D-05  1.331D+00
 -2.041D-05  1.332D+00
 -2.420D-05  1.321D+00
 -2.796D-05  1.326D+00
 -3.240D-05  1.314D+00
 -3.657D-05  1.323D+00
 -4.170D-05  1.309D+00
 -4.621D-05  1.322D+00
 -5.210D-05  1.306D+00
 -5.685D-05  1.322D+00
 -6.359D-05  1.302D+00
 -6.845D-05  1.324D+00
 -7.615D-05  1.299D+00
 -8.094D-05  1.326D+00
 -8.977D-05  1.297D+00
 -9.429D-05  1.330D+00
 -1.044D-04  1.294D+00
 -1.084D-04  1.335D+00
 -1.201D-04  1.292D+00
 -1.232D-04  1.342D+00
 -1.368D-04  1.289D+00
 -1.386D-04  1.350D+00
 -1.545D-04  1.287D+00
 -1.544D-04  1.361D+00
 -1.732D-04  1.284D+00
 -1.705D-04  1.373D+00
 -1.928D-04  1.281D+00
 -1.866D-04  1.390D+00
 -2.134D-04  1.278D+00
 -2.025D-04  1.410D+00
 -2.349D-04  1.275D+00
 -2.179D-04  1.435D+00
 -2.573D-04  1.272D+00
 -2.321D-04  1.467D+00
 -2.805D-04  1.269D+00
 -2.447D-04  1.509D+00
 -3.046D-04  1.265D+00
 -2.546D-04  1.565D+00
 -3.295D-04  1.261D+00
 -2.607D-04  1.640D+00
 -3.553D-04  1.257D+00
 -2.608D-04  1.748D+00
 -3.818D-04  1.252D+00
 -2.519D-04  1.910D+00
 -4.092D-04  1.247D+00
 -2.285D-04  2.181D+00
 -4.374D-04  1.242D+00
 -1.800D-04  2.731D+00
 -4.664D-04  1.235D+00
 -9.472D-05  4.138D+00
 -4.963D-04  1.228D+00
 -1.305D-04  2.062D+00
 -5.273D-04  1.220D+00
 -6.493D-04 -2.592D+00
 -5.598D-04  1.209D+00
 -8.009D-07  5.082D-01
 -7.893D-08  4.266D+00
 -1.180D-06  1.682D+00
 -2.576D-06  1.470D+00
 -4.257D-06  1.394D+00
 -6.199D-06  1.359D+00
 -8.443D-06  1.335D+00
 -1.092D-05  1.324D+00
 -1.374D-05  1.311D+00
 -1.673D-05  1.309D+00
 -2.013D-05  1.299D+00
 -2.361D-05  1.301D+00
 -2.762D-05  1.291D+00
 -3.154D-05  1.297D+00
 -3.620D-05  1.285D+00
 -4.051D-05  1.294D+00
 -4.587D-05  1.281D+00
 -5.048D-05  1.294D+00
 -5.660D-05  1.278D+00
 -6.141D-05  1.294D+00
 -6.839D-05  1.275D+00
 -7.328D-05  1.296D+00
 -8.122D-05  1.272D+00
 -8.602D-05  1.298D+00
 -9.510D-05  1.269D+00
 -9.958D-05  1.302D+00
 -1.100D-04  1.266D+00
 -1.139D-04  1.307D+00
 -1.259D-04  1.264D+00
 -1.289D-04  1.313D+00
 -1.428D-04  1.261D+00
 -1.444D-04  1.320D+00
 -1.606D-04  1.258D+00
 -1.604D-04  1.330D+00
 -1.794D-04  1.255D+00
 -1.766D-04  1.342D+00
 -1.991D-04  1.252D+00
 -1.928D-04  1.357D+00
 -2.198D-04  1.249D+00
 -2.089D-04  1.375D+00
 -2.413D-04  1.246D+00
 -2.244D-04  1.399D+00
 -2.637D-04  1.242D+00
 -2.389D-04  1.429D+00
 -2.870D-04  1.238D+00
 -2.517D-04  1.468D+00
 -3.111D-04  1.234D+00
 -2.620D-04  1.519D+00
 -3.359D-04  1.230D+00
 -2.685D-04  1.589D+00
 -3.616D-04  1.225D+00
 -2.694D-04  1.688D+00
 -3.881D-04  1.221D+00
 -2.616D-04  1.837D+00
 -4.153D-04  1.215D+00
 -2.400D-04  2.083D+00
 -4.433D-04  1.209D+00
 -1.945D-04  2.567D+00
 -4.722D-04  1.203D+00
 -9.842D-05  4.139D+00
 -5.019D-04  1.195D+00
 -1.194D-04  2.418D+00
 -5.326D-04  1.186D+00
 -5.850D-04 -2.364D+00
 -5.647D-04  1.176D+00
 -7.636D-07  5.102D-01
 -8.295D-08  4.226D+00
 -1.175D-06  1.633D+00
 -2.547D-06  1.433D+00
 -4.184D-06  1.365D+00
 -6.104D-06  1.328D+00
 -8.272D-06  1.310D+00
 -1.075D-05  1.294D+00
 -1.343D-05  1.289D+00
 -1.647D-05  1.278D+00
 -1.965D-05  1.278D+00
 -2.328D-05  1.269D+00
 -2.692D-05  1.272D+00
 -3.115D-05  1.263D+00
 -3.521D-05  1.269D+00
 -4.009D-05  1.258D+00
 -4.450D-05  1.268D+00
 -5.008D-05  1.254D+00
 -5.477D-05  1.267D+00
 -6.111D-05  1.251D+00
 -6.598D-05  1.268D+00
 -7.318D-05  1.248D+00
 -7.809D-05  1.269D+00
 -8.627D-05  1.245D+00
 -9.106D-05  1.271D+00
 -1.004D-04  1.242D+00
 -1.048D-04  1.275D+00
 -1.155D-04  1.239D+00
 -1.193D-04  1.279D+00
 -1.315D-04  1.237D+00
 -1.344D-04  1.284D+00
 -1.486D-04  1.234D+00
 -1.501D-04  1.291D+00
 -1.665D-04  1.231D+00
 -1.662D-04  1.300D+00
 -1.854D-04  1.227D+00
 -1.825D-04  1.311D+00
 -2.052D-04  1.224D+00
 -1.988D-04  1.325D+00
 -2.259D-04  1.221D+00
 -2.150D-04  1.342D+00
 -2.475D-04  1.217D+00
 -2.306D-04  1.364D+00
 -2.699D-04  1.213D+00
 -2.453D-04  1.392D+00
 -2.931D-04  1.209D+00
 -2.583D-04  1.428D+00
 -3.171D-04  1.205D+00
 -2.690D-04  1.476D+00
 -3.419D-04  1.200D+00
 -2.760D-04  1.541D+00
 -3.675D-04  1.195D+00
 -2.776D-04  1.633D+00
 -3.938D-04  1.190D+00
 -2.708D-04  1.770D+00
 -4.209D-04  1.184D+00
 -2.508D-04  1.994D+00
 -4.488D-04  1.178D+00
 -2.080D-04  2.423D+00
 -4.774D-04  1.171D+00
 -1.189D-04  3.679D+00
 -5.068D-04  1.163D+00
 -1.129D-04  2.728D+00
 -5.373D-04  1.154D+00
 -5.274D-04 -2.177D+00
 -5.690D-04  1.144D+00
 -7.284D-07  5.124D-01
 -8.374D-08  4.265D+00
 -1.170D-06  1.584D+00
 -2.510D-06  1.400D+00
 -4.120D-06  1.333D+00
 -5.985D-06  1.302D+00
 -8.134D-06  1.281D+00
 -1.051D-05  1.271D+00
 -1.321D-05  1.260D+00
 -1.609D-05  1.257D+00
 -1.934D-05  1.248D+00
 -2.270D-05  1.250D+00
 -2.653D-05  1.241D+00
 -3.032D-05  1.245D+00
 -3.476D-05  1.236D+00
 -3.895D-05  1.243D+00
 -4.403D-05  1.232D+00
 -4.855D-05  1.242D+00
 -5.433D-05  1.228D+00
 -5.909D-05  1.241D+00
 -6.564D-05  1.225D+00
 -7.055D-05  1.242D+00
 -7.796D-05  1.222D+00
 -8.289D-05  1.243D+00
 -9.128D-05  1.219D+00
 -9.604D-05  1.245D+00
 -1.056D-04  1.216D+00
 -1.100D-04  1.248D+00
 -1.208D-04  1.213D+00
 -1.246D-04  1.252D+00
 -1.371D-04  1.210D+00
 -1.399D-04  1.257D+00
 -1.542D-04  1.207D+00
 -1.556D-04  1.263D+00
 -1.723D-04  1.204D+00
 -1.718D-04  1.271D+00
 -1.912D-04  1.201D+00
 -1.882D-04  1.281D+00
 -2.111D-04  1.197D+00
 -2.046D-04  1.294D+00
 -2.318D-04  1.193D+00
 -2.209D-04  1.310D+00
 -2.533D-04  1.189D+00
 -2.366D-04  1.331D+00
 -2.757D-04  1.185D+00
 -2.514D-04  1.357D+00
 -2.989D-04  1.181D+00
 -2.647D-04  1.390D+00
 -3.228D-04  1.176D+00
 -2.756D-04  1.435D+00
 -3.475D-04  1.171D+00
 -2.830D-04  1.495D+00
 -3.730D-04  1.166D+00
 -2.852D-04  1.581D+00
 -3.991D-04  1.160D+00
 -2.795D-04  1.707D+00
 -4.260D-04  1.154D+00
 -2.609D-04  1.912D+00
 -4.537D-04  1.148D+00
 -2.207D-04  2.297D+00
 -4.820D-04  1.141D+00
 -1.372D-04  3.340D+00
 -5.112D-04  1.133D+00
 -1.043D-04  3.067D+00
 -5.413D-04  1.124D+00
 -4.753D-04 -2.020D+00
 -5.726D-04  1.113D+00
 -6.955D-07  5.145D-01
 -1.021D-07  3.729D+00
 -1.161D-06  1.540D+00
 -2.475D-06  1.367D+00
 -4.044D-06  1.306D+00
 -5.882D-06  1.274D+00
 -7.962D-06  1.258D+00
 -1.033D-05  1.244D+00
 -1.291D-05  1.238D+00
 -1.582D-05  1.229D+00
 -1.888D-05  1.229D+00
 -2.233D-05  1.221D+00
 -2.585D-05  1.223D+00
 -2.988D-05  1.215D+00
 -3.381D-05  1.220D+00
 -3.844D-05  1.210D+00
 -4.274D-05  1.218D+00
 -4.802D-05  1.207D+00
 -5.262D-05  1.217D+00
 -5.859D-05  1.203D+00
 -6.342D-05  1.217D+00
 -7.016D-05  1.200D+00
 -7.511D-05  1.217D+00
 -8.271D-05  1.197D+00
 -8.764D-05  1.218D+00
 -9.623D-05  1.194D+00
 -1.010D-04  1.220D+00
 -1.107D-04  1.191D+00
 -1.150D-04  1.223D+00
 -1.261D-04  1.188D+00
 -1.298D-04  1.226D+00
 -1.425D-04  1.185D+00
 -1.452D-04  1.230D+00
 -1.597D-04  1.182D+00
 -1.610D-04  1.236D+00
 -1.778D-04  1.178D+00
 -1.772D-04  1.244D+00
 -1.969D-04  1.174D+00
 -1.937D-04  1.253D+00
 -2.167D-04  1.171D+00
 -2.102D-04  1.265D+00
 -2.374D-04  1.167D+00
 -2.265D-04  1.279D+00
 -2.589D-04  1.162D+00
 -2.423D-04  1.298D+00
 -2.812D-04  1.158D+00
 -2.572D-04  1.322D+00
 -3.043D-04  1.153D+00
 -2.706D-04  1.354D+00
 -3.282D-04  1.148D+00
 -2.818D-04  1.395D+00
 -3.527D-04  1.143D+00
 -2.896D-04  1.452D+00
 -3.780D-04  1.138D+00
 -2.924D-04  1.531D+00
 -4.040D-04  1.132D+00
 -2.876D-04  1.648D+00
 -4.307D-04  1.125D+00
 -2.705D-04  1.836D+00
 -4.581D-04  1.118D+00
 -2.326D-04  2.183D+00
 -4.862D-04  1.111D+00
 -1.540D-04  3.073D+00
 -5.150D-04  1.103D+00
 -9.648D-05  3.388D+00
 -5.448D-04  1.093D+00
 -4.283D-04 -1.890D+00
 -5.757D-04  1.083D+00
