  0.000D+00 -1.000D+00
 -4.593D-03  7.892D-01
  0.000D+00 -1.000D+00
  0.000D+00 -1.000D+00
 -6.152D-03  7.857D-01
  0.000D+00 -1.000D+00
 -1.872D-03  7.926D-01
  0.000D+00 -1.000D+00
 -7.256D-03  7.799D-01
  0.000D+00 -1.000D+00
  0.000D+00 -1.000D+00
 -2.635D-03  7.883D-01
  0.000D+00 -1.000D+00
 -8.071D-03  7.721D-01
  0.000D+00 -1.000D+00
 -1.076D-03  7.947D-01
  0.000D+00 -1.000D+00
 -3.224D-03  7.819D-01
  0.000D+00 -1.000D+00
 -8.683D-03  7.624D-01
  0.000D+00 -1.000D+00
  0.000D+00 -1.000D+00
 -1.557D-03  7.902D-01
  0.000D+00 -1.000D+00
 -3.695D-03  7.736D-01
  0.000D+00 -1.000D+00
 -9.146D-03  7.509D-01
  0.000D+00 -1.000D+00
 -7.173D-04  7.961D-01
  0.000D+00 -1.000D+00
 -1.941D-03  7.837D-01
  0.000D+00 -1.000D+00
 -4.077D-03  7.636D-01
  0.000D+00 -1.000D+00
 -9.493D-03  7.378D-01
  0.000D+00 -1.000D+00
  0.000D+00 -1.000D+00
 -1.058D-03  7.918D-01
  0.000D+00 -1.000D+00
 -2.258D-03  7.755D-01
  0.000D+00 -1.000D+00
 -4.387D-03  7.523D-01
  0.000D+00 -1.000D+00
 -9.747D-03  7.233D-01
  0.000D+00 -1.000D+00
 -5.199D-04  7.972D-01
  0.000D+00 -1.000D+00
 -1.336D-03  7.855D-01
  0.000D+00 -1.000D+00
 -2.522D-03  7.659D-01
  0.000D+00 -1.000D+00
 -4.638D-03  7.398D-01
  0.000D+00 -1.000D+00
 -9.925D-03  7.075D-01
  0.000D+00 -1.000D+00
  0.000D+00 -1.000D+00
 -7.780D-04  7.930D-01
  0.000D+00 -1.000D+00
 -1.569D-03  7.778D-01
  0.000D+00 -1.000D+00
 -2.744D-03  7.552D-01
  0.000D+00 -1.000D+00
 -4.840D-03  7.263D-01
  0.000D+00 -1.000D+00
 -1.004D-02  6.906D-01
  0.000D+00 -1.000D+00
 -3.978D-04  7.979D-01
  0.000D+00 -1.000D+00
 -9.925D-04  7.872D-01
  0.000D+00 -1.000D+00
 -1.768D-03  7.689D-01
  0.000D+00 -1.000D+00
 -2.931D-03  7.436D-01
  0.000D+00 -1.000D+00
 -5.000D-03  7.120D-01
  0.000D+00 -1.000D+00
 -1.010D-02  6.727D-01
  0.000D+00 -1.000D+00
  0.000D+00 -1.000D+00
 -6.022D-04  7.941D-01
  0.000D+00 -1.000D+00
 -1.175D-03  7.802D-01
  0.000D+00 -1.000D+00
 -1.937D-03  7.591D-01
  0.000D+00 -1.000D+00
 -3.087D-03  7.314D-01
  0.000D+00 -1.000D+00
 -5.124D-03  6.971D-01
  0.000D+00 -1.000D+00
 -1.012D-02  6.541D-01
  0.000D+00 -1.000D+00
 -3.163D-04  7.983D-01
  0.000D+00 -1.000D+00
 -7.746D-04  7.889D-01
  0.000D+00 -1.000D+00
 -1.332D-03  7.722D-01
  0.000D+00 -1.000D+00
 -2.083D-03  7.488D-01
  0.000D+00 -1.000D+00
 -3.216D-03  7.188D-01
  0.000D+00 -1.000D+00
 -5.217D-03  6.818D-01
  0.000D+00 -1.000D+00
 -1.010D-02  6.350D-01
  0.000D+00 -1.000D+00
  0.000D+00 -1.000D+00
 -4.833D-04  7.948D-01
  0.000D+00 -1.000D+00
 -9.227D-04  7.826D-01
  0.000D+00 -1.000D+00
 -1.467D-03  7.637D-01
  0.000D+00 -1.000D+00
 -2.207D-03  7.381D-01
  0.000D+00 -1.000D+00
 -3.322D-03  7.060D-01
  0.000D+00 -1.000D+00
 -5.283D-03  6.662D-01
  0.000D+00 -1.000D+00
 -1.004D-02  6.154D-01
  0.000D+00 -1.000D+00
 -2.588D-04  7.984D-01
  0.000D+00 -1.000D+00
 -6.259D-04  7.902D-01
  0.000D+00 -1.000D+00
 -1.051D-03  7.757D-01
  0.000D+00 -1.000D+00
 -1.585D-03  7.547D-01
  0.000D+00 -1.000D+00
 -2.313D-03  7.273D-01
  0.000D+00 -1.000D+00
 -3.408D-03  6.930D-01
  0.000D+00 -1.000D+00
 -5.325D-03  6.505D-01
  0.000D+00 -1.000D+00
 -9.960D-03  5.956D-01
  0.000D+00 -1.000D+00
  0.000D+00 -1.000D+00
 -3.984D-04  7.953D-01
  0.000D+00 -1.000D+00
 -7.497D-04  7.848D-01
  0.000D+00 -1.000D+00
 -1.164D-03  7.683D-01
  0.000D+00 -1.000D+00
 -1.688D-03  7.456D-01
  0.000D+00 -1.000D+00
 -2.402D-03  7.165D-01
  0.000D+00 -1.000D+00
 -3.475D-03  6.802D-01
  0.000D+00 -1.000D+00
 -5.346D-03  6.349D-01
  0.000D+00 -1.000D+00
 -9.853D-03  5.757D-01
  0.000D+00 -1.000D+00
 -2.164D-04  7.982D-01
  0.000D+00 -1.000D+00
 -5.191D-04  7.913D-01
  0.000D+00 -1.000D+00
 -8.581D-04  7.788D-01
  0.000D+00 -1.000D+00
 -1.262D-03  7.607D-01
  0.000D+00 -1.000D+00
 -1.776D-03  7.365D-01
  0.000D+00 -1.000D+00
 -2.477D-03  7.058D-01
  0.000D+00 -1.000D+00
 -3.527D-03  6.676D-01
  0.000D+00 -1.000D+00
 -5.350D-03  6.195D-01
  0.000D+00 -1.000D+00
 -9.726D-03  5.559D-01
  0.000D+00 -1.000D+00
  0.000D+00 -1.000D+00
 -3.353D-04  7.955D-01
  0.000D+00 -1.000D+00
 -6.247D-04  7.867D-01
  0.000D+00 -1.000D+00
 -9.536D-04  7.726D-01
  0.000D+00 -1.000D+00
 -1.349D-03  7.530D-01
  0.000D+00 -1.000D+00
 -1.853D-03  7.276D-01
  0.000D+00 -1.000D+00
 -2.539D-03  6.954D-01
  0.000D+00 -1.000D+00
 -3.564D-03  6.553D-01
  0.000D+00 -1.000D+00
 -5.338D-03  6.045D-01
  0.000D+00 -1.000D+00
 -9.581D-03  5.363D-01
  0.000D+00 -1.000D+00
 -1.842D-04  7.978D-01
  0.000D+00 -1.000D+00
 -4.392D-04  7.921D-01
  0.000D+00 -1.000D+00
 -7.178D-04  7.817D-01
  0.000D+00 -1.000D+00
 -1.038D-03  7.663D-01
  0.000D+00 -1.000D+00
 -1.425D-03  7.456D-01
  0.000D+00 -1.000D+00
 -1.918D-03  7.189D-01
  0.000D+00 -1.000D+00
 -2.590D-03  6.855D-01
  0.000D+00 -1.000D+00
 -3.589D-03  6.435D-01
  0.000D+00 -1.000D+00
 -5.312D-03  5.898D-01
  0.000D+00 -1.000D+00
 -9.423D-03  5.170D-01
  0.000D+00 -1.000D+00
  0.000D+00 -1.000D+00
 -2.870D-04  7.955D-01
  0.000D+00 -1.000D+00
 -5.307D-04  7.882D-01
  0.000D+00 -1.000D+00
 -8.005D-04  7.765D-01
  0.000D+00 -1.000D+00
 -1.113D-03  7.600D-01
  0.000D+00 -1.000D+00
 -1.491D-03  7.384D-01
  0.000D+00 -1.000D+00
 -1.974D-03  7.107D-01
  0.000D+00 -1.000D+00
 -2.630D-03  6.760D-01
  0.000D+00 -1.000D+00
 -3.603D-03  6.322D-01
  0.000D+00 -1.000D+00
 -5.275D-03  5.758D-01
  0.000D+00 -1.000D+00
 -9.252D-03  4.982D-01
  0.000D+00 -1.000D+00
 -1.591D-04  7.972D-01
  0.000D+00 -1.000D+00
 -3.775D-04  7.925D-01
  0.000D+00 -1.000D+00
 -6.121D-04  7.840D-01
  0.000D+00 -1.000D+00
 -8.742D-04  7.713D-01
  0.000D+00 -1.000D+00
 -1.179D-03  7.540D-01
  0.000D+00 -1.000D+00
 -1.550D-03  7.315D-01
  0.000D+00 -1.000D+00
 -2.022D-03  7.030D-01
  0.000D+00 -1.000D+00
 -2.661D-03  6.670D-01
  0.000D+00 -1.000D+00
 -3.608D-03  6.215D-01
  0.000D+00 -1.000D+00
 -5.228D-03  5.623D-01
  0.000D+00 -1.000D+00
 -9.072D-03  4.799D-01
  0.000D+00 -1.000D+00
  0.000D+00 -1.000D+00
 -2.490D-04  7.951D-01
  0.000D+00 -1.000D+00
 -4.580D-04  7.892D-01
  0.000D+00 -1.000D+00
 -6.848D-04  7.797D-01
  0.000D+00 -1.000D+00
 -9.400D-04  7.662D-01
  0.000D+00 -1.000D+00
 -1.238D-03  7.482D-01
  0.000D+00 -1.000D+00
 -1.600D-03  7.251D-01
  0.000D+00 -1.000D+00
 -2.061D-03  6.958D-01
  0.000D+00 -1.000D+00
 -2.685D-03  6.587D-01
  0.000D+00 -1.000D+00
 -3.604D-03  6.115D-01
  0.000D+00 -1.000D+00
 -5.173D-03  5.495D-01
  0.000D+00 -1.000D+00
 -8.885D-03  4.622D-01
  0.000D+00 -1.000D+00
 -1.390D-04  7.964D-01
  0.000D+00 -1.000D+00
 -3.288D-04  7.926D-01
  0.000D+00 -1.000D+00
 -5.299D-04  7.857D-01
  0.000D+00 -1.000D+00
 -7.499D-04  7.755D-01
  0.000D+00 -1.000D+00
 -9.988D-04  7.614D-01
  0.000D+00 -1.000D+00
 -1.290D-03  7.429D-01
  0.000D+00 -1.000D+00
 -1.644D-03  7.192D-01
  0.000D+00 -1.000D+00
 -2.094D-03  6.891D-01
  0.000D+00 -1.000D+00
 -2.701D-03  6.510D-01
  0.000D+00 -1.000D+00
 -3.593D-03  6.021D-01
  0.000D+00 -1.000D+00
 -5.111D-03  5.375D-01
  0.000D+00 -1.000D+00
 -8.692D-03  4.452D-01
  0.000D+00 -1.000D+00
  0.000D+00 -1.000D+00
 -2.185D-04  7.945D-01
  0.000D+00 -1.000D+00
 -4.002D-04  7.898D-01
  0.000D+00 -1.000D+00
 -5.945D-04  7.822D-01
  0.000D+00 -1.000D+00
 -8.085D-04  7.714D-01
  0.000D+00 -1.000D+00
 -1.051D-03  7.569D-01
  0.000D+00 -1.000D+00
 -1.336D-03  7.380D-01
  0.000D+00 -1.000D+00
 -1.682D-03  7.138D-01
  0.000D+00 -1.000D+00
 -2.121D-03  6.831D-01
  0.000D+00 -1.000D+00
 -2.711D-03  6.440D-01
  0.000D+00 -1.000D+00
 -3.576D-03  5.936D-01
  0.000D+00 -1.000D+00
 -5.043D-03  5.262D-01
  0.000D+00 -1.000D+00
 -8.495D-03  4.290D-01
  0.000D+00 -1.000D+00
 -1.227D-04  7.953D-01
  0.000D+00 -1.000D+00
 -2.896D-04  7.924D-01
  0.000D+00 -1.000D+00
 -4.645D-04  7.870D-01
  0.000D+00 -1.000D+00
 -6.528D-04  7.788D-01
  0.000D+00 -1.000D+00
 -8.613D-04  7.676D-01
  0.000D+00 -1.000D+00
 -1.098D-03  7.527D-01
  0.000D+00 -1.000D+00
 -1.377D-03  7.335D-01
  0.000D+00 -1.000D+00
 -1.714D-03  7.089D-01
  0.000D+00 -1.000D+00
 -2.142D-03  6.777D-01
  0.000D+00 -1.000D+00
 -2.715D-03  6.377D-01
  0.000D+00 -1.000D+00
 -3.553D-03  5.857D-01
  0.000D+00 -1.000D+00
 -4.970D-03  5.157D-01
  0.000D+00 -1.000D+00
 -8.295D-03  4.136D-01
  0.000D+00 -1.000D+00
  0.000D+00 -1.000D+00
 -1.936D-04  7.937D-01
  0.000D+00 -1.000D+00
 -3.535D-04  7.900D-01
  0.000D+00 -1.000D+00
 -5.225D-04  7.841D-01
  0.000D+00 -1.000D+00
 -7.056D-04  7.756D-01
  0.000D+00 -1.000D+00
 -9.088D-04  7.641D-01
  0.000D+00 -1.000D+00
 -1.140D-03  7.490D-01
  0.000D+00 -1.000D+00
 -1.412D-03  7.295D-01
  0.000D+00 -1.000D+00
 -1.742D-03  7.046D-01
  0.000D+00 -1.000D+00
 -2.158D-03  6.729D-01
  0.000D+00 -1.000D+00
 -2.715D-03  6.320D-01
  0.000D+00 -1.000D+00
 -3.526D-03  5.786D-01
  0.000D+00 -1.000D+00
 -4.894D-03  5.061D-01
  0.000D+00 -1.000D+00
 -8.094D-03  3.991D-01
  0.000D+00 -1.000D+00
 -1.093D-04  7.940D-01
  0.000D+00 -1.000D+00
 -2.573D-04  7.918D-01
  0.000D+00 -1.000D+00
 -4.113D-04  7.876D-01
  0.000D+00 -1.000D+00
 -5.751D-04  7.813D-01
  0.000D+00 -1.000D+00
 -7.533D-04  7.726D-01
  0.000D+00 -1.000D+00
 -9.517D-04  7.609D-01
  0.000D+00 -1.000D+00
 -1.178D-03  7.456D-01
  0.000D+00 -1.000D+00
 -1.443D-03  7.260D-01
  0.000D+00 -1.000D+00
 -1.765D-03  7.008D-01
  0.000D+00 -1.000D+00
 -2.170D-03  6.686D-01
  0.000D+00 -1.000D+00
 -2.710D-03  6.270D-01
  0.000D+00 -1.000D+00
 -3.495D-03  5.723D-01
  0.000D+00 -1.000D+00
 -4.815D-03  4.973D-01
  0.000D+00 -1.000D+00
 -7.893D-03  3.854D-01
  0.000D+00 -1.000D+00
  0.000D+00 -1.000D+00
 -1.729D-04  7.925D-01
  0.000D+00 -1.000D+00
 -3.150D-04  7.898D-01
  0.000D+00 -1.000D+00
 -4.638D-04  7.853D-01
  0.000D+00 -1.000D+00
 -6.230D-04  7.787D-01
  0.000D+00 -1.000D+00
 -7.967D-04  7.698D-01
  0.000D+00 -1.000D+00
 -9.904D-04  7.580D-01
  0.000D+00 -1.000D+00
 -1.212D-03  7.427D-01
  0.000D+00 -1.000D+00
 -1.471D-03  7.229D-01
  0.000D+00 -1.000D+00
 -1.784D-03  6.976D-01
  0.000D+00 -1.000D+00
 -2.178D-03  6.650D-01
  0.000D+00 -1.000D+00
 -2.702D-03  6.227D-01
  0.000D+00 -1.000D+00
 -3.461D-03  5.666D-01
  0.000D+00 -1.000D+00
 -4.733D-03  4.893D-01
  0.000D+00 -1.000D+00
 -7.693D-03  3.726D-01
  0.000D+00 -1.000D+00
 -9.800D-05  7.925D-01
  0.000D+00 -1.000D+00
 -2.305D-04  7.909D-01
  0.000D+00 -1.000D+00
 -3.674D-04  7.877D-01
  0.000D+00 -1.000D+00
 -5.117D-04  7.830D-01
  0.000D+00 -1.000D+00
 -6.666D-04  7.763D-01
  0.000D+00 -1.000D+00
 -8.361D-04  7.673D-01
  0.000D+00 -1.000D+00
 -1.025D-03  7.555D-01
  0.000D+00 -1.000D+00
 -1.241D-03  7.401D-01
  0.000D+00 -1.000D+00
 -1.494D-03  7.203D-01
  0.000D+00 -1.000D+00
 -1.800D-03  6.948D-01
  0.000D+00 -1.000D+00
 -2.183D-03  6.619D-01
  0.000D+00 -1.000D+00
 -2.691D-03  6.189D-01
  0.000D+00 -1.000D+00
 -3.424D-03  5.617D-01
  0.000D+00 -1.000D+00
 -4.650D-03  4.821D-01
  0.000D+00 -1.000D+00
 -7.495D-03  3.608D-01
  0.000D+00 -1.000D+00
  0.000D+00 -1.000D+00
 -1.555D-04  7.911D-01
  0.000D+00 -1.000D+00
 -2.829D-04  7.891D-01
  0.000D+00 -1.000D+00
 -4.153D-04  7.858D-01
  0.000D+00 -1.000D+00
 -5.554D-04  7.809D-01
  0.000D+00 -1.000D+00
 -7.064D-04  7.742D-01
  0.000D+00 -1.000D+00
 -8.719D-04  7.652D-01
  0.000D+00 -1.000D+00
 -1.057D-03  7.533D-01
  0.000D+00 -1.000D+00
 -1.268D-03  7.379D-01
  0.000D+00 -1.000D+00
 -1.515D-03  7.181D-01
  0.000D+00 -1.000D+00
 -1.812D-03  6.924D-01
  0.000D+00 -1.000D+00
 -2.185D-03  6.592D-01
  0.000D+00 -1.000D+00
 -2.677D-03  6.157D-01
  0.000D+00 -1.000D+00
 -3.386D-03  5.574D-01
  0.000D+00 -1.000D+00
 -4.566D-03  4.757D-01
  0.000D+00 -1.000D+00
 -7.299D-03  3.498D-01
  0.000D+00 -1.000D+00
 -8.849D-05  7.908D-01
  0.000D+00 -1.000D+00
 -2.079D-04  7.896D-01
  0.000D+00 -1.000D+00
 -3.307D-04  7.874D-01
  0.000D+00 -1.000D+00
 -4.591D-04  7.839D-01
  0.000D+00 -1.000D+00
 -5.954D-04  7.790D-01
  0.000D+00 -1.000D+00
 -7.427D-04  7.723D-01
  0.000D+00 -1.000D+00
 -9.044D-04  7.633D-01
  0.000D+00 -1.000D+00
 -1.085D-03  7.515D-01
  0.000D+00 -1.000D+00
 -1.292D-03  7.361D-01
  0.000D+00 -1.000D+00
 -1.532D-03  7.162D-01
  0.000D+00 -1.000D+00
 -1.822D-03  6.905D-01
  0.000D+00 -1.000D+00
 -2.184D-03  6.571D-01
  0.000D+00 -1.000D+00
 -2.661D-03  6.130D-01
  0.000D+00 -1.000D+00
 -3.345D-03  5.537D-01
  0.000D+00 -1.000D+00
 -4.482D-03  4.701D-01
  0.000D+00 -1.000D+00
 -7.105D-03  3.398D-01
  0.000D+00 -1.000D+00
  0.000D+00 -1.000D+00
 -1.408D-04  7.895D-01
  0.000D+00 -1.000D+00
 -2.557D-04  7.881D-01
  0.000D+00 -1.000D+00
 -3.745D-04  7.857D-01
  0.000D+00 -1.000D+00
 -4.992D-04  7.822D-01
  0.000D+00 -1.000D+00
 -6.322D-04  7.773D-01
  0.000D+00 -1.000D+00
 -7.760D-04  7.706D-01
  0.000D+00 -1.000D+00
 -9.341D-04  7.616D-01
  0.000D+00 -1.000D+00
 -1.111D-03  7.499D-01
  0.000D+00 -1.000D+00
 -1.312D-03  7.346D-01
  0.000D+00 -1.000D+00
 -1.547D-03  7.147D-01
  0.000D+00 -1.000D+00
 -1.829D-03  6.889D-01
  0.000D+00 -1.000D+00
 -2.181D-03  6.553D-01
  0.000D+00 -1.000D+00
 -2.643D-03  6.108D-01
  0.000D+00 -1.000D+00
 -3.303D-03  5.506D-01
  0.000D+00 -1.000D+00
 -4.397D-03  4.652D-01
  0.000D+00 -1.000D+00
 -6.915D-03  3.306D-01
  0.000D+00 -1.000D+00
 -8.036D-05  7.889D-01
  0.000D+00 -1.000D+00
 -1.886D-04  7.881D-01
  0.000D+00 -1.000D+00
 -2.995D-04  7.866D-01
  0.000D+00 -1.000D+00
 -4.148D-04  7.841D-01
  0.000D+00 -1.000D+00
 -5.362D-04  7.806D-01
  0.000D+00 -1.000D+00
 -6.659D-04  7.757D-01
  0.000D+00 -1.000D+00
 -8.065D-04  7.691D-01
  0.000D+00 -1.000D+00
 -9.611D-04  7.602D-01
  0.000D+00 -1.000D+00
 -1.134D-03  7.486D-01
  0.000D+00 -1.000D+00
 -1.331D-03  7.333D-01
  0.000D+00 -1.000D+00
 -1.560D-03  7.135D-01
  0.000D+00 -1.000D+00
 -1.834D-03  6.877D-01
  0.000D+00 -1.000D+00
 -2.175D-03  6.539D-01
  0.000D+00 -1.000D+00
 -2.623D-03  6.091D-01
  0.000D+00 -1.000D+00
 -3.260D-03  5.481D-01
  0.000D+00 -1.000D+00
 -4.313D-03  4.609D-01
  0.000D+00 -1.000D+00
 -6.729D-03  3.223D-01
  0.000D+00 -1.000D+00
  0.000D+00 -1.000D+00
 -1.282D-04  7.877D-01
  0.000D+00 -1.000D+00
 -2.324D-04  7.867D-01
  0.000D+00 -1.000D+00
 -3.398D-04  7.851D-01
  0.000D+00 -1.000D+00
 -4.519D-04  7.827D-01
  0.000D+00 -1.000D+00
 -5.702D-04  7.792D-01
  0.000D+00 -1.000D+00
 -6.970D-04  7.743D-01
  0.000D+00 -1.000D+00
 -8.344D-04  7.678D-01
  0.000D+00 -1.000D+00
 -9.857D-04  7.590D-01
  0.000D+00 -1.000D+00
 -1.155D-03  7.474D-01
  0.000D+00 -1.000D+00
 -1.347D-03  7.323D-01
  0.000D+00 -1.000D+00
 -1.571D-03  7.125D-01
  0.000D+00 -1.000D+00
 -1.838D-03  6.867D-01
  0.000D+00 -1.000D+00
 -2.169D-03  6.528D-01
  0.000D+00 -1.000D+00
 -2.602D-03  6.077D-01
  0.000D+00 -1.000D+00
 -3.217D-03  5.460D-01
  0.000D+00 -1.000D+00
 -4.229D-03  4.573D-01
  0.000D+00 -1.000D+00
 -6.547D-03  3.148D-01
  0.000D+00 -1.000D+00
 -7.334D-05  7.869D-01
  0.000D+00 -1.000D+00
 -1.720D-04  7.863D-01
  0.000D+00 -1.000D+00
 -2.728D-04  7.853D-01
  0.000D+00 -1.000D+00
 -3.770D-04  7.837D-01
  0.000D+00 -1.000D+00
 -4.861D-04  7.813D-01
  0.000D+00 -1.000D+00
 -6.017D-04  7.779D-01
  0.000D+00 -1.000D+00
 -7.255D-04  7.731D-01
  0.000D+00 -1.000D+00
 -8.600D-04  7.667D-01
  0.000D+00 -1.000D+00
 -1.008D-03  7.580D-01
  0.000D+00 -1.000D+00
 -1.173D-03  7.465D-01
  0.000D+00 -1.000D+00
 -1.361D-03  7.314D-01
  0.000D+00 -1.000D+00
 -1.579D-03  7.117D-01
  0.000D+00 -1.000D+00
 -1.839D-03  6.859D-01
  0.000D+00 -1.000D+00
 -2.160D-03  6.520D-01
  0.000D+00 -1.000D+00
 -2.579D-03  6.066D-01
  0.000D+00 -1.000D+00
 -3.173D-03  5.444D-01
  0.000D+00 -1.000D+00
 -4.147D-03  4.542D-01
  0.000D+00 -1.000D+00
 -6.370D-03  3.081D-01
  0.000D+00 -1.000D+00
  0.000D+00 -1.000D+00
 -1.172D-04  7.856D-01
  0.000D+00 -1.000D+00
 -2.124D-04  7.850D-01
  0.000D+00 -1.000D+00
 -3.101D-04  7.840D-01
  0.000D+00 -1.000D+00
 -4.114D-04  7.824D-01
  0.000D+00 -1.000D+00
 -5.178D-04  7.801D-01
  0.000D+00 -1.000D+00
 -6.307D-04  7.767D-01
  0.000D+00 -1.000D+00
 -7.519D-04  7.721D-01
  0.000D+00 -1.000D+00
 -8.836D-04  7.657D-01
  0.000D+00 -1.000D+00
 -1.028D-03  7.571D-01
  0.000D+00 -1.000D+00
 -1.190D-03  7.457D-01
  0.000D+00 -1.000D+00
 -1.374D-03  7.307D-01
  0.000D+00 -1.000D+00
 -1.586D-03  7.111D-01
  0.000D+00 -1.000D+00
 -1.839D-03  6.854D-01
  0.000D+00 -1.000D+00
 -2.151D-03  6.514D-01
  0.000D+00 -1.000D+00
 -2.556D-03  6.059D-01
  0.000D+00 -1.000D+00
 -3.129D-03  5.431D-01
  0.000D+00 -1.000D+00
 -4.065D-03  4.517D-01
  0.000D+00 -1.000D+00
 -6.197D-03  3.022D-01
  0.000D+00 -1.000D+00
 -6.725D-05  7.846D-01
  0.000D+00 -1.000D+00
 -1.576D-04  7.843D-01
  0.000D+00 -1.000D+00
 -2.497D-04  7.837D-01
  0.000D+00 -1.000D+00
 -3.446D-04  7.827D-01
  0.000D+00 -1.000D+00
 -4.433D-04  7.812D-01
  0.000D+00 -1.000D+00
 -5.472D-04  7.789D-01
  0.000D+00 -1.000D+00
 -6.576D-04  7.757D-01
  0.000D+00 -1.000D+00
 -7.762D-04  7.711D-01
  0.000D+00 -1.000D+00
 -9.052D-04  7.648D-01
  0.000D+00 -1.000D+00
 -1.047D-03  7.563D-01
  0.000D+00 -1.000D+00
 -1.205D-03  7.450D-01
  0.000D+00 -1.000D+00
 -1.384D-03  7.301D-01
  0.000D+00 -1.000D+00
 -1.592D-03  7.106D-01
  0.000D+00 -1.000D+00
 -1.837D-03  6.849D-01
  0.000D+00 -1.000D+00
 -2.140D-03  6.510D-01
  0.000D+00 -1.000D+00
 -2.532D-03  6.053D-01
  0.000D+00 -1.000D+00
 -3.084D-03  5.422D-01
  0.000D+00 -1.000D+00
 -3.985D-03  4.497D-01
  0.000D+00 -1.000D+00
 -6.028D-03  2.970D-01
  0.000D+00 -1.000D+00
  0.000D+00 -1.000D+00
 -1.077D-04  7.833D-01
  0.000D+00 -1.000D+00
 -1.950D-04  7.830D-01
  0.000D+00 -1.000D+00
 -2.843D-04  7.825D-01
  0.000D+00 -1.000D+00
 -3.766D-04  7.815D-01
  0.000D+00 -1.000D+00
 -4.729D-04  7.801D-01
  0.000D+00 -1.000D+00
 -5.744D-04  7.779D-01
  0.000D+00 -1.000D+00
 -6.825D-04  7.747D-01
  0.000D+00 -1.000D+00
 -7.987D-04  7.702D-01
  0.000D+00 -1.000D+00
 -9.250D-04  7.640D-01
  0.000D+00 -1.000D+00
 -1.064D-03  7.556D-01
  0.000D+00 -1.000D+00
 -1.218D-03  7.444D-01
  0.000D+00 -1.000D+00
 -1.394D-03  7.296D-01
  0.000D+00 -1.000D+00
 -1.596D-03  7.101D-01
  0.000D+00 -1.000D+00
 -1.835D-03  6.845D-01
  0.000D+00 -1.000D+00
 -2.128D-03  6.506D-01
  0.000D+00 -1.000D+00
 -2.508D-03  6.050D-01
  0.000D+00 -1.000D+00
 -3.040D-03  5.415D-01
  0.000D+00 -1.000D+00
 -3.906D-03  4.481D-01
  0.000D+00 -1.000D+00
 -5.865D-03  2.924D-01
  0.000D+00 -1.000D+00
 -6.191D-05  7.821D-01
  0.000D+00 -1.000D+00
 -1.450D-04  7.820D-01
  0.000D+00 -1.000D+00
 -2.296D-04  7.818D-01
  0.000D+00 -1.000D+00
 -3.164D-04  7.813D-01
  0.000D+00 -1.000D+00
 -4.063D-04  7.804D-01
  0.000D+00 -1.000D+00
 -5.004D-04  7.790D-01
  0.000D+00 -1.000D+00
 -5.998D-04  7.769D-01
  0.000D+00 -1.000D+00
 -7.056D-04  7.738D-01
  0.000D+00 -1.000D+00
 -8.195D-04  7.694D-01
  0.000D+00 -1.000D+00
 -9.432D-04  7.632D-01
  0.000D+00 -1.000D+00
 -1.079D-03  7.549D-01
  0.000D+00 -1.000D+00
 -1.230D-03  7.438D-01
  0.000D+00 -1.000D+00
 -1.401D-03  7.291D-01
  0.000D+00 -1.000D+00
 -1.598D-03  7.097D-01
  0.000D+00 -1.000D+00
 -1.831D-03  6.842D-01
  0.000D+00 -1.000D+00
 -2.116D-03  6.504D-01
  0.000D+00 -1.000D+00
 -2.483D-03  6.047D-01
  0.000D+00 -1.000D+00
 -2.997D-03  5.411D-01
  0.000D+00 -1.000D+00
 -3.829D-03  4.469D-01
  0.000D+00 -1.000D+00
 -5.706D-03  2.885D-01
  0.000D+00 -1.000D+00
  0.000D+00 -1.000D+00
 -9.930D-05  7.808D-01
  0.000D+00 -1.000D+00
 -1.797D-04  7.807D-01
  0.000D+00 -1.000D+00
 -2.618D-04  7.805D-01
  0.000D+00 -1.000D+00
 -3.463D-04  7.801D-01
  0.000D+00 -1.000D+00
 -4.341D-04  7.793D-01
  0.000D+00 -1.000D+00
 -5.261D-04  7.780D-01
  0.000D+00 -1.000D+00
 -6.233D-04  7.760D-01
  0.000D+00 -1.000D+00
 -7.270D-04  7.729D-01
  0.000D+00 -1.000D+00
 -8.386D-04  7.685D-01
  0.000D+00 -1.000D+00
 -9.599D-04  7.625D-01
  0.000D+00 -1.000D+00
 -1.093D-03  7.542D-01
  0.000D+00 -1.000D+00
 -1.241D-03  7.432D-01
  0.000D+00 -1.000D+00
 -1.408D-03  7.285D-01
  0.000D+00 -1.000D+00
 -1.600D-03  7.093D-01
  0.000D+00 -1.000D+00
 -1.826D-03  6.839D-01
  0.000D+00 -1.000D+00
 -2.103D-03  6.502D-01
  0.000D+00 -1.000D+00
 -2.458D-03  6.046D-01
  0.000D+00 -1.000D+00
 -2.953D-03  5.408D-01
  0.000D+00 -1.000D+00
 -3.753D-03  4.460D-01
  0.000D+00 -1.000D+00
 -5.553D-03  2.852D-01
  0.000D+00 -1.000D+00
 -5.721D-05  7.795D-01
  0.000D+00 -1.000D+00
 -1.340D-04  7.795D-01
  0.000D+00 -1.000D+00
 -2.119D-04  7.795D-01
  0.000D+00 -1.000D+00
 -2.917D-04  7.794D-01
  0.000D+00 -1.000D+00
 -3.741D-04  7.790D-01
  0.000D+00 -1.000D+00
 -4.599D-04  7.783D-01
  0.000D+00 -1.000D+00
 -5.500D-04  7.770D-01
  0.000D+00 -1.000D+00
 -6.453D-04  7.750D-01
  0.000D+00 -1.000D+00
 -7.469D-04  7.720D-01
  0.000D+00 -1.000D+00
 -8.564D-04  7.677D-01
  0.000D+00 -1.000D+00
 -9.752D-04  7.617D-01
  0.000D+00 -1.000D+00
 -1.106D-03  7.535D-01
  0.000D+00 -1.000D+00
 -1.250D-03  7.425D-01
  0.000D+00 -1.000D+00
 -1.413D-03  7.280D-01
  0.000D+00 -1.000D+00
 -1.601D-03  7.088D-01
  0.000D+00 -1.000D+00
 -1.821D-03  6.836D-01
  0.000D+00 -1.000D+00
 -2.089D-03  6.500D-01
  0.000D+00 -1.000D+00
 -2.432D-03  6.045D-01
  0.000D+00 -1.000D+00
 -2.910D-03  5.407D-01
  0.000D+00 -1.000D+00
 -3.679D-03  4.454D-01
  0.000D+00 -1.000D+00
 -5.404D-03  2.824D-01
  0.000D+00 -1.000D+00
  0.000D+00 -1.000D+00
 -9.190D-05  7.782D-01
  0.000D+00 -1.000D+00
 -1.662D-04  7.782D-01
  0.000D+00 -1.000D+00
 -2.419D-04  7.783D-01
  0.000D+00 -1.000D+00
 -3.197D-04  7.782D-01
  0.000D+00 -1.000D+00
 -4.001D-04  7.779D-01
  0.000D+00 -1.000D+00
 -4.841D-04  7.772D-01
  0.000D+00 -1.000D+00
 -5.723D-04  7.761D-01
  0.000D+00 -1.000D+00
 -6.657D-04  7.741D-01
  0.000D+00 -1.000D+00
 -7.654D-04  7.711D-01
  0.000D+00 -1.000D+00
 -8.727D-04  7.668D-01
  0.000D+00 -1.000D+00
 -9.892D-04  7.609D-01
  0.000D+00 -1.000D+00
 -1.117D-03  7.527D-01
  0.000D+00 -1.000D+00
 -1.259D-03  7.418D-01
  0.000D+00 -1.000D+00
 -1.418D-03  7.273D-01
  0.000D+00 -1.000D+00
 -1.600D-03  7.083D-01
  0.000D+00 -1.000D+00
 -1.815D-03  6.832D-01
  0.000D+00 -1.000D+00
 -2.075D-03  6.498D-01
  0.000D+00 -1.000D+00
 -2.407D-03  6.045D-01
  0.000D+00 -1.000D+00
 -2.868D-03  5.407D-01
  0.000D+00 -1.000D+00
 -3.607D-03  4.450D-01
  0.000D+00 -1.000D+00
 -5.260D-03  2.802D-01
  0.000D+00 -1.000D+00
 -5.304D-05  7.767D-01
  0.000D+00 -1.000D+00
 -1.242D-04  7.768D-01
  0.000D+00 -1.000D+00
 -1.963D-04  7.769D-01
  0.000D+00 -1.000D+00
 -2.700D-04  7.771D-01
  0.000D+00 -1.000D+00
 -3.458D-04  7.770D-01
  0.000D+00 -1.000D+00
 -4.245D-04  7.768D-01
  0.000D+00 -1.000D+00
 -5.066D-04  7.762D-01
  0.000D+00 -1.000D+00
 -5.931D-04  7.751D-01
  0.000D+00 -1.000D+00
 -6.848D-04  7.731D-01
  0.000D+00 -1.000D+00
 -7.826D-04  7.702D-01
  0.000D+00 -1.000D+00
 -8.879D-04  7.659D-01
  0.000D+00 -1.000D+00
 -1.002D-03  7.599D-01
  0.000D+00 -1.000D+00
 -1.127D-03  7.518D-01
  0.000D+00 -1.000D+00
 -1.266D-03  7.409D-01
  0.000D+00 -1.000D+00
 -1.421D-03  7.266D-01
  0.000D+00 -1.000D+00
 -1.599D-03  7.077D-01
  0.000D+00 -1.000D+00
 -1.808D-03  6.827D-01
  0.000D+00 -1.000D+00
 -2.060D-03  6.495D-01
  0.000D+00 -1.000D+00
 -2.382D-03  6.044D-01
  0.000D+00 -1.000D+00
 -2.826D-03  5.408D-01
  0.000D+00 -1.000D+00
 -3.537D-03  4.449D-01
  0.000D+00 -1.000D+00
 -5.121D-03  2.783D-01
  0.000D+00 -1.000D+00
  0.000D+00 -1.000D+00
 -8.532D-05  7.753D-01
  0.000D+00 -1.000D+00
 -1.543D-04  7.755D-01
  0.000D+00 -1.000D+00
 -2.244D-04  7.757D-01
  0.000D+00 -1.000D+00
 -2.962D-04  7.759D-01
  0.000D+00 -1.000D+00
 -3.703D-04  7.759D-01
  0.000D+00 -1.000D+00
 -4.473D-04  7.757D-01
  0.000D+00 -1.000D+00
 -5.278D-04  7.752D-01
  0.000D+00 -1.000D+00
 -6.126D-04  7.740D-01
  0.000D+00 -1.000D+00
 -7.026D-04  7.721D-01
  0.000D+00 -1.000D+00
 -7.986D-04  7.691D-01
  0.000D+00 -1.000D+00
 -9.019D-04  7.649D-01
  0.000D+00 -1.000D+00
 -1.014D-03  7.589D-01
  0.000D+00 -1.000D+00
 -1.136D-03  7.508D-01
  0.000D+00 -1.000D+00
 -1.272D-03  7.400D-01
  0.000D+00 -1.000D+00
 -1.424D-03  7.257D-01
  0.000D+00 -1.000D+00
 -1.597D-03  7.069D-01
  0.000D+00 -1.000D+00
 -1.800D-03  6.821D-01
  0.000D+00 -1.000D+00
 -2.045D-03  6.491D-01
  0.000D+00 -1.000D+00
 -2.356D-03  6.043D-01
  0.000D+00 -1.000D+00
 -2.785D-03  5.408D-01
  0.000D+00 -1.000D+00
 -3.468D-03  4.448D-01
  0.000D+00 -1.000D+00
 -4.986D-03  2.769D-01
  0.000D+00 -1.000D+00
 -4.932D-05  7.737D-01
  0.000D+00 -1.000D+00
 -1.154D-04  7.739D-01
  0.000D+00 -1.000D+00
 -1.824D-04  7.741D-01
  0.000D+00 -1.000D+00
 -2.506D-04  7.744D-01
  0.000D+00 -1.000D+00
 -3.208D-04  7.746D-01
  0.000D+00 -1.000D+00
 -3.932D-04  7.748D-01
  0.000D+00 -1.000D+00
 -4.686D-04  7.746D-01
  0.000D+00 -1.000D+00
 -5.476D-04  7.740D-01
  0.000D+00 -1.000D+00
 -6.309D-04  7.729D-01
  0.000D+00 -1.000D+00
 -7.192D-04  7.710D-01
  0.000D+00 -1.000D+00
 -8.135D-04  7.680D-01
  0.000D+00 -1.000D+00
 -9.148D-04  7.637D-01
  0.000D+00 -1.000D+00
 -1.025D-03  7.578D-01
  0.000D+00 -1.000D+00
 -1.145D-03  7.497D-01
  0.000D+00 -1.000D+00
 -1.277D-03  7.389D-01
  0.000D+00 -1.000D+00
 -1.426D-03  7.247D-01
  0.000D+00 -1.000D+00
 -1.595D-03  7.060D-01
  0.000D+00 -1.000D+00
 -1.792D-03  6.814D-01
  0.000D+00 -1.000D+00
 -2.030D-03  6.486D-01
  0.000D+00 -1.000D+00
 -2.331D-03  6.040D-01
  0.000D+00 -1.000D+00
 -2.744D-03  5.409D-01
  0.000D+00 -1.000D+00
 -3.401D-03  4.449D-01
  0.000D+00 -1.000D+00
 -4.857D-03  2.758D-01
  0.000D+00 -1.000D+00
  0.000D+00 -1.000D+00
 -7.945D-05  7.723D-01
  0.000D+00 -1.000D+00
 -1.436D-04  7.725D-01
  0.000D+00 -1.000D+00
 -2.087D-04  7.728D-01
  0.000D+00 -1.000D+00
 -2.753D-04  7.731D-01
  0.000D+00 -1.000D+00
 -3.438D-04  7.734D-01
  0.000D+00 -1.000D+00
 -4.148D-04  7.736D-01
  0.000D+00 -1.000D+00
 -4.887D-04  7.734D-01
  0.000D+00 -1.000D+00
 -5.662D-04  7.729D-01
  0.000D+00 -1.000D+00
 -6.480D-04  7.717D-01
  0.000D+00 -1.000D+00
 -7.347D-04  7.698D-01
  0.000D+00 -1.000D+00
 -8.273D-04  7.668D-01
  0.000D+00 -1.000D+00
 -9.268D-04  7.624D-01
  0.000D+00 -1.000D+00
 -1.034D-03  7.565D-01
  0.000D+00 -1.000D+00
 -1.152D-03  7.484D-01
  0.000D+00 -1.000D+00
 -1.282D-03  7.376D-01
  0.000D+00 -1.000D+00
 -1.427D-03  7.235D-01
  0.000D+00 -1.000D+00
 -1.592D-03  7.049D-01
  0.000D+00 -1.000D+00
 -1.784D-03  6.805D-01
  0.000D+00 -1.000D+00
 -2.014D-03  6.480D-01
  0.000D+00 -1.000D+00
 -2.305D-03  6.037D-01
  0.000D+00 -1.000D+00
 -2.704D-03  5.409D-01
  0.000D+00 -1.000D+00
 -3.336D-03  4.451D-01
  0.000D+00 -1.000D+00
 -4.731D-03  2.750D-01
  0.000D+00 -1.000D+00
 -4.599D-05  7.706D-01
  0.000D+00 -1.000D+00
 -1.076D-04  7.708D-01
  0.000D+00 -1.000D+00
 -1.700D-04  7.711D-01
  0.000D+00 -1.000D+00
 -2.334D-04  7.715D-01
  0.000D+00 -1.000D+00
 -2.985D-04  7.718D-01
  0.000D+00 -1.000D+00
 -3.655D-04  7.722D-01
  0.000D+00 -1.000D+00
 -4.350D-04  7.723D-01
  0.000D+00 -1.000D+00
 -5.076D-04  7.722D-01
  0.000D+00 -1.000D+00
 -5.837D-04  7.716D-01
  0.000D+00 -1.000D+00
 -6.640D-04  7.704D-01
  0.000D+00 -1.000D+00
 -7.492D-04  7.684D-01
  0.000D+00 -1.000D+00
 -8.401D-04  7.654D-01
  0.000D+00 -1.000D+00
 -9.378D-04  7.610D-01
  0.000D+00 -1.000D+00
 -1.043D-03  7.550D-01
  0.000D+00 -1.000D+00
 -1.159D-03  7.469D-01
  0.000D+00 -1.000D+00
 -1.286D-03  7.362D-01
  0.000D+00 -1.000D+00
 -1.427D-03  7.221D-01
  0.000D+00 -1.000D+00
 -1.588D-03  7.036D-01
  0.000D+00 -1.000D+00
 -1.775D-03  6.794D-01
  0.000D+00 -1.000D+00
 -1.998D-03  6.472D-01
  0.000D+00 -1.000D+00
 -2.280D-03  6.032D-01
  0.000D+00 -1.000D+00
 -2.665D-03  5.408D-01
  0.000D+00 -1.000D+00
 -3.272D-03  4.453D-01
  0.000D+00 -1.000D+00
 -4.610D-03  2.744D-01
  0.000D+00 -1.000D+00
  0.000D+00 -1.000D+00
 -7.418D-05  7.690D-01
  0.000D+00 -1.000D+00
 -1.340D-04  7.693D-01
  0.000D+00 -1.000D+00
 -1.947D-04  7.697D-01
  0.000D+00 -1.000D+00
 -2.566D-04  7.701D-01
  0.000D+00 -1.000D+00
 -3.202D-04  7.705D-01
  0.000D+00 -1.000D+00
 -3.859D-04  7.709D-01
  0.000D+00 -1.000D+00
 -4.541D-04  7.710D-01
  0.000D+00 -1.000D+00
 -5.253D-04  7.708D-01
  0.000D+00 -1.000D+00
 -6.001D-04  7.702D-01
  0.000D+00 -1.000D+00
 -6.790D-04  7.690D-01
  0.000D+00 -1.000D+00
 -7.627D-04  7.669D-01
  0.000D+00 -1.000D+00
 -8.520D-04  7.638D-01
  0.000D+00 -1.000D+00
 -9.479D-04  7.594D-01
  0.000D+00 -1.000D+00
 -1.052D-03  7.533D-01
  0.000D+00 -1.000D+00
 -1.164D-03  7.452D-01
  0.000D+00 -1.000D+00
 -1.289D-03  7.345D-01
  0.000D+00 -1.000D+00
 -1.427D-03  7.205D-01
  0.000D+00 -1.000D+00
 -1.584D-03  7.022D-01
  0.000D+00 -1.000D+00
 -1.765D-03  6.781D-01
  0.000D+00 -1.000D+00
 -1.983D-03  6.462D-01
  0.000D+00 -1.000D+00
 -2.255D-03  6.026D-01
  0.000D+00 -1.000D+00
 -2.627D-03  5.406D-01
  0.000D+00 -1.000D+00
 -3.211D-03  4.454D-01
  0.000D+00 -1.000D+00
 -4.493D-03  2.741D-01
  0.000D+00 -1.000D+00
 -4.300D-05  7.673D-01
  0.000D+00 -1.000D+00
 -1.006D-04  7.675D-01
  0.000D+00 -1.000D+00
 -1.588D-04  7.678D-01
  0.000D+00 -1.000D+00
 -2.180D-04  7.682D-01
  0.000D+00 -1.000D+00
 -2.785D-04  7.687D-01
  0.000D+00 -1.000D+00
 -3.408D-04  7.691D-01
  0.000D+00 -1.000D+00
 -4.051D-04  7.695D-01
  0.000D+00 -1.000D+00
 -4.721D-04  7.696D-01
  0.000D+00 -1.000D+00
 -5.420D-04  7.694D-01
  0.000D+00 -1.000D+00
 -6.155D-04  7.687D-01
  0.000D+00 -1.000D+00
 -6.930D-04  7.674D-01
  0.000D+00 -1.000D+00
 -7.753D-04  7.653D-01
  0.000D+00 -1.000D+00
 -8.630D-04  7.621D-01
  0.000D+00 -1.000D+00
 -9.572D-04  7.576D-01
  0.000D+00 -1.000D+00
 -1.059D-03  7.515D-01
  0.000D+00 -1.000D+00
 -1.169D-03  7.433D-01
  0.000D+00 -1.000D+00
 -1.291D-03  7.326D-01
  0.000D+00 -1.000D+00
 -1.426D-03  7.187D-01
  0.000D+00 -1.000D+00
 -1.579D-03  7.005D-01
  0.000D+00 -1.000D+00
 -1.756D-03  6.766D-01
  0.000D+00 -1.000D+00
 -1.967D-03  6.450D-01
  0.000D+00 -1.000D+00
 -2.231D-03  6.018D-01
  0.000D+00 -1.000D+00
 -2.589D-03  5.403D-01
  0.000D+00 -1.000D+00
 -3.151D-03  4.456D-01
  0.000D+00 -1.000D+00
 -4.381D-03  2.740D-01
  0.000D+00 -1.000D+00
  0.000D+00 -1.000D+00
 -6.942D-05  7.656D-01
  0.000D+00 -1.000D+00
 -1.254D-04  7.659D-01
  0.000D+00 -1.000D+00
 -1.821D-04  7.663D-01
  0.000D+00 -1.000D+00
 -2.399D-04  7.668D-01
  0.000D+00 -1.000D+00
 -2.991D-04  7.673D-01
  0.000D+00 -1.000D+00
 -3.601D-04  7.677D-01
  0.000D+00 -1.000D+00
 -4.233D-04  7.680D-01
  0.000D+00 -1.000D+00
 -4.890D-04  7.681D-01
  0.000D+00 -1.000D+00
 -5.577D-04  7.678D-01
  0.000D+00 -1.000D+00
 -6.300D-04  7.671D-01
  0.000D+00 -1.000D+00
 -7.062D-04  7.657D-01
  0.000D+00 -1.000D+00
 -7.871D-04  7.634D-01
  0.000D+00 -1.000D+00
 -8.733D-04  7.602D-01
  0.000D+00 -1.000D+00
 -9.657D-04  7.556D-01
  0.000D+00 -1.000D+00
 -1.065D-03  7.494D-01
  0.000D+00 -1.000D+00
 -1.174D-03  7.412D-01
  0.000D+00 -1.000D+00
 -1.293D-03  7.305D-01
  0.000D+00 -1.000D+00
 -1.425D-03  7.166D-01
  0.000D+00 -1.000D+00
 -1.574D-03  6.985D-01
  0.000D+00 -1.000D+00
 -1.746D-03  6.749D-01
  0.000D+00 -1.000D+00
 -1.950D-03  6.435D-01
  0.000D+00 -1.000D+00
 -2.206D-03  6.008D-01
  0.000D+00 -1.000D+00
 -2.552D-03  5.398D-01
  0.000D+00 -1.000D+00
 -3.092D-03  4.457D-01
  0.000D+00 -1.000D+00
 -4.272D-03  2.740D-01
  0.000D+00 -1.000D+00
 -4.029D-05  7.638D-01
  0.000D+00 -1.000D+00
 -9.424D-05  7.640D-01
  0.000D+00 -1.000D+00
 -1.487D-04  7.643D-01
  0.000D+00 -1.000D+00
 -2.041D-04  7.648D-01
  0.000D+00 -1.000D+00
 -2.606D-04  7.653D-01
  0.000D+00 -1.000D+00
 -3.186D-04  7.658D-01
  0.000D+00 -1.000D+00
 -3.784D-04  7.662D-01
  0.000D+00 -1.000D+00
 -4.404D-04  7.664D-01
  0.000D+00 -1.000D+00
 -5.050D-04  7.665D-01
  0.000D+00 -1.000D+00
 -5.726D-04  7.661D-01
  0.000D+00 -1.000D+00
 -6.436D-04  7.653D-01
  0.000D+00 -1.000D+00
 -7.185D-04  7.638D-01
  0.000D+00 -1.000D+00
 -7.980D-04  7.614D-01
  0.000D+00 -1.000D+00
 -8.828D-04  7.581D-01
  0.000D+00 -1.000D+00
 -9.735D-04  7.534D-01
  0.000D+00 -1.000D+00
 -1.071D-03  7.471D-01
  0.000D+00 -1.000D+00
 -1.178D-03  7.389D-01
  0.000D+00 -1.000D+00
 -1.294D-03  7.282D-01
  0.000D+00 -1.000D+00
 -1.423D-03  7.143D-01
  0.000D+00 -1.000D+00
 -1.568D-03  6.964D-01
  0.000D+00 -1.000D+00
 -1.736D-03  6.729D-01
  0.000D+00 -1.000D+00
 -1.934D-03  6.419D-01
  0.000D+00 -1.000D+00
 -2.182D-03  5.995D-01
  0.000D+00 -1.000D+00
 -2.515D-03  5.391D-01
  0.000D+00 -1.000D+00
 -3.036D-03  4.456D-01
  0.000D+00 -1.000D+00
 -4.167D-03  2.741D-01
  0.000D+00 -1.000D+00
  0.000D+00 -1.000D+00
 -6.512D-05  7.621D-01
  0.000D+00 -1.000D+00
 -1.176D-04  7.623D-01
  0.000D+00 -1.000D+00
 -1.707D-04  7.627D-01
  0.000D+00 -1.000D+00
 -2.248D-04  7.632D-01
  0.000D+00 -1.000D+00
 -2.801D-04  7.637D-01
  0.000D+00 -1.000D+00
 -3.369D-04  7.642D-01
  0.000D+00 -1.000D+00
 -3.956D-04  7.645D-01
  0.000D+00 -1.000D+00
 -4.566D-04  7.648D-01
  0.000D+00 -1.000D+00
 -5.201D-04  7.647D-01
  0.000D+00 -1.000D+00
 -5.865D-04  7.643D-01
  0.000D+00 -1.000D+00
 -6.564D-04  7.633D-01
  0.000D+00 -1.000D+00
 -7.301D-04  7.617D-01
  0.000D+00 -1.000D+00
 -8.083D-04  7.592D-01
  0.000D+00 -1.000D+00
 -8.915D-04  7.557D-01
  0.000D+00 -1.000D+00
 -9.806D-04  7.510D-01
  0.000D+00 -1.000D+00
 -1.077D-03  7.446D-01
  0.000D+00 -1.000D+00
 -1.181D-03  7.364D-01
  0.000D+00 -1.000D+00
 -1.295D-03  7.256D-01
  0.000D+00 -1.000D+00
 -1.421D-03  7.118D-01
  0.000D+00 -1.000D+00
 -1.562D-03  6.940D-01
  0.000D+00 -1.000D+00
 -1.725D-03  6.707D-01
  0.000D+00 -1.000D+00
 -1.918D-03  6.400D-01
  0.000D+00 -1.000D+00
 -2.158D-03  5.981D-01
  0.000D+00 -1.000D+00
 -2.480D-03  5.383D-01
  0.000D+00 -1.000D+00
 -2.980D-03  4.455D-01
  0.000D+00 -1.000D+00
 -4.066D-03  2.743D-01
  0.000D+00 -1.000D+00
 -3.784D-05  7.602D-01
  0.000D+00 -1.000D+00
 -8.849D-05  7.603D-01
  0.000D+00 -1.000D+00
 -1.396D-04  7.607D-01
  0.000D+00 -1.000D+00
 -1.915D-04  7.611D-01
  0.000D+00 -1.000D+00
 -2.443D-04  7.615D-01
  0.000D+00 -1.000D+00
 -2.985D-04  7.620D-01
  0.000D+00 -1.000D+00
 -3.543D-04  7.625D-01
  0.000D+00 -1.000D+00
 -4.120D-04  7.628D-01
  0.000D+00 -1.000D+00
 -4.718D-04  7.629D-01
  0.000D+00 -1.000D+00
 -5.343D-04  7.628D-01
  0.000D+00 -1.000D+00
 -5.997D-04  7.622D-01
  0.000D+00 -1.000D+00
 -6.684D-04  7.611D-01
  0.000D+00 -1.000D+00
 -7.409D-04  7.594D-01
  0.000D+00 -1.000D+00
 -8.178D-04  7.568D-01
  0.000D+00 -1.000D+00
 -8.996D-04  7.532D-01
  0.000D+00 -1.000D+00
 -9.871D-04  7.483D-01
  0.000D+00 -1.000D+00
 -1.081D-03  7.419D-01
  0.000D+00 -1.000D+00
 -1.183D-03  7.336D-01
  0.000D+00 -1.000D+00
 -1.295D-03  7.228D-01
  0.000D+00 -1.000D+00
 -1.418D-03  7.090D-01
  0.000D+00 -1.000D+00
 -1.556D-03  6.913D-01
  0.000D+00 -1.000D+00
 -1.714D-03  6.683D-01
  0.000D+00 -1.000D+00
 -1.902D-03  6.379D-01
  0.000D+00 -1.000D+00
 -2.134D-03  5.964D-01
  0.000D+00 -1.000D+00
 -2.445D-03  5.373D-01
  0.000D+00 -1.000D+00
 -2.927D-03  4.453D-01
  0.000D+00 -1.000D+00
 -3.968D-03  2.745D-01
  0.000D+00 -1.000D+00
  0.000D+00 -1.000D+00
 -6.122D-05  7.584D-01
  0.000D+00 -1.000D+00
 -1.105D-04  7.586D-01
  0.000D+00 -1.000D+00
 -1.604D-04  7.589D-01
  0.000D+00 -1.000D+00
 -2.111D-04  7.594D-01
  0.000D+00 -1.000D+00
 -2.629D-04  7.598D-01
  0.000D+00 -1.000D+00
 -3.160D-04  7.603D-01
  0.000D+00 -1.000D+00
 -3.707D-04  7.607D-01
  0.000D+00 -1.000D+00
 -4.274D-04  7.609D-01
  0.000D+00 -1.000D+00
 -4.863D-04  7.610D-01
  0.000D+00 -1.000D+00
 -5.477D-04  7.607D-01
  0.000D+00 -1.000D+00
 -6.121D-04  7.600D-01
  0.000D+00 -1.000D+00
 -6.797D-04  7.588D-01
  0.000D+00 -1.000D+00
 -7.510D-04  7.569D-01
  0.000D+00 -1.000D+00
 -8.266D-04  7.542D-01
  0.000D+00 -1.000D+00
 -9.070D-04  7.504D-01
  0.000D+00 -1.000D+00
 -9.929D-04  7.455D-01
  0.000D+00 -1.000D+00
 -1.085D-03  7.389D-01
  0.000D+00 -1.000D+00
 -1.185D-03  7.305D-01
  0.000D+00 -1.000D+00
 -1.294D-03  7.198D-01
  0.000D+00 -1.000D+00
 -1.415D-03  7.060D-01
  0.000D+00 -1.000D+00
 -1.549D-03  6.884D-01
  0.000D+00 -1.000D+00
 -1.704D-03  6.656D-01
  0.000D+00 -1.000D+00
 -1.885D-03  6.355D-01
  0.000D+00 -1.000D+00
 -2.110D-03  5.945D-01
  0.000D+00 -1.000D+00
 -2.411D-03  5.360D-01
  0.000D+00 -1.000D+00
 -2.875D-03  4.448D-01
  0.000D+00 -1.000D+00
 -3.874D-03  2.748D-01
  0.000D+00 -1.000D+00
 -3.561D-05  7.564D-01
  0.000D+00 -1.000D+00
 -8.326D-05  7.565D-01
  0.000D+00 -1.000D+00
 -1.313D-04  7.568D-01
  0.000D+00 -1.000D+00
 -1.800D-04  7.572D-01
  0.000D+00 -1.000D+00
 -2.296D-04  7.576D-01
  0.000D+00 -1.000D+00
 -2.804D-04  7.580D-01
  0.000D+00 -1.000D+00
 -3.325D-04  7.584D-01
  0.000D+00 -1.000D+00
 -3.863D-04  7.588D-01
  0.000D+00 -1.000D+00
 -4.420D-04  7.589D-01
  0.000D+00 -1.000D+00
 -4.999D-04  7.588D-01
  0.000D+00 -1.000D+00
 -5.604D-04  7.584D-01
  0.000D+00 -1.000D+00
 -6.237D-04  7.576D-01
  0.000D+00 -1.000D+00
 -6.903D-04  7.563D-01
  0.000D+00 -1.000D+00
 -7.605D-04  7.542D-01
  0.000D+00 -1.000D+00
 -8.348D-04  7.513D-01
  0.000D+00 -1.000D+00
 -9.138D-04  7.475D-01
  0.000D+00 -1.000D+00
 -9.982D-04  7.423D-01
  0.000D+00 -1.000D+00
 -1.089D-03  7.357D-01
  0.000D+00 -1.000D+00
 -1.187D-03  7.272D-01
  0.000D+00 -1.000D+00
 -1.293D-03  7.165D-01
  0.000D+00 -1.000D+00
 -1.411D-03  7.027D-01
  0.000D+00 -1.000D+00
 -1.542D-03  6.852D-01
  0.000D+00 -1.000D+00
 -1.693D-03  6.626D-01
  0.000D+00 -1.000D+00
 -1.869D-03  6.328D-01
  0.000D+00 -1.000D+00
 -2.087D-03  5.923D-01
  0.000D+00 -1.000D+00
 -2.377D-03  5.345D-01
  0.000D+00 -1.000D+00
 -2.824D-03  4.443D-01
  0.000D+00 -1.000D+00
 -3.783D-03  2.750D-01
  0.000D+00 -1.000D+00
  0.000D+00 -1.000D+00
 -5.766D-05  7.545D-01
  0.000D+00 -1.000D+00
 -1.041D-04  7.547D-01
  0.000D+00 -1.000D+00
 -1.510D-04  7.550D-01
  0.000D+00 -1.000D+00
 -1.986D-04  7.553D-01
  0.000D+00 -1.000D+00
 -2.472D-04  7.557D-01
  0.000D+00 -1.000D+00
 -2.970D-04  7.561D-01
  0.000D+00 -1.000D+00
 -3.482D-04  7.565D-01
  0.000D+00 -1.000D+00
 -4.011D-04  7.567D-01
  0.000D+00 -1.000D+00
 -4.559D-04  7.567D-01
  0.000D+00 -1.000D+00
 -5.129D-04  7.565D-01
  0.000D+00 -1.000D+00
 -5.724D-04  7.560D-01
  0.000D+00 -1.000D+00
 -6.347D-04  7.550D-01
  0.000D+00 -1.000D+00
 -7.002D-04  7.535D-01
  0.000D+00 -1.000D+00
 -7.693D-04  7.513D-01
  0.000D+00 -1.000D+00
 -8.424D-04  7.483D-01
  0.000D+00 -1.000D+00
 -9.200D-04  7.442D-01
  0.000D+00 -1.000D+00
 -1.003D-03  7.390D-01
  0.000D+00 -1.000D+00
 -1.092D-03  7.323D-01
  0.000D+00 -1.000D+00
 -1.188D-03  7.237D-01
  0.000D+00 -1.000D+00
 -1.292D-03  7.129D-01
  0.000D+00 -1.000D+00
 -1.407D-03  6.992D-01
  0.000D+00 -1.000D+00
 -1.535D-03  6.818D-01
  0.000D+00 -1.000D+00
 -1.681D-03  6.594D-01
  0.000D+00 -1.000D+00
 -1.853D-03  6.299D-01
  0.000D+00 -1.000D+00
 -2.064D-03  5.899D-01
  0.000D+00 -1.000D+00
 -2.344D-03  5.328D-01
  0.000D+00 -1.000D+00
 -2.774D-03  4.435D-01
  0.000D+00 -1.000D+00
 -3.695D-03  2.751D-01
  0.000D+00 -1.000D+00
 -3.357D-05  7.524D-01
  0.000D+00 -1.000D+00
 -7.848D-05  7.525D-01
  0.000D+00 -1.000D+00
 -1.238D-04  7.528D-01
  0.000D+00 -1.000D+00
 -1.696D-04  7.531D-01
  0.000D+00 -1.000D+00
 -2.162D-04  7.534D-01
  0.000D+00 -1.000D+00
 -2.639D-04  7.538D-01
  0.000D+00 -1.000D+00
 -3.127D-04  7.541D-01
  0.000D+00 -1.000D+00
 -3.630D-04  7.544D-01
  0.000D+00 -1.000D+00
 -4.150D-04  7.545D-01
  0.000D+00 -1.000D+00
 -4.690D-04  7.544D-01
  0.000D+00 -1.000D+00
 -5.251D-04  7.541D-01
  0.000D+00 -1.000D+00
 -5.837D-04  7.534D-01
  0.000D+00 -1.000D+00
 -6.451D-04  7.522D-01
  0.000D+00 -1.000D+00
 -7.095D-04  7.505D-01
  0.000D+00 -1.000D+00
 -7.775D-04  7.482D-01
  0.000D+00 -1.000D+00
 -8.494D-04  7.450D-01
  0.000D+00 -1.000D+00
 -9.257D-04  7.408D-01
  0.000D+00 -1.000D+00
 -1.007D-03  7.354D-01
  0.000D+00 -1.000D+00
 -1.094D-03  7.285D-01
  0.000D+00 -1.000D+00
 -1.188D-03  7.199D-01
  0.000D+00 -1.000D+00
 -1.290D-03  7.091D-01
  0.000D+00 -1.000D+00
 -1.403D-03  6.954D-01
  0.000D+00 -1.000D+00
 -1.528D-03  6.781D-01
  0.000D+00 -1.000D+00
 -1.670D-03  6.559D-01
  0.000D+00 -1.000D+00
 -1.836D-03  6.267D-01
  0.000D+00 -1.000D+00
 -2.041D-03  5.873D-01
  0.000D+00 -1.000D+00
 -2.312D-03  5.308D-01
  0.000D+00 -1.000D+00
 -2.726D-03  4.425D-01
  0.000D+00 -1.000D+00
 -3.610D-03  2.752D-01
  0.000D+00 -1.000D+00
  0.000D+00 -1.000D+00
 -5.440D-05  7.504D-01
  0.000D+00 -1.000D+00
 -9.817D-05  7.506D-01
  0.000D+00 -1.000D+00
 -1.424D-04  7.508D-01
  0.000D+00 -1.000D+00
 -1.872D-04  7.511D-01
  0.000D+00 -1.000D+00
 -2.329D-04  7.514D-01
  0.000D+00 -1.000D+00
 -2.797D-04  7.517D-01
  0.000D+00 -1.000D+00
 -3.277D-04  7.520D-01
  0.000D+00 -1.000D+00
 -3.772D-04  7.521D-01
  0.000D+00 -1.000D+00
 -4.283D-04  7.521D-01
  0.000D+00 -1.000D+00
 -4.814D-04  7.519D-01
  0.000D+00 -1.000D+00
 -5.367D-04  7.514D-01
  0.000D+00 -1.000D+00
 -5.944D-04  7.505D-01
  0.000D+00 -1.000D+00
 -6.548D-04  7.492D-01
  0.000D+00 -1.000D+00
 -7.182D-04  7.474D-01
  0.000D+00 -1.000D+00
 -7.851D-04  7.448D-01
  0.000D+00 -1.000D+00
 -8.558D-04  7.414D-01
  0.000D+00 -1.000D+00
 -9.308D-04  7.371D-01
  0.000D+00 -1.000D+00
 -1.011D-03  7.315D-01
  0.000D+00 -1.000D+00
 -1.096D-03  7.246D-01
  0.000D+00 -1.000D+00
 -1.188D-03  7.159D-01
  0.000D+00 -1.000D+00
 -1.288D-03  7.050D-01
  0.000D+00 -1.000D+00
 -1.398D-03  6.914D-01
  0.000D+00 -1.000D+00
 -1.520D-03  6.742D-01
  0.000D+00 -1.000D+00
 -1.658D-03  6.521D-01
  0.000D+00 -1.000D+00
 -1.820D-03  6.233D-01
  0.000D+00 -1.000D+00
 -2.018D-03  5.843D-01
  0.000D+00 -1.000D+00
 -2.280D-03  5.286D-01
  0.000D+00 -1.000D+00
 -2.679D-03  4.413D-01
  0.000D+00 -1.000D+00
 -3.528D-03  2.753D-01
  0.000D+00 -1.000D+00
 -3.170D-05  7.483D-01
  0.000D+00 -1.000D+00
 -7.410D-05  7.484D-01
  0.000D+00 -1.000D+00
 -1.168D-04  7.485D-01
  0.000D+00 -1.000D+00
 -1.601D-04  7.488D-01
  0.000D+00 -1.000D+00
 -2.040D-04  7.490D-01
  0.000D+00 -1.000D+00
 -2.488D-04  7.493D-01
  0.000D+00 -1.000D+00
 -2.947D-04  7.495D-01
  0.000D+00 -1.000D+00
 -3.419D-04  7.497D-01
  0.000D+00 -1.000D+00
 -3.905D-04  7.497D-01
  0.000D+00 -1.000D+00
 -4.409D-04  7.496D-01
  0.000D+00 -1.000D+00
 -4.932D-04  7.492D-01
  0.000D+00 -1.000D+00
 -5.476D-04  7.486D-01
  0.000D+00 -1.000D+00
 -6.044D-04  7.475D-01
  0.000D+00 -1.000D+00
 -6.639D-04  7.460D-01
  0.000D+00 -1.000D+00
 -7.264D-04  7.439D-01
  0.000D+00 -1.000D+00
 -7.922D-04  7.412D-01
  0.000D+00 -1.000D+00
 -8.617D-04  7.377D-01
  0.000D+00 -1.000D+00
 -9.354D-04  7.331D-01
  0.000D+00 -1.000D+00
 -1.014D-03  7.275D-01
  0.000D+00 -1.000D+00
 -1.098D-03  7.204D-01
  0.000D+00 -1.000D+00
 -1.188D-03  7.116D-01
  0.000D+00 -1.000D+00
 -1.286D-03  7.007D-01
  0.000D+00 -1.000D+00
 -1.393D-03  6.871D-01
  0.000D+00 -1.000D+00
 -1.512D-03  6.700D-01
  0.000D+00 -1.000D+00
 -1.647D-03  6.481D-01
  0.000D+00 -1.000D+00
 -1.804D-03  6.196D-01
  0.000D+00 -1.000D+00
 -1.996D-03  5.811D-01
  0.000D+00 -1.000D+00
 -2.249D-03  5.262D-01
  0.000D+00 -1.000D+00
 -2.633D-03  4.399D-01
  0.000D+00 -1.000D+00
 -3.449D-03  2.751D-01
  0.000D+00 -1.000D+00
  0.000D+00 -1.000D+00
 -5.141D-05  7.462D-01
  0.000D+00 -1.000D+00
 -9.277D-05  7.463D-01
  0.000D+00 -1.000D+00
 -1.345D-04  7.465D-01
  0.000D+00 -1.000D+00
 -1.768D-04  7.467D-01
  0.000D+00 -1.000D+00
 -2.199D-04  7.469D-01
  0.000D+00 -1.000D+00
 -2.639D-04  7.471D-01
  0.000D+00 -1.000D+00
 -3.090D-04  7.472D-01
  0.000D+00 -1.000D+00
 -3.554D-04  7.472D-01
  0.000D+00 -1.000D+00
 -4.033D-04  7.472D-01
  0.000D+00 -1.000D+00
 -4.528D-04  7.469D-01
  0.000D+00 -1.000D+00
 -5.043D-04  7.463D-01
  0.000D+00 -1.000D+00
 -5.579D-04  7.455D-01
  0.000D+00 -1.000D+00
 -6.139D-04  7.443D-01
  0.000D+00 -1.000D+00
 -6.725D-04  7.426D-01
  0.000D+00 -1.000D+00
 -7.340D-04  7.403D-01
  0.000D+00 -1.000D+00
 -7.987D-04  7.374D-01
  0.000D+00 -1.000D+00
 -8.671D-04  7.337D-01
  0.000D+00 -1.000D+00
 -9.395D-04  7.290D-01
  0.000D+00 -1.000D+00
 -1.016D-03  7.231D-01
  0.000D+00 -1.000D+00
 -1.099D-03  7.159D-01
  0.000D+00 -1.000D+00
 -1.187D-03  7.071D-01
  0.000D+00 -1.000D+00
 -1.283D-03  6.961D-01
  0.000D+00 -1.000D+00
 -1.387D-03  6.825D-01
  0.000D+00 -1.000D+00
 -1.504D-03  6.655D-01
  0.000D+00 -1.000D+00
 -1.635D-03  6.438D-01
  0.000D+00 -1.000D+00
 -1.787D-03  6.157D-01
  0.000D+00 -1.000D+00
 -1.974D-03  5.777D-01
  0.000D+00 -1.000D+00
 -2.218D-03  5.234D-01
  0.000D+00 -1.000D+00
 -2.589D-03  4.383D-01
  0.000D+00 -1.000D+00
 -3.373D-03  2.749D-01
  0.000D+00 -1.000D+00
 -2.998D-05  7.440D-01
  0.000D+00 -1.000D+00
 -7.008D-05  7.441D-01
  0.000D+00 -1.000D+00
 -1.105D-04  7.442D-01
  0.000D+00 -1.000D+00
 -1.513D-04  7.443D-01
  0.000D+00 -1.000D+00
 -1.928D-04  7.445D-01
  0.000D+00 -1.000D+00
 -2.350D-04  7.446D-01
  0.000D+00 -1.000D+00
 -2.782D-04  7.447D-01
  0.000D+00 -1.000D+00
 -3.226D-04  7.447D-01
  0.000D+00 -1.000D+00
 -3.682D-04  7.447D-01
  0.000D+00 -1.000D+00
 -4.154D-04  7.444D-01
  0.000D+00 -1.000D+00
 -4.642D-04  7.440D-01
  0.000D+00 -1.000D+00
 -5.149D-04  7.433D-01
  0.000D+00 -1.000D+00
 -5.677D-04  7.422D-01
  0.000D+00 -1.000D+00
 -6.228D-04  7.408D-01
  0.000D+00 -1.000D+00
 -6.805D-04  7.389D-01
  0.000D+00 -1.000D+00
 -7.411D-04  7.365D-01
  0.000D+00 -1.000D+00
 -8.048D-04  7.333D-01
  0.000D+00 -1.000D+00
 -8.720D-04  7.294D-01
  0.000D+00 -1.000D+00
 -9.431D-04  7.246D-01
  0.000D+00 -1.000D+00
 -1.019D-03  7.186D-01
  0.000D+00 -1.000D+00
 -1.099D-03  7.113D-01
  0.000D+00 -1.000D+00
 -1.186D-03  7.023D-01
  0.000D+00 -1.000D+00
 -1.280D-03  6.913D-01
  0.000D+00 -1.000D+00
 -1.382D-03  6.777D-01
  0.000D+00 -1.000D+00
 -1.495D-03  6.608D-01
  0.000D+00 -1.000D+00
 -1.623D-03  6.393D-01
  0.000D+00 -1.000D+00
 -1.771D-03  6.114D-01
  0.000D+00 -1.000D+00
 -1.952D-03  5.739D-01
  0.000D+00 -1.000D+00
 -2.188D-03  5.205D-01
  0.000D+00 -1.000D+00
 -2.545D-03  4.364D-01
  0.000D+00 -1.000D+00
 -3.299D-03  2.745D-01
  0.000D+00 -1.000D+00
  0.000D+00 -1.000D+00
 -4.866D-05  7.418D-01
  0.000D+00 -1.000D+00
 -8.780D-05  7.419D-01
  0.000D+00 -1.000D+00
 -1.273D-04  7.420D-01
  0.000D+00 -1.000D+00
 -1.673D-04  7.421D-01
  0.000D+00 -1.000D+00
 -2.079D-04  7.422D-01
  0.000D+00 -1.000D+00
 -2.494D-04  7.422D-01
  0.000D+00 -1.000D+00
 -2.919D-04  7.422D-01
  0.000D+00 -1.000D+00
 -3.355D-04  7.421D-01
  0.000D+00 -1.000D+00
 -3.804D-04  7.419D-01
  0.000D+00 -1.000D+00
 -4.268D-04  7.415D-01
  0.000D+00 -1.000D+00
 -4.749D-04  7.409D-01
  0.000D+00 -1.000D+00
 -5.249D-04  7.400D-01
  0.000D+00 -1.000D+00
 -5.769D-04  7.388D-01
  0.000D+00 -1.000D+00
 -6.312D-04  7.372D-01
  0.000D+00 -1.000D+00
 -6.881D-04  7.351D-01
  0.000D+00 -1.000D+00
 -7.477D-04  7.324D-01
  0.000D+00 -1.000D+00
 -8.103D-04  7.291D-01
  0.000D+00 -1.000D+00
 -8.764D-04  7.250D-01
  0.000D+00 -1.000D+00
 -9.463D-04  7.199D-01
  0.000D+00 -1.000D+00
 -1.020D-03  7.138D-01
  0.000D+00 -1.000D+00
 -1.100D-03  7.063D-01
  0.000D+00 -1.000D+00
 -1.184D-03  6.973D-01
  0.000D+00 -1.000D+00
 -1.276D-03  6.862D-01
  0.000D+00 -1.000D+00
 -1.376D-03  6.726D-01
  0.000D+00 -1.000D+00
 -1.486D-03  6.558D-01
  0.000D+00 -1.000D+00
 -1.611D-03  6.345D-01
  0.000D+00 -1.000D+00
 -1.755D-03  6.070D-01
  0.000D+00 -1.000D+00
 -1.930D-03  5.699D-01
  0.000D+00 -1.000D+00
 -2.158D-03  5.172D-01
  0.000D+00 -1.000D+00
 -2.503D-03  4.343D-01
  0.000D+00 -1.000D+00
 -3.227D-03  2.740D-01
  0.000D+00 -1.000D+00
 -2.840D-05  7.396D-01
  0.000D+00 -1.000D+00
 -6.638D-05  7.396D-01
  0.000D+00 -1.000D+00
 -1.046D-04  7.396D-01
  0.000D+00 -1.000D+00
 -1.433D-04  7.397D-01
  0.000D+00 -1.000D+00
 -1.825D-04  7.397D-01
  0.000D+00 -1.000D+00
 -2.223D-04  7.397D-01
  0.000D+00 -1.000D+00
 -2.631D-04  7.397D-01
  0.000D+00 -1.000D+00
 -3.049D-04  7.396D-01
  0.000D+00 -1.000D+00
 -3.478D-04  7.394D-01
  0.000D+00 -1.000D+00
 -3.920D-04  7.390D-01
  0.000D+00 -1.000D+00
 -4.377D-04  7.384D-01
  0.000D+00 -1.000D+00
 -4.851D-04  7.376D-01
  0.000D+00 -1.000D+00
 -5.344D-04  7.365D-01
  0.000D+00 -1.000D+00
 -5.856D-04  7.351D-01
  0.000D+00 -1.000D+00
 -6.391D-04  7.333D-01
  0.000D+00 -1.000D+00
 -6.951D-04  7.310D-01
  0.000D+00 -1.000D+00
 -7.538D-04  7.281D-01
  0.000D+00 -1.000D+00
 -8.154D-04  7.246D-01
  0.000D+00 -1.000D+00
 -8.804D-04  7.203D-01
  0.000D+00 -1.000D+00
 -9.490D-04  7.150D-01
  0.000D+00 -1.000D+00
 -1.022D-03  7.088D-01
  0.000D+00 -1.000D+00
 -1.099D-03  7.012D-01
  0.000D+00 -1.000D+00
 -1.182D-03  6.920D-01
  0.000D+00 -1.000D+00
 -1.272D-03  6.809D-01
  0.000D+00 -1.000D+00
 -1.370D-03  6.673D-01
  0.000D+00 -1.000D+00
 -1.477D-03  6.506D-01
  0.000D+00 -1.000D+00
 -1.599D-03  6.295D-01
  0.000D+00 -1.000D+00
 -1.739D-03  6.022D-01
  0.000D+00 -1.000D+00
 -1.908D-03  5.657D-01
  0.000D+00 -1.000D+00
 -2.129D-03  5.137D-01
  0.000D+00 -1.000D+00
 -2.462D-03  4.319D-01
  0.000D+00 -1.000D+00
 -3.158D-03  2.733D-01
  0.000D+00 -1.000D+00
  0.000D+00 -1.000D+00
 -4.613D-05  7.373D-01
  0.000D+00 -1.000D+00
 -8.321D-05  7.373D-01
  0.000D+00 -1.000D+00
 -1.206D-04  7.373D-01
  0.000D+00 -1.000D+00
 -1.585D-04  7.373D-01
  0.000D+00 -1.000D+00
 -1.969D-04  7.373D-01
  0.000D+00 -1.000D+00
 -2.361D-04  7.372D-01
  0.000D+00 -1.000D+00
 -2.761D-04  7.370D-01
  0.000D+00 -1.000D+00
 -3.172D-04  7.368D-01
  0.000D+00 -1.000D+00
 -3.595D-04  7.364D-01
  0.000D+00 -1.000D+00
 -4.030D-04  7.359D-01
  0.000D+00 -1.000D+00
 -4.481D-04  7.351D-01
  0.000D+00 -1.000D+00
 -4.948D-04  7.341D-01
  0.000D+00 -1.000D+00
 -5.433D-04  7.329D-01
  0.000D+00 -1.000D+00
 -5.938D-04  7.312D-01
  0.000D+00 -1.000D+00
 -6.465D-04  7.292D-01
  0.000D+00 -1.000D+00
 -7.016D-04  7.267D-01
  0.000D+00 -1.000D+00
 -7.594D-04  7.236D-01
  0.000D+00 -1.000D+00
 -8.200D-04  7.198D-01
  0.000D+00 -1.000D+00
 -8.839D-04  7.153D-01
  0.000D+00 -1.000D+00
 -9.513D-04  7.099D-01
  0.000D+00 -1.000D+00
 -1.023D-03  7.035D-01
  0.000D+00 -1.000D+00
 -1.099D-03  6.958D-01
  0.000D+00 -1.000D+00
 -1.180D-03  6.865D-01
  0.000D+00 -1.000D+00
 -1.268D-03  6.754D-01
  0.000D+00 -1.000D+00
 -1.363D-03  6.618D-01
  0.000D+00 -1.000D+00
 -1.468D-03  6.451D-01
  0.000D+00 -1.000D+00
 -1.586D-03  6.242D-01
  0.000D+00 -1.000D+00
 -1.723D-03  5.972D-01
  0.000D+00 -1.000D+00
 -1.887D-03  5.612D-01
  0.000D+00 -1.000D+00
 -2.101D-03  5.099D-01
  0.000D+00 -1.000D+00
 -2.421D-03  4.293D-01
  0.000D+00 -1.000D+00
 -3.091D-03  2.724D-01
  0.000D+00 -1.000D+00
 -2.694D-05  7.350D-01
  0.000D+00 -1.000D+00
 -6.297D-05  7.349D-01
  0.000D+00 -1.000D+00
 -9.922D-05  7.349D-01
  0.000D+00 -1.000D+00
 -1.358D-04  7.349D-01
  0.000D+00 -1.000D+00
 -1.729D-04  7.348D-01
  0.000D+00 -1.000D+00
 -2.107D-04  7.347D-01
  0.000D+00 -1.000D+00
 -2.492D-04  7.345D-01
  0.000D+00 -1.000D+00
 -2.886D-04  7.342D-01
  0.000D+00 -1.000D+00
 -3.290D-04  7.338D-01
  0.000D+00 -1.000D+00
 -3.706D-04  7.333D-01
  0.000D+00 -1.000D+00
 -4.135D-04  7.326D-01
  0.000D+00 -1.000D+00
 -4.579D-04  7.317D-01
  0.000D+00 -1.000D+00
 -5.040D-04  7.305D-01
  0.000D+00 -1.000D+00
 -5.518D-04  7.290D-01
  0.000D+00 -1.000D+00
 -6.016D-04  7.271D-01
  0.000D+00 -1.000D+00
 -6.535D-04  7.249D-01
  0.000D+00 -1.000D+00
 -7.077D-04  7.221D-01
  0.000D+00 -1.000D+00
 -7.646D-04  7.188D-01
  0.000D+00 -1.000D+00
 -8.242D-04  7.149D-01
  0.000D+00 -1.000D+00
 -8.870D-04  7.102D-01
  0.000D+00 -1.000D+00
 -9.532D-04  7.046D-01
  0.000D+00 -1.000D+00
 -1.023D-03  6.980D-01
  0.000D+00 -1.000D+00
 -1.098D-03  6.901D-01
  0.000D+00 -1.000D+00
 -1.178D-03  6.808D-01
  0.000D+00 -1.000D+00
 -1.263D-03  6.696D-01
  0.000D+00 -1.000D+00
 -1.357D-03  6.560D-01
  0.000D+00 -1.000D+00
 -1.459D-03  6.394D-01
  0.000D+00 -1.000D+00
 -1.574D-03  6.186D-01
  0.000D+00 -1.000D+00
 -1.706D-03  5.920D-01
  0.000D+00 -1.000D+00
 -1.866D-03  5.564D-01
  0.000D+00 -1.000D+00
 -2.073D-03  5.059D-01
  0.000D+00 -1.000D+00
 -2.382D-03  4.264D-01
  0.000D+00 -1.000D+00
 -3.026D-03  2.713D-01
  0.000D+00 -1.000D+00
  0.000D+00 -1.000D+00
 -4.379D-05  7.326D-01
  0.000D+00 -1.000D+00
 -7.898D-05  7.325D-01
  0.000D+00 -1.000D+00
 -1.144D-04  7.325D-01
  0.000D+00 -1.000D+00
 -1.503D-04  7.324D-01
  0.000D+00 -1.000D+00
 -1.867D-04  7.322D-01
  0.000D+00 -1.000D+00
 -2.238D-04  7.320D-01
  0.000D+00 -1.000D+00
 -2.617D-04  7.317D-01
  0.000D+00 -1.000D+00
 -3.004D-04  7.313D-01
  0.000D+00 -1.000D+00
 -3.402D-04  7.307D-01
  0.000D+00 -1.000D+00
 -3.812D-04  7.300D-01
  0.000D+00 -1.000D+00
 -4.235D-04  7.291D-01
  0.000D+00 -1.000D+00
 -4.673D-04  7.280D-01
  0.000D+00 -1.000D+00
 -5.126D-04  7.266D-01
  0.000D+00 -1.000D+00
 -5.598D-04  7.249D-01
  0.000D+00 -1.000D+00
 -6.088D-04  7.228D-01
  0.000D+00 -1.000D+00
 -6.600D-04  7.203D-01
  0.000D+00 -1.000D+00
 -7.134D-04  7.174D-01
  0.000D+00 -1.000D+00
 -7.693D-04  7.139D-01
  0.000D+00 -1.000D+00
 -8.280D-04  7.097D-01
  0.000D+00 -1.000D+00
 -8.897D-04  7.048D-01
  0.000D+00 -1.000D+00
 -9.547D-04  6.991D-01
  0.000D+00 -1.000D+00
 -1.024D-03  6.923D-01
  0.000D+00 -1.000D+00
 -1.097D-03  6.843D-01
  0.000D+00 -1.000D+00
 -1.175D-03  6.748D-01
  0.000D+00 -1.000D+00
 -1.259D-03  6.636D-01
  0.000D+00 -1.000D+00
 -1.350D-03  6.500D-01
  0.000D+00 -1.000D+00
 -1.450D-03  6.335D-01
  0.000D+00 -1.000D+00
 -1.561D-03  6.129D-01
  0.000D+00 -1.000D+00
 -1.690D-03  5.865D-01
  0.000D+00 -1.000D+00
 -1.845D-03  5.514D-01
  0.000D+00 -1.000D+00
 -2.045D-03  5.016D-01
  0.000D+00 -1.000D+00
 -2.344D-03  4.233D-01
  0.000D+00 -1.000D+00
 -2.963D-03  2.700D-01
  0.000D+00 -1.000D+00
 -2.559D-05  7.302D-01
  0.000D+00 -1.000D+00
 -5.980D-05  7.302D-01
  0.000D+00 -1.000D+00
 -9.422D-05  7.301D-01
  0.000D+00 -1.000D+00
 -1.290D-04  7.299D-01
  0.000D+00 -1.000D+00
 -1.641D-04  7.298D-01
  0.000D+00 -1.000D+00
 -1.999D-04  7.295D-01
  0.000D+00 -1.000D+00
 -2.363D-04  7.292D-01
  0.000D+00 -1.000D+00
 -2.736D-04  7.287D-01
  0.000D+00 -1.000D+00
 -3.117D-04  7.282D-01
  0.000D+00 -1.000D+00
 -3.509D-04  7.274D-01
  0.000D+00 -1.000D+00
 -3.913D-04  7.266D-01
  0.000D+00 -1.000D+00
 -4.330D-04  7.255D-01
  0.000D+00 -1.000D+00
 -4.761D-04  7.241D-01
  0.000D+00 -1.000D+00
 -5.209D-04  7.225D-01
  0.000D+00 -1.000D+00
 -5.673D-04  7.206D-01
  0.000D+00 -1.000D+00
 -6.156D-04  7.183D-01
  0.000D+00 -1.000D+00
 -6.660D-04  7.156D-01
  0.000D+00 -1.000D+00
 -7.186D-04  7.124D-01
  0.000D+00 -1.000D+00
 -7.736D-04  7.087D-01
  0.000D+00 -1.000D+00
 -8.313D-04  7.043D-01
  0.000D+00 -1.000D+00
 -8.920D-04  6.992D-01
  0.000D+00 -1.000D+00
 -9.559D-04  6.933D-01
  0.000D+00 -1.000D+00
 -1.023D-03  6.863D-01
  0.000D+00 -1.000D+00
 -1.095D-03  6.782D-01
  0.000D+00 -1.000D+00
 -1.171D-03  6.687D-01
  0.000D+00 -1.000D+00
 -1.254D-03  6.573D-01
  0.000D+00 -1.000D+00
 -1.342D-03  6.438D-01
  0.000D+00 -1.000D+00
 -1.440D-03  6.273D-01
  0.000D+00 -1.000D+00
 -1.549D-03  6.069D-01
  0.000D+00 -1.000D+00
 -1.674D-03  5.808D-01
  0.000D+00 -1.000D+00
 -1.824D-03  5.461D-01
  0.000D+00 -1.000D+00
 -2.018D-03  4.971D-01
  0.000D+00 -1.000D+00
 -2.306D-03  4.199D-01
  0.000D+00 -1.000D+00
 -2.902D-03  2.684D-01
  0.000D+00 -1.000D+00
  0.000D+00 -1.000D+00
 -4.161D-05  7.277D-01
  0.000D+00 -1.000D+00
 -7.505D-05  7.276D-01
  0.000D+00 -1.000D+00
 -1.087D-04  7.275D-01
  0.000D+00 -1.000D+00
 -1.428D-04  7.273D-01
  0.000D+00 -1.000D+00
 -1.773D-04  7.270D-01
  0.000D+00 -1.000D+00
 -2.124D-04  7.266D-01
  0.000D+00 -1.000D+00
 -2.483D-04  7.262D-01
  0.000D+00 -1.000D+00
 -2.849D-04  7.256D-01
  0.000D+00 -1.000D+00
 -3.225D-04  7.249D-01
  0.000D+00 -1.000D+00
 -3.611D-04  7.240D-01
  0.000D+00 -1.000D+00
 -4.009D-04  7.229D-01
  0.000D+00 -1.000D+00
 -4.420D-04  7.216D-01
  0.000D+00 -1.000D+00
 -4.845D-04  7.201D-01
  0.000D+00 -1.000D+00
 -5.286D-04  7.182D-01
  0.000D+00 -1.000D+00
 -5.744D-04  7.161D-01
  0.000D+00 -1.000D+00
 -6.220D-04  7.136D-01
  0.000D+00 -1.000D+00
 -6.716D-04  7.106D-01
  0.000D+00 -1.000D+00
 -7.234D-04  7.072D-01
  0.000D+00 -1.000D+00
 -7.776D-04  7.033D-01
  0.000D+00 -1.000D+00
 -8.343D-04  6.987D-01
  0.000D+00 -1.000D+00
 -8.939D-04  6.934D-01
  0.000D+00 -1.000D+00
 -9.566D-04  6.873D-01
  0.000D+00 -1.000D+00
 -1.023D-03  6.802D-01
  0.000D+00 -1.000D+00
 -1.093D-03  6.719D-01
  0.000D+00 -1.000D+00
 -1.168D-03  6.623D-01
  0.000D+00 -1.000D+00
 -1.248D-03  6.509D-01
  0.000D+00 -1.000D+00
 -1.335D-03  6.373D-01
  0.000D+00 -1.000D+00
 -1.430D-03  6.209D-01
  0.000D+00 -1.000D+00
 -1.536D-03  6.006D-01
  0.000D+00 -1.000D+00
 -1.658D-03  5.748D-01
  0.000D+00 -1.000D+00
 -1.804D-03  5.406D-01
  0.000D+00 -1.000D+00
 -1.991D-03  4.923D-01
  0.000D+00 -1.000D+00
 -2.269D-03  4.162D-01
  0.000D+00 -1.000D+00
 -2.843D-03  2.667D-01
  0.000D+00 -1.000D+00
 -2.434D-05  7.253D-01
  0.000D+00 -1.000D+00
 -5.687D-05  7.252D-01
  0.000D+00 -1.000D+00
 -8.959D-05  7.251D-01
  0.000D+00 -1.000D+00
 -1.226D-04  7.248D-01
  0.000D+00 -1.000D+00
 -1.560D-04  7.245D-01
  0.000D+00 -1.000D+00
 -1.899D-04  7.242D-01
  0.000D+00 -1.000D+00
 -2.244D-04  7.237D-01
  0.000D+00 -1.000D+00
 -2.597D-04  7.230D-01
  0.000D+00 -1.000D+00
 -2.958D-04  7.223D-01
  0.000D+00 -1.000D+00
 -3.328D-04  7.214D-01
  0.000D+00 -1.000D+00
 -3.708D-04  7.203D-01
  0.000D+00 -1.000D+00
 -4.101D-04  7.191D-01
  0.000D+00 -1.000D+00
 -4.506D-04  7.176D-01
  0.000D+00 -1.000D+00
 -4.925D-04  7.158D-01
  0.000D+00 -1.000D+00
 -5.360D-04  7.137D-01
  0.000D+00 -1.000D+00
 -5.811D-04  7.114D-01
  0.000D+00 -1.000D+00
 -6.280D-04  7.086D-01
  0.000D+00 -1.000D+00
 -6.768D-04  7.054D-01
  0.000D+00 -1.000D+00
 -7.278D-04  7.018D-01
  0.000D+00 -1.000D+00
 -7.811D-04  6.976D-01
  0.000D+00 -1.000D+00
 -8.369D-04  6.928D-01
  0.000D+00 -1.000D+00
 -8.954D-04  6.874D-01
  0.000D+00 -1.000D+00
 -9.570D-04  6.811D-01
  0.000D+00 -1.000D+00
 -1.022D-03  6.738D-01
  0.000D+00 -1.000D+00
 -1.091D-03  6.654D-01
  0.000D+00 -1.000D+00
 -1.164D-03  6.557D-01
  0.000D+00 -1.000D+00
 -1.243D-03  6.442D-01
  0.000D+00 -1.000D+00
 -1.327D-03  6.306D-01
  0.000D+00 -1.000D+00
 -1.420D-03  6.143D-01
  0.000D+00 -1.000D+00
 -1.524D-03  5.941D-01
  0.000D+00 -1.000D+00
 -1.642D-03  5.686D-01
  0.000D+00 -1.000D+00
 -1.783D-03  5.349D-01
  0.000D+00 -1.000D+00
 -1.965D-03  4.872D-01
  0.000D+00 -1.000D+00
 -2.233D-03  4.123D-01
  0.000D+00 -1.000D+00
 -2.786D-03  2.647D-01
  0.000D+00 -1.000D+00
  0.000D+00 -1.000D+00
 -3.960D-05  7.227D-01
  0.000D+00 -1.000D+00
 -7.141D-05  7.226D-01
  0.000D+00 -1.000D+00
 -1.034D-04  7.224D-01
  0.000D+00 -1.000D+00
 -1.358D-04  7.221D-01
  0.000D+00 -1.000D+00
 -1.686D-04  7.217D-01
  0.000D+00 -1.000D+00
 -2.019D-04  7.212D-01
  0.000D+00 -1.000D+00
 -2.359D-04  7.205D-01
  0.000D+00 -1.000D+00
 -2.706D-04  7.198D-01
  0.000D+00 -1.000D+00
 -3.061D-04  7.188D-01
  0.000D+00 -1.000D+00
 -3.426D-04  7.178D-01
  0.000D+00 -1.000D+00
 -3.801D-04  7.165D-01
  0.000D+00 -1.000D+00
 -4.188D-04  7.150D-01
  0.000D+00 -1.000D+00
 -4.587D-04  7.133D-01
  0.000D+00 -1.000D+00
 -5.000D-04  7.113D-01
  0.000D+00 -1.000D+00
 -5.429D-04  7.090D-01
  0.000D+00 -1.000D+00
 -5.873D-04  7.064D-01
  0.000D+00 -1.000D+00
 -6.335D-04  7.035D-01
  0.000D+00 -1.000D+00
 -6.817D-04  7.001D-01
  0.000D+00 -1.000D+00
 -7.318D-04  6.962D-01
  0.000D+00 -1.000D+00
 -7.843D-04  6.918D-01
  0.000D+00 -1.000D+00
 -8.391D-04  6.868D-01
  0.000D+00 -1.000D+00
 -8.966D-04  6.811D-01
  0.000D+00 -1.000D+00
 -9.571D-04  6.746D-01
  0.000D+00 -1.000D+00
 -1.021D-03  6.672D-01
  0.000D+00 -1.000D+00
 -1.088D-03  6.587D-01
  0.000D+00 -1.000D+00
 -1.160D-03  6.488D-01
  0.000D+00 -1.000D+00
 -1.237D-03  6.373D-01
  0.000D+00 -1.000D+00
 -1.320D-03  6.237D-01
  0.000D+00 -1.000D+00
 -1.410D-03  6.074D-01
  0.000D+00 -1.000D+00
 -1.511D-03  5.874D-01
  0.000D+00 -1.000D+00
 -1.626D-03  5.622D-01
  0.000D+00 -1.000D+00
 -1.763D-03  5.289D-01
  0.000D+00 -1.000D+00
 -1.939D-03  4.819D-01
  0.000D+00 -1.000D+00
 -2.198D-03  4.082D-01
  0.000D+00 -1.000D+00
 -2.730D-03  2.625D-01
  0.000D+00 -1.000D+00
 -2.317D-05  7.202D-01
  0.000D+00 -1.000D+00
 -5.414D-05  7.201D-01
  0.000D+00 -1.000D+00
 -8.528D-05  7.199D-01
  0.000D+00 -1.000D+00
 -1.167D-04  7.196D-01
  0.000D+00 -1.000D+00
 -1.484D-04  7.192D-01
  0.000D+00 -1.000D+00
 -1.806D-04  7.187D-01
  0.000D+00 -1.000D+00
 -2.134D-04  7.180D-01
  0.000D+00 -1.000D+00
 -2.468D-04  7.172D-01
  0.000D+00 -1.000D+00
 -2.810D-04  7.163D-01
  0.000D+00 -1.000D+00
 -3.160D-04  7.152D-01
  0.000D+00 -1.000D+00
 -3.519D-04  7.139D-01
  0.000D+00 -1.000D+00
 -3.889D-04  7.125D-01
  0.000D+00 -1.000D+00
 -4.270D-04  7.108D-01
  0.000D+00 -1.000D+00
 -4.664D-04  7.089D-01
  0.000D+00 -1.000D+00
 -5.072D-04  7.067D-01
  0.000D+00 -1.000D+00
 -5.494D-04  7.041D-01
  0.000D+00 -1.000D+00
 -5.932D-04  7.013D-01
  0.000D+00 -1.000D+00
 -6.387D-04  6.981D-01
  0.000D+00 -1.000D+00
 -6.861D-04  6.945D-01
  0.000D+00 -1.000D+00
 -7.355D-04  6.904D-01
  0.000D+00 -1.000D+00
 -7.871D-04  6.858D-01
  0.000D+00 -1.000D+00
 -8.410D-04  6.806D-01
  0.000D+00 -1.000D+00
 -8.975D-04  6.747D-01
  0.000D+00 -1.000D+00
 -9.568D-04  6.680D-01
  0.000D+00 -1.000D+00
 -1.019D-03  6.604D-01
  0.000D+00 -1.000D+00
 -1.085D-03  6.518D-01
  0.000D+00 -1.000D+00
 -1.156D-03  6.418D-01
  0.000D+00 -1.000D+00
 -1.231D-03  6.302D-01
  0.000D+00 -1.000D+00
 -1.312D-03  6.166D-01
  0.000D+00 -1.000D+00
 -1.400D-03  6.004D-01
  0.000D+00 -1.000D+00
 -1.498D-03  5.805D-01
  0.000D+00 -1.000D+00
 -1.610D-03  5.555D-01
  0.000D+00 -1.000D+00
 -1.743D-03  5.226D-01
  0.000D+00 -1.000D+00
 -1.913D-03  4.764D-01
  0.000D+00 -1.000D+00
 -2.164D-03  4.037D-01
  0.000D+00 -1.000D+00
 -2.676D-03  2.601D-01
  0.000D+00 -1.000D+00
  0.000D+00 -1.000D+00
 -3.772D-05  7.176D-01
  0.000D+00 -1.000D+00
 -6.802D-05  7.174D-01
  0.000D+00 -1.000D+00
 -9.852D-05  7.171D-01
  0.000D+00 -1.000D+00
 -1.293D-04  7.167D-01
  0.000D+00 -1.000D+00
 -1.605D-04  7.162D-01
  0.000D+00 -1.000D+00
 -1.922D-04  7.155D-01
  0.000D+00 -1.000D+00
 -2.244D-04  7.147D-01
  0.000D+00 -1.000D+00
 -2.573D-04  7.138D-01
  0.000D+00 -1.000D+00
 -2.909D-04  7.127D-01
  0.000D+00 -1.000D+00
 -3.254D-04  7.114D-01
  0.000D+00 -1.000D+00
 -3.608D-04  7.099D-01
  0.000D+00 -1.000D+00
 -3.973D-04  7.083D-01
  0.000D+00 -1.000D+00
 -4.349D-04  7.064D-01
  0.000D+00 -1.000D+00
 -4.737D-04  7.042D-01
  0.000D+00 -1.000D+00
 -5.139D-04  7.018D-01
  0.000D+00 -1.000D+00
 -5.555D-04  6.990D-01
  0.000D+00 -1.000D+00
 -5.987D-04  6.960D-01
  0.000D+00 -1.000D+00
 -6.435D-04  6.925D-01
  0.000D+00 -1.000D+00
 -6.902D-04  6.887D-01
  0.000D+00 -1.000D+00
 -7.388D-04  6.844D-01
  0.000D+00 -1.000D+00
 -7.895D-04  6.795D-01
  0.000D+00 -1.000D+00
 -8.425D-04  6.741D-01
  0.000D+00 -1.000D+00
 -8.980D-04  6.680D-01
  0.000D+00 -1.000D+00
 -9.562D-04  6.612D-01
  0.000D+00 -1.000D+00
 -1.018D-03  6.534D-01
  0.000D+00 -1.000D+00
 -1.082D-03  6.447D-01
  0.000D+00 -1.000D+00
 -1.151D-03  6.346D-01
  0.000D+00 -1.000D+00
 -1.224D-03  6.230D-01
  0.000D+00 -1.000D+00
 -1.303D-03  6.093D-01
  0.000D+00 -1.000D+00
 -1.390D-03  5.931D-01
  0.000D+00 -1.000D+00
 -1.485D-03  5.734D-01
  0.000D+00 -1.000D+00
 -1.594D-03  5.486D-01
  0.000D+00 -1.000D+00
 -1.723D-03  5.162D-01
  0.000D+00 -1.000D+00
 -1.888D-03  4.706D-01
  0.000D+00 -1.000D+00
 -2.130D-03  3.991D-01
  0.000D+00 -1.000D+00
 -2.623D-03  2.574D-01
  0.000D+00 -1.000D+00
 -2.209D-05  7.150D-01
  0.000D+00 -1.000D+00
 -5.160D-05  7.149D-01
  0.000D+00 -1.000D+00
 -8.127D-05  7.146D-01
  0.000D+00 -1.000D+00
 -1.112D-04  7.142D-01
  0.000D+00 -1.000D+00
 -1.414D-04  7.137D-01
  0.000D+00 -1.000D+00
 -1.720D-04  7.130D-01
  0.000D+00 -1.000D+00
 -2.032D-04  7.122D-01
  0.000D+00 -1.000D+00
 -2.349D-04  7.113D-01
  0.000D+00 -1.000D+00
 -2.673D-04  7.102D-01
  0.000D+00 -1.000D+00
 -3.004D-04  7.089D-01
  0.000D+00 -1.000D+00
 -3.344D-04  7.074D-01
  0.000D+00 -1.000D+00
 -3.693D-04  7.058D-01
  0.000D+00 -1.000D+00
 -4.053D-04  7.039D-01
  0.000D+00 -1.000D+00
 -4.424D-04  7.018D-01
  0.000D+00 -1.000D+00
 -4.806D-04  6.994D-01
  0.000D+00 -1.000D+00
 -5.202D-04  6.967D-01
  0.000D+00 -1.000D+00
 -5.613D-04  6.937D-01
  0.000D+00 -1.000D+00
 -6.038D-04  6.904D-01
  0.000D+00 -1.000D+00
 -6.480D-04  6.868D-01
  0.000D+00 -1.000D+00
 -6.939D-04  6.827D-01
  0.000D+00 -1.000D+00
 -7.417D-04  6.781D-01
  0.000D+00 -1.000D+00
 -7.916D-04  6.731D-01
  0.000D+00 -1.000D+00
 -8.437D-04  6.675D-01
  0.000D+00 -1.000D+00
 -8.982D-04  6.612D-01
  0.000D+00 -1.000D+00
 -9.553D-04  6.542D-01
  0.000D+00 -1.000D+00
 -1.015D-03  6.463D-01
  0.000D+00 -1.000D+00
 -1.079D-03  6.373D-01
  0.000D+00 -1.000D+00
 -1.146D-03  6.272D-01
  0.000D+00 -1.000D+00
 -1.218D-03  6.155D-01
  0.000D+00 -1.000D+00
 -1.295D-03  6.018D-01
  0.000D+00 -1.000D+00
 -1.379D-03  5.857D-01
  0.000D+00 -1.000D+00
 -1.472D-03  5.661D-01
  0.000D+00 -1.000D+00
 -1.578D-03  5.415D-01
  0.000D+00 -1.000D+00
 -1.703D-03  5.095D-01
  0.000D+00 -1.000D+00
 -1.863D-03  4.646D-01
  0.000D+00 -1.000D+00
 -2.097D-03  3.942D-01
  0.000D+00 -1.000D+00
 -2.572D-03  2.545D-01
  0.000D+00 -1.000D+00
  0.000D+00 -1.000D+00
 -3.597D-05  7.123D-01
  0.000D+00 -1.000D+00
 -6.486D-05  7.120D-01
  0.000D+00 -1.000D+00
 -9.393D-05  7.117D-01
  0.000D+00 -1.000D+00
 -1.233D-04  7.112D-01
  0.000D+00 -1.000D+00
 -1.530D-04  7.105D-01
  0.000D+00 -1.000D+00
 -1.831D-04  7.097D-01
  0.000D+00 -1.000D+00
 -2.137D-04  7.088D-01
  0.000D+00 -1.000D+00
 -2.449D-04  7.077D-01
  0.000D+00 -1.000D+00
 -2.768D-04  7.064D-01
  0.000D+00 -1.000D+00
 -3.095D-04  7.049D-01
  0.000D+00 -1.000D+00
 -3.430D-04  7.033D-01
  0.000D+00 -1.000D+00
 -3.774D-04  7.014D-01
  0.000D+00 -1.000D+00
 -4.129D-04  6.993D-01
  0.000D+00 -1.000D+00
 -4.494D-04  6.969D-01
  0.000D+00 -1.000D+00
 -4.872D-04  6.943D-01
  0.000D+00 -1.000D+00
 -5.262D-04  6.914D-01
  0.000D+00 -1.000D+00
 -5.666D-04  6.882D-01
  0.000D+00 -1.000D+00
 -6.086D-04  6.847D-01
  0.000D+00 -1.000D+00
 -6.521D-04  6.808D-01
  0.000D+00 -1.000D+00
 -6.973D-04  6.765D-01
  0.000D+00 -1.000D+00
 -7.443D-04  6.717D-01
  0.000D+00 -1.000D+00
 -7.933D-04  6.664D-01
  0.000D+00 -1.000D+00
 -8.445D-04  6.606D-01
  0.000D+00 -1.000D+00
 -8.980D-04  6.541D-01
  0.000D+00 -1.000D+00
 -9.541D-04  6.469D-01
  0.000D+00 -1.000D+00
 -1.013D-03  6.389D-01
  0.000D+00 -1.000D+00
 -1.075D-03  6.298D-01
  0.000D+00 -1.000D+00
 -1.141D-03  6.195D-01
  0.000D+00 -1.000D+00
 -1.211D-03  6.078D-01
  0.000D+00 -1.000D+00
 -1.287D-03  5.941D-01
  0.000D+00 -1.000D+00
 -1.368D-03  5.780D-01
  0.000D+00 -1.000D+00
 -1.459D-03  5.585D-01
  0.000D+00 -1.000D+00
 -1.562D-03  5.342D-01
  0.000D+00 -1.000D+00
 -1.684D-03  5.026D-01
  0.000D+00 -1.000D+00
 -1.838D-03  4.583D-01
  0.000D+00 -1.000D+00
 -2.064D-03  3.890D-01
  0.000D+00 -1.000D+00
 -2.523D-03  2.514D-01
  0.000D+00 -1.000D+00
 -2.108D-05  7.096D-01
  0.000D+00 -1.000D+00
 -4.923D-05  7.094D-01
  0.000D+00 -1.000D+00
 -7.753D-05  7.091D-01
  0.000D+00 -1.000D+00
 -1.060D-04  7.086D-01
  0.000D+00 -1.000D+00
 -1.348D-04  7.080D-01
  0.000D+00 -1.000D+00
 -1.640D-04  7.072D-01
  0.000D+00 -1.000D+00
 -1.936D-04  7.063D-01
  0.000D+00 -1.000D+00
 -2.238D-04  7.052D-01
  0.000D+00 -1.000D+00
 -2.545D-04  7.039D-01
  0.000D+00 -1.000D+00
 -2.859D-04  7.024D-01
  0.000D+00 -1.000D+00
 -3.181D-04  7.008D-01
  0.000D+00 -1.000D+00
 -3.512D-04  6.989D-01
  0.000D+00 -1.000D+00
 -3.851D-04  6.968D-01
  0.000D+00 -1.000D+00
 -4.201D-04  6.945D-01
  0.000D+00 -1.000D+00
 -4.561D-04  6.919D-01
  0.000D+00 -1.000D+00
 -4.934D-04  6.891D-01
  0.000D+00 -1.000D+00
 -5.318D-04  6.860D-01
  0.000D+00 -1.000D+00
 -5.717D-04  6.825D-01
  0.000D+00 -1.000D+00
 -6.130D-04  6.788D-01
  0.000D+00 -1.000D+00
 -6.558D-04  6.746D-01
  0.000D+00 -1.000D+00
 -7.003D-04  6.701D-01
  0.000D+00 -1.000D+00
 -7.466D-04  6.651D-01
  0.000D+00 -1.000D+00
 -7.948D-04  6.596D-01
  0.000D+00 -1.000D+00
 -8.450D-04  6.536D-01
  0.000D+00 -1.000D+00
 -8.976D-04  6.469D-01
  0.000D+00 -1.000D+00
 -9.526D-04  6.395D-01
  0.000D+00 -1.000D+00
 -1.010D-03  6.313D-01
  0.000D+00 -1.000D+00
 -1.071D-03  6.221D-01
  0.000D+00 -1.000D+00
 -1.136D-03  6.117D-01
  0.000D+00 -1.000D+00
 -1.204D-03  5.999D-01
  0.000D+00 -1.000D+00
 -1.278D-03  5.862D-01
  0.000D+00 -1.000D+00
 -1.358D-03  5.701D-01
  0.000D+00 -1.000D+00
 -1.446D-03  5.508D-01
  0.000D+00 -1.000D+00
 -1.546D-03  5.267D-01
  0.000D+00 -1.000D+00
 -1.664D-03  4.954D-01
  0.000D+00 -1.000D+00
 -1.814D-03  4.518D-01
  0.000D+00 -1.000D+00
 -2.032D-03  3.836D-01
  0.000D+00 -1.000D+00
 -2.474D-03  2.480D-01
  0.000D+00 -1.000D+00
  0.000D+00 -1.000D+00
 -3.434D-05  7.068D-01
  0.000D+00 -1.000D+00
 -6.191D-05  7.065D-01
  0.000D+00 -1.000D+00
 -8.964D-05  7.061D-01
  0.000D+00 -1.000D+00
 -1.176D-04  7.055D-01
  0.000D+00 -1.000D+00
 -1.459D-04  7.047D-01
  0.000D+00 -1.000D+00
 -1.746D-04  7.038D-01
  0.000D+00 -1.000D+00
 -2.037D-04  7.027D-01
  0.000D+00 -1.000D+00
 -2.334D-04  7.015D-01
  0.000D+00 -1.000D+00
 -2.637D-04  7.000D-01
  0.000D+00 -1.000D+00
 -2.947D-04  6.983D-01
  0.000D+00 -1.000D+00
 -3.264D-04  6.965D-01
  0.000D+00 -1.000D+00
 -3.590D-04  6.944D-01
  0.000D+00 -1.000D+00
 -3.925D-04  6.921D-01
  0.000D+00 -1.000D+00
 -4.270D-04  6.895D-01
  0.000D+00 -1.000D+00
 -4.625D-04  6.867D-01
  0.000D+00 -1.000D+00
 -4.992D-04  6.837D-01
  0.000D+00 -1.000D+00
 -5.371D-04  6.803D-01
  0.000D+00 -1.000D+00
 -5.764D-04  6.766D-01
  0.000D+00 -1.000D+00
 -6.170D-04  6.726D-01
  0.000D+00 -1.000D+00
 -6.592D-04  6.683D-01
  0.000D+00 -1.000D+00
 -7.030D-04  6.635D-01
  0.000D+00 -1.000D+00
 -7.485D-04  6.583D-01
  0.000D+00 -1.000D+00
 -7.959D-04  6.526D-01
  0.000D+00 -1.000D+00
 -8.453D-04  6.463D-01
  0.000D+00 -1.000D+00
 -8.968D-04  6.395D-01
  0.000D+00 -1.000D+00
 -9.508D-04  6.319D-01
  0.000D+00 -1.000D+00
 -1.007D-03  6.236D-01
  0.000D+00 -1.000D+00
 -1.067D-03  6.142D-01
  0.000D+00 -1.000D+00
 -1.130D-03  6.037D-01
  0.000D+00 -1.000D+00
 -1.197D-03  5.918D-01
  0.000D+00 -1.000D+00
 -1.269D-03  5.781D-01
  0.000D+00 -1.000D+00
 -1.347D-03  5.621D-01
  0.000D+00 -1.000D+00
 -1.433D-03  5.428D-01
  0.000D+00 -1.000D+00
 -1.530D-03  5.190D-01
  0.000D+00 -1.000D+00
 -1.645D-03  4.881D-01
  0.000D+00 -1.000D+00
 -1.790D-03  4.451D-01
  0.000D+00 -1.000D+00
 -2.001D-03  3.780D-01
  0.000D+00 -1.000D+00
 -2.427D-03  2.443D-01
  0.000D+00 -1.000D+00
 -2.013D-05  7.041D-01
  0.000D+00 -1.000D+00
 -4.702D-05  7.039D-01
  0.000D+00 -1.000D+00
 -7.403D-05  7.035D-01
  0.000D+00 -1.000D+00
 -1.012D-04  7.030D-01
  0.000D+00 -1.000D+00
 -1.287D-04  7.022D-01
  0.000D+00 -1.000D+00
 -1.565D-04  7.013D-01
  0.000D+00 -1.000D+00
 -1.847D-04  7.003D-01
  0.000D+00 -1.000D+00
 -2.134D-04  6.990D-01
  0.000D+00 -1.000D+00
 -2.426D-04  6.975D-01
  0.000D+00 -1.000D+00
 -2.725D-04  6.959D-01
  0.000D+00 -1.000D+00
 -3.030D-04  6.940D-01
  0.000D+00 -1.000D+00
 -3.343D-04  6.920D-01
  0.000D+00 -1.000D+00
 -3.664D-04  6.897D-01
  0.000D+00 -1.000D+00
 -3.995D-04  6.872D-01
  0.000D+00 -1.000D+00
 -4.335D-04  6.844D-01
  0.000D+00 -1.000D+00
 -4.685D-04  6.814D-01
  0.000D+00 -1.000D+00
 -5.047D-04  6.780D-01
  0.000D+00 -1.000D+00
 -5.421D-04  6.745D-01
  0.000D+00 -1.000D+00
 -5.807D-04  6.705D-01
  0.000D+00 -1.000D+00
 -6.208D-04  6.663D-01
  0.000D+00 -1.000D+00
 -6.623D-04  6.617D-01
  0.000D+00 -1.000D+00
 -7.054D-04  6.567D-01
  0.000D+00 -1.000D+00
 -7.501D-04  6.513D-01
  0.000D+00 -1.000D+00
 -7.967D-04  6.454D-01
  0.000D+00 -1.000D+00
 -8.452D-04  6.389D-01
  0.000D+00 -1.000D+00
 -8.958D-04  6.319D-01
  0.000D+00 -1.000D+00
 -9.487D-04  6.241D-01
  0.000D+00 -1.000D+00
 -1.004D-03  6.156D-01
  0.000D+00 -1.000D+00
 -1.063D-03  6.062D-01
  0.000D+00 -1.000D+00
 -1.124D-03  5.956D-01
  0.000D+00 -1.000D+00
 -1.190D-03  5.836D-01
  0.000D+00 -1.000D+00
 -1.260D-03  5.699D-01
  0.000D+00 -1.000D+00
 -1.336D-03  5.539D-01
  0.000D+00 -1.000D+00
 -1.420D-03  5.347D-01
  0.000D+00 -1.000D+00
 -1.514D-03  5.111D-01
  0.000D+00 -1.000D+00
 -1.626D-03  4.805D-01
  0.000D+00 -1.000D+00
 -1.767D-03  4.382D-01
  0.000D+00 -1.000D+00
 -1.971D-03  3.721D-01
  0.000D+00 -1.000D+00
 -2.382D-03  2.404D-01
  0.000D+00 -1.000D+00
  0.000D+00 -1.000D+00
 -3.281D-05  7.012D-01
  0.000D+00 -1.000D+00
 -5.915D-05  7.009D-01
  0.000D+00 -1.000D+00
 -8.563D-05  7.004D-01
  0.000D+00 -1.000D+00
 -1.123D-04  6.997D-01
  0.000D+00 -1.000D+00
 -1.393D-04  6.988D-01
  0.000D+00 -1.000D+00
 -1.667D-04  6.978D-01
  0.000D+00 -1.000D+00
 -1.944D-04  6.965D-01
  0.000D+00 -1.000D+00
 -2.227D-04  6.951D-01
  0.000D+00 -1.000D+00
 -2.515D-04  6.935D-01
  0.000D+00 -1.000D+00
 -2.809D-04  6.916D-01
  0.000D+00 -1.000D+00
 -3.110D-04  6.896D-01
  0.000D+00 -1.000D+00
 -3.418D-04  6.873D-01
  0.000D+00 -1.000D+00
 -3.735D-04  6.848D-01
  0.000D+00 -1.000D+00
 -4.061D-04  6.820D-01
  0.000D+00 -1.000D+00
 -4.396D-04  6.790D-01
  0.000D+00 -1.000D+00
 -4.742D-04  6.758D-01
  0.000D+00 -1.000D+00
 -5.098D-04  6.722D-01
  0.000D+00 -1.000D+00
 -5.467D-04  6.684D-01
  0.000D+00 -1.000D+00
 -5.848D-04  6.643D-01
  0.000D+00 -1.000D+00
 -6.242D-04  6.598D-01
  0.000D+00 -1.000D+00
 -6.651D-04  6.550D-01
  0.000D+00 -1.000D+00
 -7.074D-04  6.497D-01
  0.000D+00 -1.000D+00
 -7.514D-04  6.441D-01
  0.000D+00 -1.000D+00
 -7.972D-04  6.380D-01
  0.000D+00 -1.000D+00
 -8.448D-04  6.313D-01
  0.000D+00 -1.000D+00
 -8.945D-04  6.241D-01
  0.000D+00 -1.000D+00
 -9.464D-04  6.162D-01
  0.000D+00 -1.000D+00
 -1.001D-03  6.075D-01
  0.000D+00 -1.000D+00
 -1.058D-03  5.979D-01
  0.000D+00 -1.000D+00
 -1.118D-03  5.872D-01
  0.000D+00 -1.000D+00
 -1.182D-03  5.752D-01
  0.000D+00 -1.000D+00
 -1.251D-03  5.614D-01
  0.000D+00 -1.000D+00
 -1.325D-03  5.454D-01
  0.000D+00 -1.000D+00
 -1.407D-03  5.264D-01
  0.000D+00 -1.000D+00
 -1.499D-03  5.030D-01
  0.000D+00 -1.000D+00
 -1.607D-03  4.728D-01
  0.000D+00 -1.000D+00
 -1.743D-03  4.310D-01
  0.000D+00 -1.000D+00
 -1.941D-03  3.660D-01
  0.000D+00 -1.000D+00
 -2.337D-03  2.363D-01
  0.000D+00 -1.000D+00
 -1.924D-05  6.984D-01
  0.000D+00 -1.000D+00
 -4.494D-05  6.982D-01
  0.000D+00 -1.000D+00
 -7.076D-05  6.977D-01
  0.000D+00 -1.000D+00
 -9.674D-05  6.971D-01
  0.000D+00 -1.000D+00
 -1.230D-04  6.963D-01
  0.000D+00 -1.000D+00
 -1.495D-04  6.953D-01
  0.000D+00 -1.000D+00
 -1.764D-04  6.941D-01
  0.000D+00 -1.000D+00
 -2.037D-04  6.927D-01
  0.000D+00 -1.000D+00
 -2.315D-04  6.911D-01
  0.000D+00 -1.000D+00
 -2.599D-04  6.892D-01
  0.000D+00 -1.000D+00
 -2.889D-04  6.872D-01
  0.000D+00 -1.000D+00
 -3.186D-04  6.849D-01
  0.000D+00 -1.000D+00
 -3.490D-04  6.824D-01
  0.000D+00 -1.000D+00
 -3.803D-04  6.797D-01
  0.000D+00 -1.000D+00
 -4.124D-04  6.767D-01
  0.000D+00 -1.000D+00
 -4.454D-04  6.735D-01
  0.000D+00 -1.000D+00
 -4.795D-04  6.700D-01
  0.000D+00 -1.000D+00
 -5.147D-04  6.662D-01
  0.000D+00 -1.000D+00
 -5.510D-04  6.622D-01
  0.000D+00 -1.000D+00
 -5.885D-04  6.578D-01
  0.000D+00 -1.000D+00
 -6.273D-04  6.531D-01
  0.000D+00 -1.000D+00
 -6.675D-04  6.480D-01
  0.000D+00 -1.000D+00
 -7.092D-04  6.426D-01
  0.000D+00 -1.000D+00
 -7.525D-04  6.367D-01
  0.000D+00 -1.000D+00
 -7.974D-04  6.304D-01
  0.000D+00 -1.000D+00
 -8.442D-04  6.235D-01
  0.000D+00 -1.000D+00
 -8.929D-04  6.161D-01
  0.000D+00 -1.000D+00
 -9.438D-04  6.081D-01
  0.000D+00 -1.000D+00
 -9.971D-04  5.992D-01
  0.000D+00 -1.000D+00
 -1.053D-03  5.895D-01
  0.000D+00 -1.000D+00
 -1.112D-03  5.787D-01
  0.000D+00 -1.000D+00
 -1.175D-03  5.666D-01
  0.000D+00 -1.000D+00
 -1.242D-03  5.528D-01
  0.000D+00 -1.000D+00
 -1.314D-03  5.368D-01
  0.000D+00 -1.000D+00
 -1.393D-03  5.179D-01
  0.000D+00 -1.000D+00
 -1.483D-03  4.947D-01
  0.000D+00 -1.000D+00
 -1.588D-03  4.648D-01
  0.000D+00 -1.000D+00
 -1.720D-03  4.237D-01
  0.000D+00 -1.000D+00
 -1.911D-03  3.596D-01
  0.000D+00 -1.000D+00
 -2.294D-03  2.319D-01
  0.000D+00 -1.000D+00
