 -4.815D-03  7.770D-01
 -3.192D-03  7.726D-01
 -5.089D-03  7.724D-01
 -1.657D-03  7.750D-01
 -4.249D-03  7.640D-01
 -4.983D-03  7.665D-01
 -1.238D-03  7.724D-01
 -2.095D-03  7.691D-01
 -4.985D-03  7.530D-01
 -4.782D-03  7.595D-01
 -8.865D-04  7.746D-01
 -1.692D-03  7.634D-01
 -2.320D-03  7.620D-01
 -5.553D-03  7.400D-01
 -4.557D-03  7.515D-01
 -7.145D-04  7.733D-01
 -1.183D-03  7.679D-01
 -2.023D-03  7.521D-01
 -2.441D-03  7.540D-01
 -6.004D-03  7.251D-01
 -4.334D-03  7.428D-01
 -5.721D-04  7.752D-01
 -9.864D-04  7.645D-01
 -1.372D-03  7.603D-01
 -2.290D-03  7.390D-01
 -2.499D-03  7.454D-01
 -6.365D-03  7.085D-01
 -4.120D-03  7.336D-01
 -4.828D-04  7.747D-01
 -7.823D-04  7.685D-01
 -1.186D-03  7.538D-01
 -1.501D-03  7.520D-01
 -2.514D-03  7.243D-01
 -2.518D-03  7.363D-01
 -6.651D-03  6.904D-01
 -3.919D-03  7.241D-01
 -4.083D-04  7.764D-01
 -6.719D-04  7.666D-01
 -9.267D-04  7.609D-01
 -1.349D-03  7.416D-01
 -1.590D-03  7.433D-01
 -2.704D-03  7.082D-01
 -2.510D-03  7.270D-01
 -6.875D-03  6.709D-01
 -3.730D-03  7.145D-01
 -3.552D-04  7.763D-01
 -5.662D-04  7.699D-01
 -8.120D-04  7.569D-01
 -1.034D-03  7.528D-01
 -1.487D-03  7.280D-01
 -1.650D-03  7.344D-01
 -2.865D-03  6.910D-01
 -2.485D-03  7.177D-01
 -7.045D-03  6.503D-01
 -3.555D-03  7.050D-01
 -3.103D-04  7.778D-01
 -4.977D-04  7.690D-01
 -6.793D-04  7.628D-01
 -9.262D-04  7.459D-01
 -1.116D-03  7.445D-01
 -1.605D-03  7.133D-01
 -1.689D-03  7.256D-01
 -3.001D-03  6.728D-01
 -2.447D-03  7.086D-01
 -7.167D-03  6.287D-01
 -3.391D-03  6.958D-01
 -2.757D-04  7.780D-01
 -4.344D-04  7.719D-01
 -6.043D-04  7.605D-01
 -7.669D-04  7.553D-01
 -1.023D-03  7.339D-01
 -1.178D-03  7.362D-01
 -1.707D-03  6.978D-01
 -1.712D-03  7.170D-01
 -3.115D-03  6.539D-01
 -2.402D-03  6.999D-01
 -7.248D-03  6.063D-01
 -3.238D-03  6.871D-01
 -2.460D-04  7.792D-01
 -3.886D-04  7.716D-01
 -5.256D-04  7.654D-01
 -6.914D-04  7.510D-01
 -8.367D-04  7.477D-01
 -1.107D-03  7.211D-01
 -1.225D-03  7.282D-01
 -1.796D-03  6.817D-01
 -1.722D-03  7.089D-01
 -3.207D-03  6.345D-01
 -2.350D-03  6.917D-01
 -7.293D-03  5.833D-01
 -3.096D-03  6.791D-01
 -2.220D-04  7.795D-01
 -3.469D-04  7.740D-01
 -4.738D-04  7.642D-01
 -5.981D-04  7.587D-01
 -7.655D-04  7.407D-01
 -8.927D-04  7.403D-01
 -1.179D-03  7.078D-01
 -1.259D-03  7.206D-01
 -1.872D-03  6.652D-01
 -1.722D-03  7.013D-01
 -3.281D-03  6.147D-01
 -2.296D-03  6.843D-01
 -7.306D-03  5.598D-01
 -2.963D-03  6.719D-01
 -2.011D-04  7.806D-01
 -3.145D-04  7.741D-01
 -4.224D-04  7.683D-01
 -5.439D-04  7.562D-01
 -6.574D-04  7.521D-01
 -8.296D-04  7.300D-01
 -9.378D-04  7.333D-01
 -1.243D-03  6.942D-01
 -1.284D-03  7.135D-01
 -1.937D-03  6.485D-01
 -1.714D-03  6.944D-01
 -3.338D-03  5.947D-01
 -2.239D-03  6.776D-01
 -7.291D-03  5.360D-01
 -2.839D-03  6.656D-01
 -1.836D-04  7.809D-01
 -2.852D-04  7.760D-01
 -3.851D-04  7.679D-01
 -4.835D-04  7.626D-01
 -6.037D-04  7.477D-01
 -7.066D-04  7.457D-01
 -8.858D-04  7.189D-01
 -9.737D-04  7.268D-01
 -1.299D-03  6.804D-01
 -1.301D-03  7.072D-01
 -1.991D-03  6.318D-01
 -1.701D-03  6.883D-01
 -3.380D-03  5.747D-01
 -2.182D-03  6.719D-01
 -7.251D-03  5.120D-01
 -2.723D-03  6.604D-01
 -1.683D-04  7.817D-01
 -2.614D-04  7.763D-01
 -3.491D-04  7.712D-01
 -4.435D-04  7.612D-01
 -5.345D-04  7.569D-01
 -6.557D-04  7.388D-01
 -7.475D-04  7.398D-01
 -9.351D-04  7.077D-01
 -1.002D-03  7.209D-01
 -1.347D-03  6.666D-01
 -1.310D-03  7.016D-01
 -2.036D-03  6.152D-01
 -1.683D-03  6.832D-01
 -3.407D-03  5.548D-01
 -2.125D-03  6.672D-01
 -7.190D-03  4.880D-01
 -2.615D-03  6.562D-01
 -1.551D-04  7.820D-01
 -2.399D-04  7.779D-01
 -3.213D-04  7.712D-01
 -4.016D-04  7.664D-01
 -4.935D-04  7.542D-01
 -5.776D-04  7.516D-01
 -7.013D-04  7.299D-01
 -7.814D-04  7.344D-01
 -9.785D-04  6.965D-01
 -1.024D-03  7.158D-01
 -1.388D-03  6.530D-01
 -1.315D-03  6.969D-01
 -2.072D-03  5.988D-01
 -1.662D-03  6.790D-01
 -3.423D-03  5.352D-01
 -2.068D-03  6.635D-01
 -7.111D-03  4.642D-01
 -2.513D-03  6.531D-01
 -1.434D-04  7.827D-01
 -2.217D-04  7.782D-01
 -2.949D-04  7.739D-01
 -3.711D-04  7.657D-01
 -4.459D-04  7.617D-01
 -5.372D-04  7.471D-01
 -6.142D-04  7.467D-01
 -7.416D-04  7.209D-01
 -8.095D-04  7.297D-01
 -1.017D-03  6.855D-01
 -1.040D-03  7.115D-01
 -1.424D-03  6.397D-01
 -1.315D-03  6.931D-01
 -2.101D-03  5.828D-01
 -1.639D-03  6.758D-01
 -3.427D-03  5.159D-01
 -2.013D-03  6.609D-01
 -7.016D-03  4.405D-01
 -2.419D-03  6.512D-01
 -1.332D-04  7.829D-01
 -2.053D-04  7.795D-01
 -2.735D-04  7.740D-01
 -3.405D-04  7.699D-01
 -4.141D-04  7.601D-01
 -4.839D-04  7.573D-01
 -5.757D-04  7.400D-01
 -6.454D-04  7.424D-01
 -7.773D-04  7.121D-01
 -8.326D-04  7.257D-01
 -1.050D-03  6.748D-01
 -1.052D-03  7.080D-01
 -1.453D-03  6.267D-01
 -1.311D-03  6.903D-01
 -2.121D-03  5.673D-01
 -1.613D-03  6.736D-01
 -3.421D-03  4.971D-01
 -1.959D-03  6.594D-01
 -6.908D-03  4.172D-01
 -2.330D-03  6.504D-01
 -1.240D-04  7.834D-01
 -1.911D-04  7.798D-01
 -2.533D-04  7.762D-01
 -3.168D-04  7.696D-01
 -3.795D-04  7.661D-01
 -4.517D-04  7.544D-01
 -5.167D-04  7.534D-01
 -6.099D-04  7.329D-01
 -6.720D-04  7.387D-01
 -8.089D-04  7.035D-01
 -8.513D-04  7.224D-01
 -1.079D-03  6.644D-01
 -1.060D-03  7.054D-01
 -1.478D-03  6.142D-01
 -1.304D-03  6.883D-01
 -2.136D-03  5.523D-01
 -1.587D-03  6.724D-01
 -3.406D-03  4.788D-01
 -1.907D-03  6.589D-01
 -6.789D-03  3.944D-01
 -2.247D-03  6.507D-01
 -1.159D-04  7.835D-01
 -1.782D-04  7.807D-01
 -2.364D-04  7.763D-01
 -2.935D-04  7.729D-01
 -3.543D-04  7.651D-01
 -4.133D-04  7.626D-01
 -4.851D-04  7.489D-01
 -5.453D-04  7.500D-01
 -6.404D-04  7.261D-01
 -6.946D-04  7.356D-01
 -8.369D-04  6.952D-01
 -8.664D-04  7.199D-01
 -1.104D-03  6.545D-01
 -1.065D-03  7.036D-01
 -1.498D-03  6.023D-01
 -1.295D-03  6.873D-01
 -2.144D-03  5.379D-01
 -1.560D-03  6.721D-01
 -3.383D-03  4.612D-01
 -1.856D-03  6.594D-01
 -6.661D-03  3.720D-01
 -2.170D-03  6.520D-01
 -1.086D-04  7.837D-01
 -1.669D-04  7.809D-01
 -2.207D-04  7.780D-01
 -2.747D-04  7.728D-01
 -3.282D-04  7.698D-01
 -3.874D-04  7.607D-01
 -4.429D-04  7.595D-01
 -5.149D-04  7.434D-01
 -5.700D-04  7.471D-01
 -6.676D-04  7.195D-01
 -7.138D-04  7.332D-01
 -8.616D-04  6.873D-01
 -8.783D-04  7.182D-01
 -1.125D-03  6.450D-01
 -1.067D-03  7.026D-01
 -1.514D-03  5.910D-01
 -1.285D-03  6.872D-01
 -2.147D-03  5.242D-01
 -1.532D-03  6.728D-01
 -3.354D-03  4.443D-01
 -1.808D-03  6.608D-01
 -6.525D-03  3.503D-01
 -2.097D-03  6.542D-01
 -1.020D-04  7.837D-01
 -1.565D-04  7.815D-01
 -2.071D-04  7.781D-01
 -2.564D-04  7.754D-01
 -3.080D-04  7.693D-01
 -3.585D-04  7.671D-01
 -4.169D-04  7.564D-01
 -4.689D-04  7.568D-01
 -5.416D-04  7.382D-01
 -5.915D-04  7.449D-01
 -6.918D-04  7.133D-01
 -7.299D-04  7.315D-01
 -8.833D-04  6.799D-01
 -8.874D-04  7.172D-01
 -1.143D-03  6.361D-01
 -1.067D-03  7.024D-01
 -1.525D-03  5.803D-01
 -1.273D-03  6.878D-01
 -2.145D-03  5.112D-01
 -1.505D-03  6.743D-01
 -3.319D-03  4.281D-01
 -1.762D-03  6.631D-01
 -6.383D-03  3.293D-01
 -2.030D-03  6.573D-01
 -9.600D-05  7.838D-01
 -1.473D-04  7.816D-01
 -1.944D-04  7.793D-01
 -2.411D-04  7.753D-01
 -2.875D-04  7.729D-01
 -3.375D-04  7.658D-01
 -3.854D-04  7.647D-01
 -4.434D-04  7.522D-01
 -4.919D-04  7.547D-01
 -5.656D-04  7.332D-01
 -6.102D-04  7.432D-01
 -7.135D-04  7.074D-01
 -7.433D-04  7.305D-01
 -9.022D-04  6.728D-01
 -8.942D-04  7.169D-01
 -1.158D-03  6.277D-01
 -1.066D-03  7.029D-01
 -1.533D-03  5.702D-01
 -1.260D-03  6.892D-01
 -2.139D-03  4.989D-01
 -1.478D-03  6.765D-01
 -3.279D-03  4.127D-01
 -1.717D-03  6.662D-01
 -6.237D-03  3.090D-01
 -1.966D-03  6.611D-01
 -9.059D-05  7.837D-01
 -1.388D-04  7.820D-01
 -1.832D-04  7.794D-01
 -2.265D-04  7.772D-01
 -2.710D-04  7.726D-01
 -3.150D-04  7.708D-01
 -3.639D-04  7.625D-01
 -4.092D-04  7.627D-01
 -4.672D-04  7.483D-01
 -5.121D-04  7.531D-01
 -5.871D-04  7.286D-01
 -6.264D-04  7.421D-01
 -7.327D-04  7.018D-01
 -7.545D-04  7.301D-01
 -9.187D-04  6.663D-01
 -8.990D-04  7.173D-01
 -1.171D-03  6.199D-01
 -1.062D-03  7.041D-01
 -1.538D-03  5.609D-01
 -1.246D-03  6.913D-01
 -2.129D-03  4.875D-01
 -1.451D-03  6.794D-01
 -3.235D-03  3.981D-01
 -1.675D-03  6.699D-01
 -6.087D-03  2.895D-01
 -1.907D-03  6.656D-01
 -8.564D-05  7.836D-01
 -1.312D-04  7.819D-01
 -1.729D-04  7.802D-01
 -2.139D-04  7.771D-01
 -2.546D-04  7.753D-01
 -2.976D-04  7.699D-01
 -3.394D-04  7.689D-01
 -3.876D-04  7.593D-01
 -4.304D-04  7.611D-01
 -4.887D-04  7.446D-01
 -5.300D-04  7.519D-01
 -6.065D-04  7.242D-01
 -6.403D-04  7.416D-01
 -7.499D-04  6.967D-01
 -7.637D-04  7.302D-01
 -9.329D-04  6.602D-01
 -9.022D-04  7.182D-01
 -1.181D-03  6.127D-01
 -1.058D-03  7.059D-01
 -1.540D-03  5.522D-01
 -1.232D-03  6.939D-01
 -2.116D-03  4.768D-01
 -1.425D-03  6.829D-01
 -3.187D-03  3.844D-01
 -1.635D-03  6.742D-01
 -5.936D-03  2.708D-01
 -1.851D-03  6.707D-01
 -8.112D-05  7.833D-01
 -1.242D-04  7.820D-01
 -1.636D-04  7.801D-01
 -2.020D-04  7.785D-01
 -2.409D-04  7.749D-01
 -2.796D-04  7.736D-01
 -3.215D-04  7.673D-01
 -3.613D-04  7.674D-01
 -4.092D-04  7.564D-01
 -4.494D-04  7.599D-01
 -5.082D-04  7.411D-01
 -5.458D-04  7.513D-01
 -6.240D-04  7.202D-01
 -6.524D-04  7.415D-01
 -7.650D-04  6.919D-01
 -7.712D-04  7.309D-01
 -9.451D-04  6.546D-01
 -9.039D-04  7.197D-01
 -1.188D-03  6.061D-01
 -1.052D-03  7.082D-01
 -1.540D-03  5.442D-01
 -1.218D-03  6.970D-01
 -2.100D-03  4.669D-01
 -1.400D-03  6.869D-01
 -3.136D-03  3.716D-01
 -1.597D-03  6.790D-01
 -5.783D-03  2.530D-01
 -1.799D-03  6.762D-01
 -7.696D-05  7.830D-01
 -1.178D-04  7.818D-01
 -1.550D-04  7.805D-01
 -1.914D-04  7.783D-01
 -2.275D-04  7.769D-01
 -2.651D-04  7.728D-01
 -3.020D-04  7.721D-01
 -3.431D-04  7.649D-01
 -3.810D-04  7.662D-01
 -4.287D-04  7.536D-01
 -4.663D-04  7.592D-01
 -5.258D-04  7.379D-01
 -5.597D-04  7.510D-01
 -6.397D-04  7.164D-01
 -6.628D-04  7.419D-01
 -7.784D-04  6.876D-01
 -7.771D-04  7.320D-01
 -9.553D-04  6.495D-01
 -9.044D-04  7.216D-01
 -1.194D-03  6.000D-01
 -1.046D-03  7.109D-01
 -1.537D-03  5.369D-01
 -1.203D-03  7.006D-01
 -2.081D-03  4.578D-01
 -1.375D-03  6.912D-01
 -3.083D-03  3.596D-01
 -1.561D-03  6.841D-01
 -5.630D-03  2.360D-01
 -1.750D-03  6.819D-01
 -7.314D-05  7.826D-01
 -1.119D-04  7.817D-01
 -1.472D-04  7.803D-01
 -1.815D-04  7.791D-01
 -2.160D-04  7.765D-01
 -2.504D-04  7.756D-01
 -2.869D-04  7.709D-01
 -3.222D-04  7.710D-01
 -3.628D-04  7.626D-01
 -3.987D-04  7.654D-01
 -4.465D-04  7.510D-01
 -4.815D-04  7.588D-01
 -5.418D-04  7.349D-01
 -5.720D-04  7.512D-01
 -6.537D-04  7.130D-01
 -6.716D-04  7.427D-01
 -7.901D-04  6.836D-01
 -7.818D-04  7.335D-01
 -9.638D-04  6.448D-01
 -9.039D-04  7.238D-01
 -1.197D-03  5.945D-01
 -1.039D-03  7.140D-01
 -1.532D-03  5.303D-01
 -1.188D-03  7.044D-01
 -2.060D-03  4.494D-01
 -1.351D-03  6.958D-01
 -3.029D-03  3.485D-01
 -1.526D-03  6.895D-01
 -5.477D-03  2.200D-01
 -1.705D-03  6.879D-01
 -6.961D-05  7.822D-01
 -1.064D-04  7.813D-01
 -1.399D-04  7.804D-01
 -1.726D-04  7.788D-01
 -2.049D-04  7.779D-01
 -2.381D-04  7.749D-01
 -2.710D-04  7.744D-01
 -3.067D-04  7.690D-01
 -3.405D-04  7.701D-01
 -3.807D-04  7.605D-01
 -4.147D-04  7.649D-01
 -4.628D-04  7.486D-01
 -4.951D-04  7.587D-01
 -5.564D-04  7.322D-01
 -5.828D-04  7.517D-01
 -6.664D-04  7.098D-01
 -6.792D-04  7.438D-01
 -8.004D-04  6.799D-01
 -7.853D-04  7.353D-01
 -9.708D-04  6.406D-01
 -9.026D-04  7.264D-01
 -1.199D-03  5.895D-01
 -1.032D-03  7.173D-01
 -1.525D-03  5.242D-01
 -1.174D-03  7.085D-01
 -2.038D-03  4.418D-01
 -1.328D-03  7.007D-01
 -2.972D-03  3.382D-01
 -1.493D-03  6.950D-01
 -5.326D-03  2.048D-01
 -1.662D-03  6.940D-01
 -6.635D-05  7.816D-01
 -1.014D-04  7.810D-01
 -1.333D-04  7.800D-01
 -1.642D-04  7.792D-01
 -1.951D-04  7.774D-01
 -2.259D-04  7.768D-01
 -2.581D-04  7.733D-01
 -2.897D-04  7.735D-01
 -3.248D-04  7.673D-01
 -3.571D-04  7.695D-01
 -3.971D-04  7.586D-01
 -4.292D-04  7.646D-01
 -4.776D-04  7.464D-01
 -5.073D-04  7.589D-01
 -5.695D-04  7.297D-01
 -5.924D-04  7.525D-01
 -6.776D-04  7.069D-01
 -6.855D-04  7.452D-01
 -8.093D-04  6.766D-01
 -7.879D-04  7.374D-01
 -9.763D-04  6.367D-01
 -9.006D-04  7.292D-01
 -1.199D-03  5.850D-01
 -1.024D-03  7.208D-01
 -1.517D-03  5.188D-01
 -1.160D-03  7.127D-01
 -2.014D-03  4.349D-01
 -1.306D-03  7.056D-01
 -2.915D-03  3.287D-01
 -1.462D-03  7.005D-01
 -5.176D-03  1.906D-01
 -1.621D-03  7.001D-01
 -6.332D-05  7.810D-01
 -9.676D-05  7.804D-01
 -1.271D-04  7.799D-01
 -1.566D-04  7.787D-01
 -1.857D-04  7.782D-01
 -2.154D-04  7.760D-01
 -2.450D-04  7.758D-01
 -2.764D-04  7.718D-01
 -3.067D-04  7.728D-01
 -3.414D-04  7.656D-01
 -3.722D-04  7.691D-01
 -4.122D-04  7.568D-01
 -4.424D-04  7.646D-01
 -4.912D-04  7.444D-01
 -5.182D-04  7.594D-01
 -5.815D-04  7.273D-01
 -6.007D-04  7.535D-01
 -6.877D-04  7.043D-01
 -6.909D-04  7.468D-01
 -8.169D-04  6.735D-01
 -7.897D-04  7.396D-01
 -9.805D-04  6.332D-01
 -8.979D-04  7.321D-01
 -1.198D-03  5.809D-01
 -1.016D-03  7.244D-01
 -1.507D-03  5.139D-01
 -1.146D-03  7.170D-01
 -1.988D-03  4.287D-01
 -1.285D-03  7.105D-01
 -2.857D-03  3.201D-01
 -1.433D-03  7.061D-01
 -5.028D-03  1.773D-01
 -1.583D-03  7.061D-01
 -6.051D-05  7.803D-01
 -9.243D-05  7.800D-01
 -1.214D-04  7.793D-01
 -1.494D-04  7.788D-01
 -1.773D-04  7.775D-01
 -2.051D-04  7.772D-01
 -2.339D-04  7.747D-01
 -2.623D-04  7.751D-01
 -2.932D-04  7.704D-01
 -3.223D-04  7.723D-01
 -3.566D-04  7.641D-01
 -3.860D-04  7.689D-01
 -4.261D-04  7.551D-01
 -4.543D-04  7.648D-01
 -5.036D-04  7.425D-01
 -5.280D-04  7.601D-01
 -5.923D-04  7.252D-01
 -6.081D-04  7.546D-01
 -6.966D-04  7.018D-01
 -6.954D-04  7.486D-01
 -8.234D-04  6.708D-01
 -7.907D-04  7.420D-01
 -9.835D-04  6.301D-01
 -8.949D-04  7.350D-01
 -1.196D-03  5.773D-01
 -1.008D-03  7.280D-01
 -1.496D-03  5.096D-01
 -1.132D-03  7.212D-01
 -1.962D-03  4.231D-01
 -1.265D-03  7.154D-01
 -2.799D-03  3.123D-01
 -1.405D-03  7.115D-01
 -4.882D-03  1.648D-01
 -1.548D-03  7.119D-01
 -5.789D-05  7.796D-01
 -8.841D-05  7.793D-01
 -1.161D-04  7.789D-01
 -1.428D-04  7.782D-01
 -1.693D-04  7.779D-01
 -1.961D-04  7.764D-01
 -2.228D-04  7.764D-01
 -2.509D-04  7.735D-01
 -2.782D-04  7.745D-01
 -3.086D-04  7.691D-01
 -3.365D-04  7.720D-01
 -3.707D-04  7.627D-01
 -3.986D-04  7.689D-01
 -4.388D-04  7.535D-01
 -4.650D-04  7.652D-01
 -5.149D-04  7.407D-01
 -5.368D-04  7.609D-01
 -6.021D-04  7.232D-01
 -6.145D-04  7.559D-01
 -7.045D-04  6.995D-01
 -6.991D-04  7.504D-01
 -8.288D-04  6.682D-01
 -7.911D-04  7.443D-01
 -9.854D-04  6.272D-01
 -8.914D-04  7.380D-01
 -1.192D-03  5.740D-01
 -1.000D-03  7.315D-01
 -1.484D-03  5.057D-01
 -1.118D-03  7.254D-01
 -1.935D-03  4.182D-01
 -1.245D-03  7.201D-01
 -2.741D-03  3.052D-01
 -1.379D-03  7.167D-01
 -4.740D-03  1.532D-01
 -1.514D-03  7.175D-01
 -5.545D-05  7.788D-01
 -8.465D-05  7.786D-01
 -1.111D-04  7.782D-01
 -1.367D-04  7.779D-01
 -1.620D-04  7.771D-01
 -1.873D-04  7.770D-01
 -2.133D-04  7.753D-01
 -2.390D-04  7.757D-01
 -2.665D-04  7.723D-01
 -2.928D-04  7.740D-01
 -3.228D-04  7.679D-01
 -3.496D-04  7.718D-01
 -3.837D-04  7.614D-01
 -4.101D-04  7.690D-01
 -4.505D-04  7.520D-01
 -4.748D-04  7.657D-01
 -5.253D-04  7.390D-01
 -5.446D-04  7.618D-01
 -6.109D-04  7.213D-01
 -6.201D-04  7.573D-01
 -7.115D-04  6.974D-01
 -7.021D-04  7.522D-01
 -8.332D-04  6.659D-01
 -7.910D-04  7.467D-01
 -9.863D-04  6.246D-01
 -8.876D-04  7.409D-01
 -1.188D-03  5.711D-01
 -9.923D-04  7.350D-01
 -1.471D-03  5.023D-01
 -1.105D-03  7.294D-01
 -1.907D-03  4.138D-01
 -1.226D-03  7.246D-01
 -2.683D-03  2.988D-01
 -1.354D-03  7.216D-01
 -4.600D-03  1.425D-01
 -1.483D-03  7.227D-01
 -5.316D-05  7.779D-01
 -8.115D-05  7.777D-01
 -1.065D-04  7.776D-01
 -1.310D-04  7.771D-01
 -1.551D-04  7.770D-01
 -1.795D-04  7.760D-01
 -2.038D-04  7.762D-01
 -2.290D-04  7.742D-01
 -2.539D-04  7.751D-01
 -2.809D-04  7.712D-01
 -3.063D-04  7.736D-01
 -3.360D-04  7.667D-01
 -3.617D-04  7.717D-01
 -3.957D-04  7.601D-01
 -4.206D-04  7.692D-01
 -4.613D-04  7.506D-01
 -4.837D-04  7.663D-01
 -5.348D-04  7.374D-01
 -5.517D-04  7.627D-01
 -6.189D-04  7.195D-01
 -6.250D-04  7.586D-01
 -7.176D-04  6.954D-01
 -7.044D-04  7.540D-01
 -8.368D-04  6.637D-01
 -7.904D-04  7.490D-01
 -9.864D-04  6.222D-01
 -8.836D-04  7.436D-01
 -1.183D-03  5.685D-01
 -9.842D-04  7.383D-01
 -1.458D-03  4.993D-01
 -1.093D-03  7.332D-01
 -1.878D-03  4.099D-01
 -1.208D-03  7.288D-01
 -2.626D-03  2.931D-01
 -1.330D-03  7.263D-01
 -4.464D-03  1.326D-01
 -1.453D-03  7.276D-01
 -5.102D-05  7.770D-01
 -7.787D-05  7.769D-01
 -1.022D-04  7.767D-01
 -1.256D-04  7.766D-01
 -1.488D-04  7.761D-01
 -1.719D-04  7.762D-01
 -1.954D-04  7.750D-01
 -2.189D-04  7.756D-01
 -2.436D-04  7.732D-01
 -2.676D-04  7.746D-01
 -2.942D-04  7.701D-01
 -3.187D-04  7.734D-01
 -3.482D-04  7.655D-01
 -3.727D-04  7.717D-01
 -4.068D-04  7.588D-01
 -4.303D-04  7.695D-01
 -4.712D-04  7.492D-01
 -4.918D-04  7.668D-01
 -5.434D-04  7.358D-01
 -5.580D-04  7.636D-01
 -6.260D-04  7.177D-01
 -6.293D-04  7.599D-01
 -7.228D-04  6.935D-01
 -7.063D-04  7.557D-01
 -8.396D-04  6.617D-01
 -7.895D-04  7.511D-01
 -9.857D-04  6.201D-01
 -8.793D-04  7.463D-01
 -1.177D-03  5.662D-01
 -9.762D-04  7.413D-01
 -1.444D-03  4.966D-01
 -1.080D-03  7.367D-01
 -1.850D-03  4.066D-01
 -1.191D-03  7.328D-01
 -2.569D-03  2.880D-01
 -1.307D-03  7.306D-01
 -4.332D-03  1.235D-01
 -1.425D-03  7.321D-01
 -4.901D-05  7.760D-01
 -7.480D-05  7.759D-01
 -9.810D-05  7.759D-01
 -1.206D-04  7.757D-01
 -1.427D-04  7.757D-01
 -1.650D-04  7.751D-01
 -1.872D-04  7.755D-01
 -2.101D-04  7.740D-01
 -2.329D-04  7.750D-01
 -2.571D-04  7.721D-01
 -2.803D-04  7.742D-01
 -3.066D-04  7.691D-01
 -3.302D-04  7.731D-01
 -3.596D-04  7.644D-01
 -3.829D-04  7.717D-01
 -4.170D-04  7.575D-01
 -4.391D-04  7.698D-01
 -4.804D-04  7.477D-01
 -4.991D-04  7.674D-01
 -5.513D-04  7.343D-01
 -5.636D-04  7.645D-01
 -6.324D-04  7.160D-01
 -6.329D-04  7.611D-01
 -7.273D-04  6.917D-01
 -7.076D-04  7.573D-01
 -8.416D-04  6.597D-01
 -7.882D-04  7.531D-01
 -9.842D-04  6.181D-01
 -8.749D-04  7.486D-01
 -1.170D-03  5.641D-01
 -9.682D-04  7.441D-01
 -1.429D-03  4.943D-01
 -1.068D-03  7.399D-01
 -1.821D-03  4.036D-01
 -1.174D-03  7.364D-01
 -2.513D-03  2.836D-01
 -1.285D-03  7.344D-01
 -4.202D-03  1.152D-01
 -1.398D-03  7.361D-01
 -4.713D-05  7.749D-01
 -7.190D-05  7.749D-01
 -9.430D-05  7.749D-01
 -1.158D-04  7.749D-01
 -1.372D-04  7.747D-01
 -1.584D-04  7.749D-01
 -1.799D-04  7.741D-01
 -2.014D-04  7.747D-01
 -2.238D-04  7.731D-01
 -2.458D-04  7.744D-01
 -2.696D-04  7.711D-01
 -2.921D-04  7.738D-01
 -3.181D-04  7.680D-01
 -3.408D-04  7.729D-01
 -3.701D-04  7.632D-01
 -3.924D-04  7.717D-01
 -4.266D-04  7.562D-01
 -4.472D-04  7.700D-01
 -4.888D-04  7.463D-01
 -5.058D-04  7.679D-01
 -5.585D-04  7.327D-01
 -5.686D-04  7.653D-01
 -6.381D-04  7.143D-01
 -6.360D-04  7.622D-01
 -7.312D-04  6.899D-01
 -7.086D-04  7.587D-01
 -8.430D-04  6.579D-01
 -7.866D-04  7.549D-01
 -9.821D-04  6.162D-01
 -8.704D-04  7.508D-01
 -1.163D-03  5.622D-01
 -9.604D-04  7.466D-01
 -1.414D-03  4.923D-01
 -1.056D-03  7.427D-01
 -1.792D-03  4.011D-01
 -1.158D-03  7.395D-01
 -2.458D-03  2.797D-01
 -1.265D-03  7.379D-01
 -4.077D-03  1.076D-01
 -1.373D-03  7.397D-01
 -4.535D-05  7.738D-01
 -6.919D-05  7.738D-01
 -9.071D-05  7.739D-01
 -1.114D-04  7.738D-01
 -1.319D-04  7.740D-01
 -1.523D-04  7.737D-01
 -1.728D-04  7.741D-01
 -1.937D-04  7.732D-01
 -2.145D-04  7.741D-01
 -2.365D-04  7.721D-01
 -2.578D-04  7.739D-01
 -2.813D-04  7.701D-01
 -3.030D-04  7.734D-01
 -3.288D-04  7.669D-01
 -3.506D-04  7.727D-01
 -3.799D-04  7.620D-01
 -4.010D-04  7.717D-01
 -4.354D-04  7.548D-01
 -4.546D-04  7.702D-01
 -4.965D-04  7.448D-01
 -5.118D-04  7.683D-01
 -5.650D-04  7.311D-01
 -5.731D-04  7.660D-01
 -6.432D-04  7.126D-01
 -6.387D-04  7.632D-01
 -7.344D-04  6.881D-01
 -7.091D-04  7.600D-01
 -8.437D-04  6.561D-01
 -7.847D-04  7.564D-01
 -9.794D-04  6.144D-01
 -8.658D-04  7.526D-01
 -1.155D-03  5.604D-01
 -9.526D-04  7.488D-01
 -1.398D-03  4.905D-01
 -1.045D-03  7.452D-01
 -1.764D-03  3.989D-01
 -1.143D-03  7.423D-01
 -2.403D-03  2.763D-01
 -1.245D-03  7.408D-01
 -3.955D-03  1.008D-01
 -1.349D-03  7.427D-01
 -4.368D-05  7.726D-01
 -6.663D-05  7.727D-01
 -8.735D-05  7.727D-01
 -1.073D-04  7.729D-01
 -1.269D-04  7.728D-01
 -1.465D-04  7.731D-01
 -1.663D-04  7.727D-01
 -1.861D-04  7.733D-01
 -2.065D-04  7.722D-01
 -2.267D-04  7.734D-01
 -2.483D-04  7.710D-01
 -2.690D-04  7.733D-01
 -2.922D-04  7.690D-01
 -3.132D-04  7.731D-01
 -3.388D-04  7.657D-01
 -3.598D-04  7.725D-01
 -3.890D-04  7.607D-01
 -4.091D-04  7.716D-01
 -4.435D-04  7.534D-01
 -4.615D-04  7.703D-01
 -5.037D-04  7.432D-01
 -5.173D-04  7.686D-01
 -5.710D-04  7.294D-01
 -5.770D-04  7.665D-01
 -6.477D-04  7.108D-01
 -6.409D-04  7.639D-01
 -7.370D-04  6.863D-01
 -7.093D-04  7.610D-01
 -8.439D-04  6.543D-01
 -7.826D-04  7.577D-01
 -9.762D-04  6.127D-01
 -8.611D-04  7.542D-01
 -1.147D-03  5.588D-01
 -9.449D-04  7.506D-01
 -1.382D-03  4.889D-01
 -1.034D-03  7.473D-01
 -1.735D-03  3.971D-01
 -1.128D-03  7.446D-01
 -2.350D-03  2.733D-01
 -1.226D-03  7.433D-01
 -3.837D-03  9.458D-02
 -1.326D-03  7.452D-01
 -4.210D-05  7.714D-01
 -6.421D-05  7.715D-01
 -8.417D-05  7.716D-01
 -1.034D-04  7.717D-01
 -1.222D-04  7.719D-01
 -1.411D-04  7.718D-01
 -1.600D-04  7.722D-01
 -1.792D-04  7.717D-01
 -1.984D-04  7.725D-01
 -2.184D-04  7.711D-01
 -2.381D-04  7.727D-01
 -2.593D-04  7.700D-01
 -2.794D-04  7.728D-01
 -3.024D-04  7.678D-01
 -3.226D-04  7.726D-01
 -3.482D-04  7.644D-01
 -3.682D-04  7.722D-01
 -3.975D-04  7.593D-01
 -4.165D-04  7.714D-01
 -4.511D-04  7.519D-01
 -4.677D-04  7.703D-01
 -5.102D-04  7.416D-01
 -5.223D-04  7.687D-01
 -5.763D-04  7.276D-01
 -5.805D-04  7.668D-01
 -6.516D-04  7.090D-01
 -6.427D-04  7.644D-01
 -7.391D-04  6.844D-01
 -7.092D-04  7.617D-01
 -8.436D-04  6.525D-01
 -7.804D-04  7.586D-01
 -9.725D-04  6.110D-01
 -8.563D-04  7.553D-01
 -1.139D-03  5.573D-01
 -9.373D-04  7.520D-01
 -1.366D-03  4.874D-01
 -1.023D-03  7.489D-01
 -1.706D-03  3.955D-01
 -1.114D-03  7.464D-01
 -2.298D-03  2.708D-01
 -1.208D-03  7.453D-01
 -3.723D-03  8.902D-02
 -1.304D-03  7.471D-01
 -4.061D-05  7.701D-01
 -6.193D-05  7.702D-01
 -8.117D-05  7.703D-01
 -9.965D-05  7.705D-01
 -1.179D-04  7.706D-01
 -1.360D-04  7.709D-01
 -1.542D-04  7.707D-01
 -1.725D-04  7.713D-01
 -1.913D-04  7.706D-01
 -2.099D-04  7.717D-01
 -2.296D-04  7.700D-01
 -2.487D-04  7.720D-01
 -2.696D-04  7.688D-01
 -2.891D-04  7.722D-01
 -3.119D-04  7.666D-01
 -3.315D-04  7.721D-01
 -3.569D-04  7.631D-01
 -3.761D-04  7.718D-01
 -4.054D-04  7.578D-01
 -4.233D-04  7.711D-01
 -4.581D-04  7.503D-01
 -4.735D-04  7.701D-01
 -5.162D-04  7.399D-01
 -5.268D-04  7.687D-01
 -5.811D-04  7.258D-01
 -5.836D-04  7.669D-01
 -6.550D-04  7.071D-01
 -6.442D-04  7.647D-01
 -7.407D-04  6.825D-01
 -7.089D-04  7.621D-01
 -8.427D-04  6.506D-01
 -7.779D-04  7.592D-01
 -9.684D-04  6.093D-01
 -8.515D-04  7.562D-01
 -1.130D-03  5.558D-01
 -9.298D-04  7.530D-01
 -1.350D-03  4.861D-01
 -1.013D-03  7.501D-01
 -1.678D-03  3.941D-01
 -1.100D-03  7.478D-01
 -2.246D-03  2.687D-01
 -1.191D-03  7.467D-01
 -3.612D-03  8.406D-02
 -1.283D-03  7.485D-01
 -3.920D-05  7.687D-01
 -5.978D-05  7.689D-01
 -7.833D-05  7.690D-01
 -9.616D-05  7.692D-01
 -1.137D-04  7.695D-01
 -1.312D-04  7.695D-01
 -1.487D-04  7.699D-01
 -1.664D-04  7.696D-01
 -1.842D-04  7.704D-01
 -2.026D-04  7.695D-01
 -2.207D-04  7.709D-01
 -2.400D-04  7.689D-01
 -2.586D-04  7.713D-01
 -2.793D-04  7.676D-01
 -2.982D-04  7.715D-01
 -3.208D-04  7.653D-01
 -3.397D-04  7.715D-01
 -3.651D-04  7.616D-01
 -3.834D-04  7.712D-01
 -4.127D-04  7.562D-01
 -4.297D-04  7.706D-01
 -4.646D-04  7.485D-01
 -4.787D-04  7.697D-01
 -5.217D-04  7.380D-01
 -5.308D-04  7.684D-01
 -5.855D-04  7.238D-01
 -5.863D-04  7.667D-01
 -6.579D-04  7.050D-01
 -6.453D-04  7.647D-01
 -7.418D-04  6.805D-01
 -7.083D-04  7.622D-01
 -8.415D-04  6.487D-01
 -7.753D-04  7.595D-01
 -9.639D-04  6.076D-01
 -8.467D-04  7.566D-01
 -1.121D-03  5.543D-01
 -9.225D-04  7.536D-01
 -1.334D-03  4.849D-01
 -1.003D-03  7.509D-01
 -1.650D-03  3.930D-01
 -1.087D-03  7.487D-01
 -2.197D-03  2.670D-01
 -1.175D-03  7.477D-01
 -3.505D-03  7.965D-02
 -1.263D-03  7.494D-01
 -3.787D-05  7.673D-01
 -5.773D-05  7.675D-01
 -7.565D-05  7.676D-01
 -9.284D-05  7.679D-01
 -1.098D-04  7.680D-01
 -1.266D-04  7.684D-01
 -1.435D-04  7.683D-01
 -1.605D-04  7.689D-01
 -1.778D-04  7.685D-01
 -1.951D-04  7.695D-01
 -2.131D-04  7.683D-01
 -2.308D-04  7.700D-01
 -2.498D-04  7.676D-01
 -2.679D-04  7.704D-01
 -2.884D-04  7.662D-01
 -3.066D-04  7.707D-01
 -3.291D-04  7.638D-01
 -3.473D-04  7.707D-01
 -3.727D-04  7.600D-01
 -3.902D-04  7.705D-01
 -4.196D-04  7.545D-01
 -4.355D-04  7.700D-01
 -4.706D-04  7.466D-01
 -4.835D-04  7.692D-01
 -5.267D-04  7.360D-01
 -5.344D-04  7.679D-01
 -5.893D-04  7.217D-01
 -5.886D-04  7.663D-01
 -6.603D-04  7.029D-01
 -6.462D-04  7.643D-01
 -7.424D-04  6.784D-01
 -7.074D-04  7.620D-01
 -8.398D-04  6.467D-01
 -7.726D-04  7.594D-01
 -9.590D-04  6.058D-01
 -8.418D-04  7.566D-01
 -1.111D-03  5.529D-01
 -9.152D-04  7.538D-01
 -1.318D-03  4.837D-01
 -9.927D-04  7.512D-01
 -1.623D-03  3.919D-01
 -1.074D-03  7.490D-01
 -2.148D-03  2.655D-01
 -1.159D-03  7.481D-01
 -3.402D-03  7.577D-02
 -1.244D-03  7.497D-01
 -3.660D-05  7.659D-01
 -5.580D-05  7.660D-01
 -7.310D-05  7.662D-01
 -8.971D-05  7.664D-01
 -1.060D-04  7.667D-01
 -1.223D-04  7.668D-01
 -1.386D-04  7.673D-01
 -1.550D-04  7.671D-01
 -1.715D-04  7.679D-01
 -1.884D-04  7.672D-01
 -2.053D-04  7.685D-01
 -2.230D-04  7.670D-01
 -2.402D-04  7.690D-01
 -2.590D-04  7.663D-01
 -2.766D-04  7.695D-01
 -2.969D-04  7.648D-01
 -3.146D-04  7.698D-01
 -3.370D-04  7.622D-01
 -3.545D-04  7.699D-01
 -3.798D-04  7.583D-01
 -3.965D-04  7.697D-01
 -4.259D-04  7.526D-01
 -4.409D-04  7.692D-01
 -4.761D-04  7.446D-01
 -4.879D-04  7.684D-01
 -5.312D-04  7.338D-01
 -5.377D-04  7.672D-01
 -5.927D-04  7.195D-01
 -5.906D-04  7.656D-01
 -6.623D-04  7.007D-01
 -6.467D-04  7.637D-01
 -7.427D-04  6.762D-01
 -7.064D-04  7.615D-01
 -8.378D-04  6.447D-01
 -7.697D-04  7.590D-01
 -9.539D-04  6.040D-01
 -8.369D-04  7.563D-01
 -1.102D-03  5.514D-01
 -9.080D-04  7.536D-01
 -1.301D-03  4.826D-01
 -9.830D-04  7.510D-01
 -1.596D-03  3.911D-01
 -1.062D-03  7.489D-01
 -2.100D-03  2.643D-01
 -1.143D-03  7.479D-01
 -3.302D-03  7.236D-02
 -1.226D-03  7.494D-01
 -3.540D-05  7.644D-01
 -5.396D-05  7.645D-01
 -7.069D-05  7.647D-01
 -8.673D-05  7.649D-01
 -1.025D-04  7.651D-01
 -1.182D-04  7.655D-01
 -1.339D-04  7.655D-01
 -1.497D-04  7.661D-01
 -1.658D-04  7.658D-01
 -1.818D-04  7.668D-01
 -1.984D-04  7.659D-01
 -2.149D-04  7.674D-01
 -2.323D-04  7.657D-01
 -2.491D-04  7.680D-01
 -2.677D-04  7.648D-01
 -2.847D-04  7.684D-01
 -3.049D-04  7.632D-01
 -3.220D-04  7.687D-01
 -3.443D-04  7.605D-01
 -3.612D-04  7.688D-01
 -3.864D-04  7.564D-01
 -4.024D-04  7.686D-01
 -4.318D-04  7.505D-01
 -4.459D-04  7.682D-01
 -4.812D-04  7.424D-01
 -4.919D-04  7.673D-01
 -5.354D-04  7.315D-01
 -5.406D-04  7.662D-01
 -5.957D-04  7.171D-01
 -5.923D-04  7.647D-01
 -6.640D-04  6.982D-01
 -6.470D-04  7.628D-01
 -7.426D-04  6.739D-01
 -7.051D-04  7.606D-01
 -8.354D-04  6.425D-01
 -7.668D-04  7.582D-01
 -9.485D-04  6.021D-01
 -8.320D-04  7.555D-01
 -1.092D-03  5.498D-01
 -9.009D-04  7.529D-01
 -1.285D-03  4.815D-01
 -9.735D-04  7.504D-01
 -1.569D-03  3.903D-01
 -1.050D-03  7.483D-01
 -2.054D-03  2.633D-01
 -1.128D-03  7.473D-01
 -3.206D-03  6.940D-02
 -1.208D-03  7.486D-01
 -3.426D-05  7.628D-01
 -5.222D-05  7.630D-01
 -6.839D-05  7.632D-01
 -8.392D-05  7.633D-01
 -9.916D-05  7.636D-01
 -1.143D-04  7.638D-01
 -1.295D-04  7.642D-01
 -1.448D-04  7.642D-01
 -1.601D-04  7.649D-01
 -1.758D-04  7.645D-01
 -1.915D-04  7.656D-01
 -2.078D-04  7.645D-01
 -2.238D-04  7.662D-01
 -2.410D-04  7.642D-01
 -2.574D-04  7.668D-01
 -2.758D-04  7.632D-01
 -2.924D-04  7.672D-01
 -3.124D-04  7.614D-01
 -3.290D-04  7.675D-01
 -3.512D-04  7.585D-01
 -3.674D-04  7.676D-01
 -3.927D-04  7.543D-01
 -4.078D-04  7.674D-01
 -4.373D-04  7.483D-01
 -4.505D-04  7.669D-01
 -4.858D-04  7.400D-01
 -4.955D-04  7.661D-01
 -5.391D-04  7.290D-01
 -5.432D-04  7.649D-01
 -5.984D-04  7.145D-01
 -5.937D-04  7.634D-01
 -6.652D-04  6.957D-01
 -6.471D-04  7.615D-01
 -7.421D-04  6.714D-01
 -7.037D-04  7.594D-01
 -8.327D-04  6.402D-01
 -7.637D-04  7.570D-01
 -9.428D-04  6.001D-01
 -8.270D-04  7.544D-01
 -1.082D-03  5.482D-01
 -8.939D-04  7.518D-01
 -1.269D-03  4.804D-01
 -9.643D-04  7.493D-01
 -1.543D-03  3.895D-01
 -1.038D-03  7.472D-01
 -2.009D-03  2.625D-01
 -1.114D-03  7.461D-01
 -3.113D-03  6.684D-02
 -1.191D-03  7.473D-01
 -3.317D-05  7.612D-01
 -5.056D-05  7.613D-01
 -6.621D-05  7.615D-01
 -8.123D-05  7.618D-01
 -9.598D-05  7.619D-01
 -1.106D-04  7.623D-01
 -1.253D-04  7.624D-01
 -1.400D-04  7.629D-01
 -1.550D-04  7.628D-01
 -1.699D-04  7.636D-01
 -1.853D-04  7.630D-01
 -2.006D-04  7.643D-01
 -2.167D-04  7.630D-01
 -2.323D-04  7.649D-01
 -2.493D-04  7.625D-01
 -2.652D-04  7.655D-01
 -2.834D-04  7.614D-01
 -2.996D-04  7.659D-01
 -3.195D-04  7.595D-01
 -3.355D-04  7.662D-01
 -3.577D-04  7.565D-01
 -3.732D-04  7.662D-01
 -3.985D-04  7.520D-01
 -4.129D-04  7.659D-01
 -4.424D-04  7.458D-01
 -4.547D-04  7.654D-01
 -4.901D-04  7.375D-01
 -4.988D-04  7.645D-01
 -5.425D-04  7.263D-01
 -5.455D-04  7.633D-01
 -6.006D-04  7.118D-01
 -5.948D-04  7.618D-01
 -6.661D-04  6.929D-01
 -6.470D-04  7.600D-01
 -7.414D-04  6.688D-01
 -7.021D-04  7.578D-01
 -8.298D-04  6.378D-01
 -7.605D-04  7.554D-01
 -9.369D-04  5.980D-01
 -8.221D-04  7.528D-01
 -1.072D-03  5.465D-01
 -8.870D-04  7.502D-01
 -1.253D-03  4.792D-01
 -9.552D-04  7.477D-01
 -1.517D-03  3.888D-01
 -1.026D-03  7.456D-01
 -1.965D-03  2.619D-01
 -1.100D-03  7.445D-01
 -3.023D-03  6.464D-02
 -1.175D-03  7.454D-01
 -3.213D-05  7.595D-01
 -4.898D-05  7.597D-01
 -6.414D-05  7.599D-01
 -7.868D-05  7.601D-01
 -9.295D-05  7.603D-01
 -1.071D-04  7.605D-01
 -1.213D-04  7.609D-01
 -1.356D-04  7.609D-01
 -1.499D-04  7.616D-01
 -1.645D-04  7.613D-01
 -1.791D-04  7.622D-01
 -1.942D-04  7.615D-01
 -2.092D-04  7.629D-01
 -2.250D-04  7.613D-01
 -2.403D-04  7.635D-01
 -2.571D-04  7.607D-01
 -2.726D-04  7.640D-01
 -2.907D-04  7.595D-01
 -3.063D-04  7.644D-01
 -3.261D-04  7.574D-01
 -3.416D-04  7.646D-01
 -3.637D-04  7.542D-01
 -3.786D-04  7.645D-01
 -4.039D-04  7.496D-01
 -4.176D-04  7.642D-01
 -4.471D-04  7.432D-01
 -4.586D-04  7.636D-01
 -4.940D-04  7.347D-01
 -5.018D-04  7.627D-01
 -5.455D-04  7.234D-01
 -5.474D-04  7.615D-01
 -6.025D-04  7.088D-01
 -5.957D-04  7.599D-01
 -6.667D-04  6.900D-01
 -6.466D-04  7.580D-01
 -7.403D-04  6.659D-01
 -7.004D-04  7.559D-01
 -8.265D-04  6.352D-01
 -7.572D-04  7.534D-01
 -9.308D-04  5.957D-01
 -8.171D-04  7.509D-01
 -1.062D-03  5.447D-01
 -8.801D-04  7.482D-01
 -1.237D-03  4.779D-01
 -9.463D-04  7.457D-01
 -1.492D-03  3.881D-01
 -1.015D-03  7.436D-01
 -1.922D-03  2.613D-01
 -1.087D-03  7.423D-01
 -2.937D-03  6.278D-02
 -1.159D-03  7.431D-01
 -3.115D-05  7.578D-01
 -4.747D-05  7.580D-01
 -6.216D-05  7.581D-01
 -7.624D-05  7.584D-01
 -9.007D-05  7.585D-01
 -1.038D-04  7.589D-01
 -1.175D-04  7.590D-01
 -1.313D-04  7.594D-01
 -1.452D-04  7.594D-01
 -1.592D-04  7.601D-01
 -1.735D-04  7.597D-01
 -1.878D-04  7.607D-01
 -2.027D-04  7.598D-01
 -2.173D-04  7.614D-01
 -2.329D-04  7.595D-01
 -2.478D-04  7.619D-01
 -2.644D-04  7.588D-01
 -2.795D-04  7.624D-01
 -2.975D-04  7.574D-01
 -3.127D-04  7.627D-01
 -3.323D-04  7.551D-01
 -3.473D-04  7.628D-01
 -3.694D-04  7.517D-01
 -3.837D-04  7.627D-01
 -4.089D-04  7.469D-01
 -4.219D-04  7.623D-01
 -4.515D-04  7.404D-01
 -4.621D-04  7.616D-01
 -4.976D-04  7.317D-01
 -5.045D-04  7.606D-01
 -5.481D-04  7.204D-01
 -5.491D-04  7.593D-01
 -6.041D-04  7.057D-01
 -5.963D-04  7.577D-01
 -6.670D-04  6.869D-01
 -6.460D-04  7.558D-01
 -7.389D-04  6.630D-01
 -6.985D-04  7.536D-01
 -8.231D-04  6.324D-01
 -7.538D-04  7.511D-01
 -9.245D-04  5.933D-01
 -8.121D-04  7.485D-01
 -1.052D-03  5.428D-01
 -8.733D-04  7.458D-01
 -1.221D-03  4.766D-01
 -9.375D-04  7.433D-01
 -1.467D-03  3.873D-01
 -1.004D-03  7.411D-01
 -1.881D-03  2.609D-01
 -1.074D-03  7.397D-01
 -2.854D-03  6.121D-02
 -1.144D-03  7.402D-01
 -3.021D-05  7.561D-01
 -4.603D-05  7.562D-01
 -6.028D-05  7.564D-01
 -7.393D-05  7.565D-01
 -8.731D-05  7.568D-01
 -1.006D-04  7.569D-01
 -1.139D-04  7.573D-01
 -1.273D-04  7.574D-01
 -1.407D-04  7.579D-01
 -1.543D-04  7.577D-01
 -1.680D-04  7.585D-01
 -1.820D-04  7.580D-01
 -1.960D-04  7.591D-01
 -2.106D-04  7.580D-01
 -2.249D-04  7.597D-01
 -2.403D-04  7.576D-01
 -2.549D-04  7.602D-01
 -2.713D-04  7.567D-01
 -2.861D-04  7.606D-01
 -3.039D-04  7.551D-01
 -3.186D-04  7.608D-01
 -3.382D-04  7.526D-01
 -3.527D-04  7.608D-01
 -3.747D-04  7.491D-01
 -3.884D-04  7.606D-01
 -4.136D-04  7.441D-01
 -4.259D-04  7.601D-01
 -4.555D-04  7.374D-01
 -4.653D-04  7.594D-01
 -5.008D-04  7.286D-01
 -5.069D-04  7.583D-01
 -5.505D-04  7.171D-01
 -5.506D-04  7.569D-01
 -6.054D-04  7.024D-01
 -5.967D-04  7.552D-01
 -6.670D-04  6.836D-01
 -6.453D-04  7.532D-01
 -7.373D-04  6.598D-01
 -6.965D-04  7.509D-01
 -8.194D-04  6.295D-01
 -7.504D-04  7.484D-01
 -9.181D-04  5.907D-01
 -8.071D-04  7.457D-01
 -1.042D-03  5.407D-01
 -8.666D-04  7.430D-01
 -1.205D-03  4.751D-01
 -9.289D-04  7.404D-01
 -1.442D-03  3.865D-01
 -9.938D-04  7.381D-01
 -1.841D-03  2.605D-01
 -1.061D-03  7.366D-01
 -2.774D-03  5.990D-02
 -1.129D-03  7.369D-01
 -2.931D-05  7.542D-01
 -4.466D-05  7.544D-01
 -5.848D-05  7.545D-01
 -7.171D-05  7.547D-01
 -8.470D-05  7.549D-01
 -9.758D-05  7.552D-01
 -1.105D-04  7.553D-01
 -1.234D-04  7.557D-01
 -1.364D-04  7.557D-01
 -1.495D-04  7.563D-01
 -1.629D-04  7.560D-01
 -1.762D-04  7.568D-01
 -1.900D-04  7.561D-01
 -2.037D-04  7.574D-01
 -2.181D-04  7.560D-01
 -2.321D-04  7.579D-01
 -2.473D-04  7.554D-01
 -2.615D-04  7.583D-01
 -2.779D-04  7.544D-01
 -2.922D-04  7.586D-01
 -3.099D-04  7.526D-01
 -3.242D-04  7.587D-01
 -3.437D-04  7.500D-01
 -3.577D-04  7.586D-01
 -3.796D-04  7.462D-01
 -3.928D-04  7.583D-01
 -4.180D-04  7.410D-01
 -4.296D-04  7.577D-01
 -4.591D-04  7.342D-01
 -4.683D-04  7.568D-01
 -5.037D-04  7.252D-01
 -5.090D-04  7.556D-01
 -5.525D-04  7.136D-01
 -5.518D-04  7.541D-01
 -6.063D-04  6.989D-01
 -5.969D-04  7.523D-01
 -6.667D-04  6.802D-01
 -6.443D-04  7.503D-01
 -7.354D-04  6.564D-01
 -6.943D-04  7.479D-01
 -8.155D-04  6.263D-01
 -7.468D-04  7.453D-01
 -9.115D-04  5.880D-01
 -8.020D-04  7.426D-01
 -1.031D-03  5.385D-01
 -8.599D-04  7.398D-01
 -1.190D-03  4.735D-01
 -9.204D-04  7.371D-01
 -1.418D-03  3.857D-01
 -9.833D-04  7.347D-01
 -1.801D-03  2.602D-01
 -1.048D-03  7.331D-01
 -2.696D-03  5.882D-02
 -1.114D-03  7.331D-01
 -2.845D-05  7.524D-01
 -4.335D-05  7.525D-01
 -5.676D-05  7.527D-01
 -6.960D-05  7.528D-01
 -8.219D-05  7.530D-01
 -9.469D-05  7.532D-01
 -1.072D-04  7.535D-01
 -1.197D-04  7.535D-01
 -1.323D-04  7.540D-01
 -1.450D-04  7.539D-01
 -1.578D-04  7.545D-01
 -1.709D-04  7.541D-01
 -1.840D-04  7.550D-01
 -1.976D-04  7.541D-01
 -2.110D-04  7.555D-01
 -2.252D-04  7.538D-01
 -2.389D-04  7.559D-01
 -2.540D-04  7.531D-01
 -2.678D-04  7.563D-01
 -2.840D-04  7.519D-01
 -2.980D-04  7.564D-01
 -3.156D-04  7.499D-01
 -3.295D-04  7.564D-01
 -3.489D-04  7.471D-01
 -3.624D-04  7.562D-01
 -3.843D-04  7.431D-01
 -3.968D-04  7.557D-01
 -4.220D-04  7.378D-01
 -4.330D-04  7.550D-01
 -4.625D-04  7.307D-01
 -4.709D-04  7.540D-01
 -5.064D-04  7.216D-01
 -5.108D-04  7.527D-01
 -5.542D-04  7.100D-01
 -5.528D-04  7.511D-01
 -6.070D-04  6.952D-01
 -5.969D-04  7.492D-01
 -6.661D-04  6.765D-01
 -6.432D-04  7.470D-01
 -7.333D-04  6.529D-01
 -6.920D-04  7.445D-01
 -8.114D-04  6.230D-01
 -7.432D-04  7.419D-01
 -9.048D-04  5.850D-01
 -7.969D-04  7.391D-01
 -1.021D-03  5.361D-01
 -8.532D-04  7.362D-01
 -1.174D-03  4.718D-01
 -9.120D-04  7.334D-01
 -1.395D-03  3.847D-01
 -9.731D-04  7.309D-01
 -1.763D-03  2.598D-01
 -1.036D-03  7.291D-01
 -2.622D-03  5.794D-02
 -1.100D-03  7.289D-01
 -2.763D-05  7.505D-01
 -4.210D-05  7.506D-01
 -5.512D-05  7.507D-01
 -6.758D-05  7.509D-01
 -7.980D-05  7.510D-01
 -9.192D-05  7.513D-01
 -1.040D-04  7.514D-01
 -1.162D-04  7.517D-01
 -1.284D-04  7.517D-01
 -1.407D-04  7.521D-01
 -1.532D-04  7.519D-01
 -1.657D-04  7.526D-01
 -1.786D-04  7.520D-01
 -1.914D-04  7.531D-01
 -2.048D-04  7.519D-01
 -2.179D-04  7.535D-01
 -2.320D-04  7.515D-01
 -2.453D-04  7.538D-01
 -2.603D-04  7.506D-01
 -2.738D-04  7.540D-01
 -2.899D-04  7.492D-01
 -3.035D-04  7.540D-01
 -3.209D-04  7.470D-01
 -3.344D-04  7.539D-01
 -3.538D-04  7.440D-01
 -3.667D-04  7.535D-01
 -3.886D-04  7.398D-01
 -4.006D-04  7.529D-01
 -4.257D-04  7.343D-01
 -4.361D-04  7.520D-01
 -4.656D-04  7.271D-01
 -4.733D-04  7.509D-01
 -5.087D-04  7.178D-01
 -5.124D-04  7.495D-01
 -5.557D-04  7.061D-01
 -5.535D-04  7.477D-01
 -6.074D-04  6.912D-01
 -5.967D-04  7.457D-01
 -6.653D-04  6.726D-01
 -6.420D-04  7.434D-01
 -7.309D-04  6.491D-01
 -6.896D-04  7.409D-01
 -8.071D-04  6.195D-01
 -7.395D-04  7.381D-01
 -8.980D-04  5.819D-01
 -7.918D-04  7.352D-01
 -1.011D-03  5.335D-01
 -8.466D-04  7.322D-01
 -1.159D-03  4.700D-01
 -9.037D-04  7.293D-01
 -1.372D-03  3.836D-01
 -9.631D-04  7.267D-01
 -1.726D-03  2.594D-01
 -1.024D-03  7.247D-01
 -2.550D-03  5.721D-02
 -1.086D-03  7.243D-01
 -2.685D-05  7.486D-01
 -4.090D-05  7.486D-01
 -5.354D-05  7.488D-01
 -6.565D-05  7.489D-01
 -7.751D-05  7.491D-01
 -8.928D-05  7.492D-01
 -1.010D-04  7.494D-01
 -1.128D-04  7.494D-01
 -1.246D-04  7.498D-01
 -1.366D-04  7.497D-01
 -1.486D-04  7.502D-01
 -1.609D-04  7.499D-01
 -1.732D-04  7.506D-01
 -1.858D-04  7.498D-01
 -1.984D-04  7.510D-01
 -2.116D-04  7.496D-01
 -2.244D-04  7.513D-01
 -2.383D-04  7.490D-01
 -2.514D-04  7.515D-01
 -2.662D-04  7.479D-01
 -2.794D-04  7.515D-01
 -2.954D-04  7.463D-01
 -3.086D-04  7.514D-01
 -3.260D-04  7.439D-01
 -3.390D-04  7.511D-01
 -3.583D-04  7.407D-01
 -3.708D-04  7.506D-01
 -3.926D-04  7.363D-01
 -4.041D-04  7.499D-01
 -4.292D-04  7.306D-01
 -4.389D-04  7.488D-01
 -4.684D-04  7.232D-01
 -4.755D-04  7.475D-01
 -5.107D-04  7.138D-01
 -5.138D-04  7.460D-01
 -5.568D-04  7.020D-01
 -5.540D-04  7.441D-01
 -6.076D-04  6.871D-01
 -5.963D-04  7.419D-01
 -6.642D-04  6.685D-01
 -6.406D-04  7.395D-01
 -7.284D-04  6.452D-01
 -6.870D-04  7.368D-01
 -8.026D-04  6.158D-01
 -7.357D-04  7.339D-01
 -8.911D-04  5.786D-01
 -7.867D-04  7.309D-01
 -1.001D-03  5.308D-01
 -8.400D-04  7.278D-01
 -1.144D-03  4.679D-01
 -8.955D-04  7.248D-01
 -1.349D-03  3.825D-01
 -9.532D-04  7.220D-01
 -1.690D-03  2.590D-01
 -1.013D-03  7.199D-01
 -2.481D-03  5.662D-02
 -1.073D-03  7.192D-01
 -2.609D-05  7.466D-01
 -3.975D-05  7.466D-01
 -5.204D-05  7.467D-01
 -6.380D-05  7.469D-01
 -7.532D-05  7.470D-01
 -8.674D-05  7.471D-01
 -9.815D-05  7.472D-01
 -1.096D-04  7.475D-01
 -1.211D-04  7.474D-01
 -1.326D-04  7.478D-01
 -1.444D-04  7.476D-01
 -1.561D-04  7.481D-01
 -1.682D-04  7.476D-01
 -1.802D-04  7.484D-01
 -1.927D-04  7.475D-01
 -2.050D-04  7.487D-01
 -2.181D-04  7.471D-01
 -2.306D-04  7.489D-01
 -2.444D-04  7.463D-01
 -2.571D-04  7.489D-01
 -2.718D-04  7.451D-01
 -2.847D-04  7.488D-01
 -3.005D-04  7.432D-01
 -3.134D-04  7.486D-01
 -3.307D-04  7.406D-01
 -3.433D-04  7.481D-01
 -3.626D-04  7.372D-01
 -3.746D-04  7.475D-01
 -3.963D-04  7.326D-01
 -4.073D-04  7.465D-01
 -4.323D-04  7.267D-01
 -4.415D-04  7.454D-01
 -4.709D-04  7.191D-01
 -4.774D-04  7.439D-01
 -5.125D-04  7.096D-01
 -5.150D-04  7.422D-01
 -5.578D-04  6.977D-01
 -5.544D-04  7.401D-01
 -6.075D-04  6.828D-01
 -5.957D-04  7.378D-01
 -6.629D-04  6.642D-01
 -6.390D-04  7.353D-01
 -7.256D-04  6.410D-01
 -6.843D-04  7.325D-01
 -7.980D-04  6.120D-01
 -7.318D-04  7.295D-01
 -8.841D-04  5.751D-01
 -7.815D-04  7.263D-01
 -9.904D-04  5.279D-01
 -8.334D-04  7.231D-01
 -1.129D-03  4.657D-01
 -8.874D-04  7.199D-01
 -1.327D-03  3.811D-01
 -9.435D-04  7.170D-01
 -1.655D-03  2.585D-01
 -1.001D-03  7.147D-01
 -2.414D-03  5.614D-02
 -1.060D-03  7.137D-01
 -2.537D-05  7.445D-01
 -3.865D-05  7.446D-01
 -5.060D-05  7.447D-01
 -6.203D-05  7.448D-01
 -7.322D-05  7.449D-01
 -8.432D-05  7.449D-01
 -9.539D-05  7.451D-01
 -1.065D-04  7.451D-01
 -1.176D-04  7.454D-01
 -1.289D-04  7.453D-01
 -1.402D-04  7.457D-01
 -1.517D-04  7.454D-01
 -1.632D-04  7.459D-01
 -1.751D-04  7.453D-01
 -1.869D-04  7.461D-01
 -1.992D-04  7.450D-01
 -2.113D-04  7.463D-01
 -2.242D-04  7.444D-01
 -2.365D-04  7.463D-01
 -2.501D-04  7.434D-01
 -2.626D-04  7.462D-01
 -2.771D-04  7.420D-01
 -2.897D-04  7.460D-01
 -3.054D-04  7.399D-01
 -3.180D-04  7.455D-01
 -3.352D-04  7.371D-01
 -3.474D-04  7.449D-01
 -3.665D-04  7.334D-01
 -3.781D-04  7.441D-01
 -3.998D-04  7.286D-01
 -4.103D-04  7.430D-01
 -4.352D-04  7.225D-01
 -4.439D-04  7.416D-01
 -4.731D-04  7.148D-01
 -4.791D-04  7.400D-01
 -5.140D-04  7.051D-01
 -5.159D-04  7.381D-01
 -5.585D-04  6.931D-01
 -5.545D-04  7.359D-01
 -6.072D-04  6.782D-01
 -5.949D-04  7.334D-01
 -6.615D-04  6.597D-01
 -6.373D-04  7.307D-01
 -7.227D-04  6.367D-01
 -6.816D-04  7.278D-01
 -7.933D-04  6.079D-01
 -7.279D-04  7.246D-01
 -8.770D-04  5.714D-01
 -7.763D-04  7.214D-01
 -9.802D-04  5.247D-01
 -8.268D-04  7.180D-01
 -1.115D-03  4.633D-01
 -8.794D-04  7.147D-01
 -1.306D-03  3.796D-01
 -9.339D-04  7.116D-01
 -1.621D-03  2.579D-01
 -9.900D-04  7.091D-01
 -2.350D-03  5.574D-02
 -1.047D-03  7.079D-01
 -2.468D-05  7.424D-01
 -3.760D-05  7.425D-01
 -4.921D-05  7.426D-01
 -6.033D-05  7.426D-01
 -7.121D-05  7.427D-01
 -8.200D-05  7.428D-01
 -9.276D-05  7.428D-01
 -1.035D-04  7.430D-01
 -1.144D-04  7.430D-01
 -1.253D-04  7.432D-01
 -1.363D-04  7.430D-01
 -1.474D-04  7.434D-01
 -1.587D-04  7.430D-01
 -1.700D-04  7.435D-01
 -1.817D-04  7.427D-01
 -1.932D-04  7.436D-01
 -2.054D-04  7.423D-01
 -2.172D-04  7.436D-01
 -2.300D-04  7.415D-01
 -2.420D-04  7.435D-01
 -2.555D-04  7.403D-01
 -2.677D-04  7.433D-01
 -2.822D-04  7.387D-01
 -2.944D-04  7.429D-01
 -3.100D-04  7.364D-01
 -3.222D-04  7.423D-01
 -3.394D-04  7.334D-01
 -3.512D-04  7.415D-01
 -3.703D-04  7.295D-01
 -3.814D-04  7.404D-01
 -4.030D-04  7.245D-01
 -4.130D-04  7.391D-01
 -4.378D-04  7.182D-01
 -4.460D-04  7.376D-01
 -4.751D-04  7.103D-01
 -4.805D-04  7.358D-01
 -5.153D-04  7.005D-01
 -5.166D-04  7.337D-01
 -5.589D-04  6.884D-01
 -5.544D-04  7.314D-01
 -6.067D-04  6.734D-01
 -5.940D-04  7.287D-01
 -6.598D-04  6.550D-01
 -6.354D-04  7.259D-01
 -7.196D-04  6.321D-01
 -6.787D-04  7.228D-01
 -7.884D-04  6.036D-01
 -7.239D-04  7.195D-01
 -8.699D-04  5.675D-01
 -7.711D-04  7.161D-01
 -9.700D-04  5.214D-01
 -8.203D-04  7.126D-01
 -1.100D-03  4.608D-01
 -8.714D-04  7.091D-01
 -1.285D-03  3.780D-01
 -9.244D-04  7.059D-01
 -1.588D-03  2.573D-01
 -9.789D-04  7.032D-01
 -2.287D-03  5.539D-02
 -1.034D-03  7.017D-01
 -2.402D-05  7.403D-01
 -3.659D-05  7.404D-01
 -4.789D-05  7.404D-01
 -5.870D-05  7.404D-01
 -6.928D-05  7.405D-01
 -7.977D-05  7.405D-01
 -9.023D-05  7.407D-01
 -1.007D-04  7.406D-01
 -1.112D-04  7.408D-01
 -1.218D-04  7.407D-01
 -1.325D-04  7.409D-01
 -1.433D-04  7.406D-01
 -1.542D-04  7.410D-01
 -1.653D-04  7.404D-01
 -1.764D-04  7.410D-01
 -1.879D-04  7.400D-01
 -1.993D-04  7.410D-01
 -2.113D-04  7.394D-01
 -2.229D-04  7.408D-01
 -2.355D-04  7.384D-01
 -2.473D-04  7.406D-01
 -2.607D-04  7.370D-01
 -2.726D-04  7.401D-01
 -2.869D-04  7.352D-01
 -2.989D-04  7.395D-01
 -3.144D-04  7.327D-01
 -3.262D-04  7.388D-01
 -3.433D-04  7.294D-01
 -3.547D-04  7.378D-01
 -3.737D-04  7.253D-01
 -3.844D-04  7.365D-01
 -4.059D-04  7.201D-01
 -4.155D-04  7.351D-01
 -4.402D-04  7.136D-01
 -4.479D-04  7.333D-01
 -4.769D-04  7.055D-01
 -4.818D-04  7.313D-01
 -5.163D-04  6.956D-01
 -5.172D-04  7.291D-01
 -5.591D-04  6.834D-01
 -5.542D-04  7.265D-01
 -6.060D-04  6.685D-01
 -5.929D-04  7.238D-01
 -6.579D-04  6.501D-01
 -6.334D-04  7.207D-01
 -7.163D-04  6.273D-01
 -6.757D-04  7.175D-01
 -7.834D-04  5.990D-01
 -7.198D-04  7.140D-01
 -8.627D-04  5.634D-01
 -7.658D-04  7.105D-01
 -9.598D-04  5.179D-01
 -8.137D-04  7.068D-01
 -1.086D-03  4.580D-01
 -8.635D-04  7.032D-01
 -1.264D-03  3.762D-01
 -9.150D-04  6.998D-01
 -1.556D-03  2.565D-01
 -9.680D-04  6.969D-01
 -2.228D-03  5.507D-02
 -1.022D-03  6.952D-01
 -2.338D-05  7.381D-01
 -3.562D-05  7.382D-01
 -4.661D-05  7.382D-01
 -5.713D-05  7.382D-01
 -6.743D-05  7.383D-01
 -7.763D-05  7.383D-01
 -8.781D-05  7.383D-01
 -9.799D-05  7.384D-01
 -1.082D-04  7.383D-01
 -1.185D-04  7.384D-01
 -1.289D-04  7.382D-01
 -1.393D-04  7.385D-01
 -1.500D-04  7.380D-01
 -1.606D-04  7.384D-01
 -1.716D-04  7.377D-01
 -1.825D-04  7.383D-01
 -1.939D-04  7.371D-01
 -2.050D-04  7.381D-01
 -2.169D-04  7.363D-01
 -2.282D-04  7.378D-01
 -2.407D-04  7.351D-01
 -2.522D-04  7.374D-01
 -2.655D-04  7.336D-01
 -2.772D-04  7.368D-01
 -2.914D-04  7.314D-01
 -3.030D-04  7.360D-01
 -3.185D-04  7.287D-01
 -3.300D-04  7.350D-01
 -3.469D-04  7.253D-01
 -3.580D-04  7.338D-01
 -3.769D-04  7.209D-01
 -3.872D-04  7.324D-01
 -4.086D-04  7.155D-01
 -4.177D-04  7.307D-01
 -4.424D-04  7.088D-01
 -4.495D-04  7.288D-01
 -4.784D-04  7.006D-01
 -4.828D-04  7.266D-01
 -5.172D-04  6.905D-01
 -5.175D-04  7.242D-01
 -5.591D-04  6.783D-01
 -5.538D-04  7.215D-01
 -6.050D-04  6.633D-01
 -5.917D-04  7.185D-01
 -6.558D-04  6.449D-01
 -6.313D-04  7.153D-01
 -7.129D-04  6.223D-01
 -6.726D-04  7.119D-01
 -7.783D-04  5.943D-01
 -7.156D-04  7.083D-01
 -8.554D-04  5.591D-01
 -7.605D-04  7.046D-01
 -9.497D-04  5.141D-01
 -8.072D-04  7.008D-01
 -1.072D-03  4.550D-01
 -8.556D-04  6.970D-01
 -1.243D-03  3.741D-01
 -9.057D-04  6.934D-01
 -1.525D-03  2.556D-01
 -9.573D-04  6.903D-01
 -2.170D-03  5.476D-02
 -1.010D-03  6.883D-01
 -2.277D-05  7.359D-01
 -3.468D-05  7.359D-01
 -4.539D-05  7.360D-01
 -5.563D-05  7.360D-01
 -6.565D-05  7.360D-01
 -7.558D-05  7.360D-01
 -8.547D-05  7.360D-01
 -9.539D-05  7.359D-01
 -1.053D-04  7.360D-01
 -1.153D-04  7.358D-01
 -1.254D-04  7.359D-01
 -1.356D-04  7.356D-01
 -1.459D-04  7.359D-01
 -1.563D-04  7.353D-01
 -1.668D-04  7.357D-01
 -1.776D-04  7.348D-01
 -1.883D-04  7.355D-01
 -1.995D-04  7.341D-01
 -2.104D-04  7.351D-01
 -2.222D-04  7.330D-01
 -2.333D-04  7.346D-01
 -2.457D-04  7.317D-01
 -2.569D-04  7.340D-01
 -2.701D-04  7.298D-01
 -2.815D-04  7.332D-01
 -2.956D-04  7.275D-01
 -3.070D-04  7.322D-01
 -3.223D-04  7.246D-01
 -3.335D-04  7.310D-01
 -3.503D-04  7.209D-01
 -3.610D-04  7.296D-01
 -3.799D-04  7.163D-01
 -3.898D-04  7.280D-01
 -4.111D-04  7.107D-01
 -4.197D-04  7.261D-01
 -4.443D-04  7.038D-01
 -4.510D-04  7.240D-01
 -4.797D-04  6.954D-01
 -4.836D-04  7.216D-01
 -5.178D-04  6.852D-01
 -5.177D-04  7.190D-01
 -5.589D-04  6.729D-01
 -5.532D-04  7.161D-01
 -6.039D-04  6.579D-01
 -5.903D-04  7.130D-01
 -6.536D-04  6.396D-01
 -6.290D-04  7.096D-01
 -7.093D-04  6.172D-01
 -6.693D-04  7.060D-01
 -7.731D-04  5.894D-01
 -7.114D-04  7.022D-01
 -8.481D-04  5.546D-01
 -7.552D-04  6.983D-01
 -9.396D-04  5.102D-01
 -8.006D-04  6.944D-01
 -1.058D-03  4.518D-01
 -8.478D-04  6.905D-01
 -1.224D-03  3.719D-01
 -8.966D-04  6.867D-01
 -1.495D-03  2.545D-01
 -9.467D-04  6.834D-01
 -2.114D-03  5.443D-02
 -9.976D-04  6.811D-01
 -2.218D-05  7.337D-01
 -3.378D-05  7.337D-01
 -4.421D-05  7.337D-01
 -5.418D-05  7.337D-01
 -6.394D-05  7.336D-01
 -7.361D-05  7.336D-01
 -8.324D-05  7.336D-01
 -9.287D-05  7.336D-01
 -1.026D-04  7.334D-01
 -1.123D-04  7.335D-01
 -1.221D-04  7.332D-01
 -1.320D-04  7.333D-01
 -1.420D-04  7.329D-01
 -1.520D-04  7.331D-01
 -1.624D-04  7.324D-01
 -1.726D-04  7.328D-01
 -1.833D-04  7.317D-01
 -1.938D-04  7.324D-01
 -2.049D-04  7.308D-01
 -2.156D-04  7.319D-01
 -2.272D-04  7.296D-01
 -2.381D-04  7.312D-01
 -2.503D-04  7.280D-01
 -2.614D-04  7.304D-01
 -2.744D-04  7.259D-01
 -2.856D-04  7.294D-01
 -2.996D-04  7.234D-01
 -3.106D-04  7.282D-01
 -3.259D-04  7.202D-01
 -3.367D-04  7.268D-01
 -3.535D-04  7.163D-01
 -3.639D-04  7.252D-01
 -3.826D-04  7.115D-01
 -3.921D-04  7.234D-01
 -4.133D-04  7.056D-01
 -4.216D-04  7.213D-01
 -4.460D-04  6.986D-01
 -4.523D-04  7.190D-01
 -4.808D-04  6.900D-01
 -4.843D-04  7.164D-01
 -5.182D-04  6.797D-01
 -5.177D-04  7.136D-01
 -5.585D-04  6.673D-01
 -5.525D-04  7.105D-01
 -6.026D-04  6.523D-01
 -5.888D-04  7.071D-01
 -6.512D-04  6.340D-01
 -6.266D-04  7.036D-01
 -7.056D-04  6.118D-01
 -6.660D-04  6.998D-01
 -7.678D-04  5.843D-01
 -7.071D-04  6.959D-01
 -8.407D-04  5.499D-01
 -7.498D-04  6.918D-01
 -9.295D-04  5.060D-01
 -7.941D-04  6.877D-01
 -1.044D-03  4.484D-01
 -8.400D-04  6.836D-01
 -1.204D-03  3.695D-01
 -8.875D-04  6.797D-01
 -1.465D-03  2.532D-01
 -9.362D-04  6.762D-01
 -2.061D-03  5.407D-02
 -9.857D-04  6.736D-01
 -2.161D-05  7.314D-01
 -3.292D-05  7.314D-01
 -4.308D-05  7.313D-01
 -5.279D-05  7.313D-01
 -6.230D-05  7.313D-01
 -7.171D-05  7.312D-01
 -8.108D-05  7.312D-01
 -9.047D-05  7.310D-01
 -9.988D-05  7.310D-01
 -1.094D-04  7.308D-01
 -1.189D-04  7.308D-01
 -1.285D-04  7.305D-01
 -1.382D-04  7.305D-01
 -1.481D-04  7.300D-01
 -1.579D-04  7.302D-01
 -1.681D-04  7.293D-01
 -1.782D-04  7.297D-01
 -1.887D-04  7.285D-01
 -1.990D-04  7.292D-01
 -2.100D-04  7.273D-01
 -2.205D-04  7.285D-01
 -2.320D-04  7.259D-01
 -2.426D-04  7.276D-01
 -2.548D-04  7.241D-01
 -2.656D-04  7.266D-01
 -2.785D-04  7.218D-01
 -2.894D-04  7.254D-01
 -3.033D-04  7.190D-01
 -3.141D-04  7.240D-01
 -3.293D-04  7.156D-01
 -3.398D-04  7.224D-01
 -3.565D-04  7.115D-01
 -3.665D-04  7.206D-01
 -3.851D-04  7.064D-01
 -3.942D-04  7.185D-01
 -4.154D-04  7.004D-01
 -4.232D-04  7.162D-01
 -4.475D-04  6.931D-01
 -4.533D-04  7.137D-01
 -4.817D-04  6.844D-01
 -4.847D-04  7.109D-01
 -5.183D-04  6.740D-01
 -5.175D-04  7.079D-01
 -5.579D-04  6.615D-01
 -5.516D-04  7.046D-01
 -6.011D-04  6.465D-01
 -5.871D-04  7.011D-01
 -6.486D-04  6.283D-01
 -6.241D-04  6.973D-01
 -7.018D-04  6.062D-01
 -6.626D-04  6.934D-01
 -7.623D-04  5.789D-01
 -7.027D-04  6.893D-01
 -8.333D-04  5.449D-01
 -7.443D-04  6.850D-01
 -9.195D-04  5.016D-01
 -7.875D-04  6.808D-01
 -1.030D-03  4.448D-01
 -8.323D-04  6.765D-01
 -1.185D-03  3.669D-01
 -8.784D-04  6.724D-01
 -1.437D-03  2.518D-01
 -9.259D-04  6.686D-01
 -2.009D-03  5.366D-02
 -9.740D-04  6.658D-01
 -2.107D-05  7.290D-01
 -3.209D-05  7.290D-01
 -4.199D-05  7.290D-01
 -5.145D-05  7.289D-01
 -6.072D-05  7.288D-01
 -6.988D-05  7.288D-01
 -7.902D-05  7.287D-01
 -8.815D-05  7.286D-01
 -9.732D-05  7.284D-01
 -1.065D-04  7.283D-01
 -1.158D-04  7.280D-01
 -1.251D-04  7.280D-01
 -1.346D-04  7.275D-01
 -1.441D-04  7.276D-01
 -1.538D-04  7.269D-01
 -1.635D-04  7.271D-01
 -1.736D-04  7.261D-01
 -1.835D-04  7.265D-01
 -1.939D-04  7.250D-01
 -2.040D-04  7.257D-01
 -2.148D-04  7.237D-01
 -2.251D-04  7.248D-01
 -2.365D-04  7.220D-01
 -2.470D-04  7.238D-01
 -2.590D-04  7.200D-01
 -2.696D-04  7.226D-01
 -2.824D-04  7.175D-01
 -2.930D-04  7.212D-01
 -3.068D-04  7.145D-01
 -3.173D-04  7.196D-01
 -3.324D-04  7.108D-01
 -3.426D-04  7.177D-01
 -3.592D-04  7.064D-01
 -3.689D-04  7.157D-01
 -3.874D-04  7.012D-01
 -3.962D-04  7.134D-01
 -4.172D-04  6.949D-01
 -4.246D-04  7.109D-01
 -4.487D-04  6.875D-01
 -4.542D-04  7.082D-01
 -4.823D-04  6.786D-01
 -4.850D-04  7.052D-01
 -5.183D-04  6.681D-01
 -5.171D-04  7.019D-01
 -5.572D-04  6.555D-01
 -5.505D-04  6.984D-01
 -5.994D-04  6.405D-01
 -5.853D-04  6.947D-01
 -6.459D-04  6.224D-01
 -6.215D-04  6.908D-01
 -6.978D-04  6.004D-01
 -6.591D-04  6.867D-01
 -7.568D-04  5.734D-01
 -6.982D-04  6.824D-01
 -8.259D-04  5.398D-01
 -7.388D-04  6.780D-01
 -9.096D-04  4.970D-01
 -7.810D-04  6.735D-01
 -1.017D-03  4.410D-01
 -8.245D-04  6.691D-01
 -1.166D-03  3.641D-01
 -8.695D-04  6.648D-01
 -1.409D-03  2.503D-01
 -9.156D-04  6.608D-01
 -1.959D-03  5.319D-02
 -9.625D-04  6.577D-01
 -2.054D-05  7.267D-01
 -3.129D-05  7.266D-01
 -4.094D-05  7.266D-01
 -5.017D-05  7.265D-01
 -5.919D-05  7.264D-01
 -6.813D-05  7.263D-01
 -7.702D-05  7.262D-01
 -8.592D-05  7.260D-01
 -9.484D-05  7.259D-01
 -1.038D-04  7.256D-01
 -1.128D-04  7.255D-01
 -1.220D-04  7.251D-01
 -1.311D-04  7.251D-01
 -1.404D-04  7.245D-01
 -1.498D-04  7.245D-01
 -1.593D-04  7.237D-01
 -1.689D-04  7.238D-01
 -1.788D-04  7.226D-01
 -1.885D-04  7.230D-01
 -1.988D-04  7.214D-01
 -2.087D-04  7.221D-01
 -2.194D-04  7.198D-01
 -2.295D-04  7.210D-01
 -2.408D-04  7.180D-01
 -2.510D-04  7.198D-01
 -2.630D-04  7.157D-01
 -2.733D-04  7.183D-01
 -2.861D-04  7.130D-01
 -2.964D-04  7.167D-01
 -3.101D-04  7.097D-01
 -3.203D-04  7.149D-01
 -3.353D-04  7.058D-01
 -3.452D-04  7.129D-01
 -3.617D-04  7.012D-01
 -3.710D-04  7.106D-01
 -3.895D-04  6.957D-01
 -3.979D-04  7.081D-01
 -4.188D-04  6.893D-01
 -4.258D-04  7.054D-01
 -4.498D-04  6.816D-01
 -4.549D-04  7.024D-01
 -4.828D-04  6.726D-01
 -4.851D-04  6.992D-01
 -5.181D-04  6.620D-01
 -5.166D-04  6.957D-01
 -5.562D-04  6.493D-01
 -5.493D-04  6.921D-01
 -5.976D-04  6.343D-01
 -5.833D-04  6.881D-01
 -6.430D-04  6.162D-01
 -6.187D-04  6.840D-01
 -6.937D-04  5.944D-01
 -6.555D-04  6.797D-01
 -7.513D-04  5.676D-01
 -6.937D-04  6.753D-01
 -8.184D-04  5.344D-01
 -7.333D-04  6.707D-01
 -8.997D-04  4.922D-01
 -7.744D-04  6.660D-01
 -1.003D-03  4.369D-01
 -8.168D-04  6.614D-01
 -1.148D-03  3.611D-01
 -8.606D-04  6.569D-01
 -1.382D-03  2.485D-01
 -9.055D-04  6.527D-01
 -1.911D-03  5.263D-02
 -9.511D-04  6.494D-01
