  0.000D+00 -1.000D+00
 -4.593D-03  7.892D-01
  0.000D+00 -1.000D+00
  0.000D+00 -1.000D+00
 -6.151D-03  7.856D-01
  0.000D+00 -1.000D+00
 -1.872D-03  7.925D-01
  0.000D+00 -1.000D+00
 -7.255D-03  7.797D-01
  0.000D+00 -1.000D+00
  0.000D+00 -1.000D+00
 -2.635D-03  7.882D-01
  0.000D+00 -1.000D+00
 -8.069D-03  7.718D-01
  0.000D+00 -1.000D+00
 -1.076D-03  7.946D-01
  0.000D+00 -1.000D+00
 -3.224D-03  7.817D-01
  0.000D+00 -1.000D+00
 -8.680D-03  7.619D-01
  0.000D+00 -1.000D+00
  0.000D+00 -1.000D+00
 -1.557D-03  7.901D-01
  0.000D+00 -1.000D+00
 -3.694D-03  7.732D-01
  0.000D+00 -1.000D+00
 -9.141D-03  7.503D-01
  0.000D+00 -1.000D+00
 -7.173D-04  7.961D-01
  0.000D+00 -1.000D+00
 -1.941D-03  7.835D-01
  0.000D+00 -1.000D+00
 -4.075D-03  7.632D-01
  0.000D+00 -1.000D+00
 -9.486D-03  7.370D-01
  0.000D+00 -1.000D+00
  0.000D+00 -1.000D+00
 -1.058D-03  7.917D-01
  0.000D+00 -1.000D+00
 -2.257D-03  7.752D-01
  0.000D+00 -1.000D+00
 -4.384D-03  7.517D-01
  0.000D+00 -1.000D+00
 -9.737D-03  7.223D-01
  0.000D+00 -1.000D+00
 -5.198D-04  7.971D-01
  0.000D+00 -1.000D+00
 -1.336D-03  7.853D-01
  0.000D+00 -1.000D+00
 -2.521D-03  7.655D-01
  0.000D+00 -1.000D+00
 -4.635D-03  7.391D-01
  0.000D+00 -1.000D+00
 -9.913D-03  7.063D-01
  0.000D+00 -1.000D+00
  0.000D+00 -1.000D+00
 -7.779D-04  7.930D-01
  0.000D+00 -1.000D+00
 -1.569D-03  7.775D-01
  0.000D+00 -1.000D+00
 -2.743D-03  7.547D-01
  0.000D+00 -1.000D+00
 -4.836D-03  7.254D-01
  0.000D+00 -1.000D+00
 -1.003D-02  6.892D-01
  0.000D+00 -1.000D+00
 -3.978D-04  7.978D-01
  0.000D+00 -1.000D+00
 -9.923D-04  7.871D-01
  0.000D+00 -1.000D+00
 -1.767D-03  7.686D-01
  0.000D+00 -1.000D+00
 -2.929D-03  7.430D-01
  0.000D+00 -1.000D+00
 -4.994D-03  7.110D-01
  0.000D+00 -1.000D+00
 -1.009D-02  6.711D-01
  0.000D+00 -1.000D+00
  0.000D+00 -1.000D+00
 -6.021D-04  7.940D-01
  0.000D+00 -1.000D+00
 -1.174D-03  7.800D-01
  0.000D+00 -1.000D+00
 -1.936D-03  7.588D-01
  0.000D+00 -1.000D+00
 -3.084D-03  7.307D-01
  0.000D+00 -1.000D+00
 -5.117D-03  6.960D-01
  0.000D+00 -1.000D+00
 -1.010D-02  6.524D-01
  0.000D+00 -1.000D+00
 -3.163D-04  7.982D-01
  0.000D+00 -1.000D+00
 -7.745D-04  7.888D-01
  0.000D+00 -1.000D+00
 -1.331D-03  7.720D-01
  0.000D+00 -1.000D+00
 -2.081D-03  7.484D-01
  0.000D+00 -1.000D+00
 -3.212D-03  7.181D-01
  0.000D+00 -1.000D+00
 -5.208D-03  6.806D-01
  0.000D+00 -1.000D+00
 -1.007D-02  6.330D-01
  0.000D+00 -1.000D+00
  0.000D+00 -1.000D+00
 -4.832D-04  7.948D-01
  0.000D+00 -1.000D+00
 -9.225D-04  7.825D-01
  0.000D+00 -1.000D+00
 -1.467D-03  7.634D-01
  0.000D+00 -1.000D+00
 -2.205D-03  7.377D-01
  0.000D+00 -1.000D+00
 -3.318D-03  7.051D-01
  0.000D+00 -1.000D+00
 -5.273D-03  6.649D-01
  0.000D+00 -1.000D+00
 -1.002D-02  6.133D-01
  0.000D+00 -1.000D+00
 -2.587D-04  7.983D-01
  0.000D+00 -1.000D+00
 -6.258D-04  7.902D-01
  0.000D+00 -1.000D+00
 -1.051D-03  7.755D-01
  0.000D+00 -1.000D+00
 -1.584D-03  7.544D-01
  0.000D+00 -1.000D+00
 -2.310D-03  7.268D-01
  0.000D+00 -1.000D+00
 -3.402D-03  6.922D-01
  0.000D+00 -1.000D+00
 -5.313D-03  6.492D-01
  0.000D+00 -1.000D+00
 -9.932D-03  5.934D-01
  0.000D+00 -1.000D+00
  0.000D+00 -1.000D+00
 -3.984D-04  7.953D-01
  0.000D+00 -1.000D+00
 -7.495D-04  7.847D-01
  0.000D+00 -1.000D+00
 -1.163D-03  7.681D-01
  0.000D+00 -1.000D+00
 -1.686D-03  7.453D-01
  0.000D+00 -1.000D+00
 -2.399D-03  7.160D-01
  0.000D+00 -1.000D+00
 -3.469D-03  6.793D-01
  0.000D+00 -1.000D+00
 -5.333D-03  6.335D-01
  0.000D+00 -1.000D+00
 -9.822D-03  5.734D-01
  0.000D+00 -1.000D+00
 -2.164D-04  7.982D-01
  0.000D+00 -1.000D+00
 -5.190D-04  7.913D-01
  0.000D+00 -1.000D+00
 -8.578D-04  7.788D-01
  0.000D+00 -1.000D+00
 -1.262D-03  7.605D-01
  0.000D+00 -1.000D+00
 -1.774D-03  7.362D-01
  0.000D+00 -1.000D+00
 -2.474D-03  7.053D-01
  0.000D+00 -1.000D+00
 -3.520D-03  6.667D-01
  0.000D+00 -1.000D+00
 -5.335D-03  6.181D-01
  0.000D+00 -1.000D+00
 -9.692D-03  5.535D-01
  0.000D+00 -1.000D+00
  0.000D+00 -1.000D+00
 -3.353D-04  7.955D-01
  0.000D+00 -1.000D+00
 -6.245D-04  7.867D-01
  0.000D+00 -1.000D+00
 -9.532D-04  7.726D-01
  0.000D+00 -1.000D+00
 -1.348D-03  7.530D-01
  0.000D+00 -1.000D+00
 -1.851D-03  7.274D-01
  0.000D+00 -1.000D+00
 -2.535D-03  6.950D-01
  0.000D+00 -1.000D+00
 -3.556D-03  6.545D-01
  0.000D+00 -1.000D+00
 -5.322D-03  6.031D-01
  0.000D+00 -1.000D+00
 -9.545D-03  5.339D-01
  0.000D+00 -1.000D+00
 -1.842D-04  7.978D-01
  0.000D+00 -1.000D+00
 -4.391D-04  7.921D-01
  0.000D+00 -1.000D+00
 -7.176D-04  7.817D-01
  0.000D+00 -1.000D+00
 -1.037D-03  7.663D-01
  0.000D+00 -1.000D+00
 -1.424D-03  7.455D-01
  0.000D+00 -1.000D+00
 -1.916D-03  7.188D-01
  0.000D+00 -1.000D+00
 -2.585D-03  6.851D-01
  0.000D+00 -1.000D+00
 -3.580D-03  6.427D-01
  0.000D+00 -1.000D+00
 -5.295D-03  5.885D-01
  0.000D+00 -1.000D+00
 -9.384D-03  5.145D-01
  0.000D+00 -1.000D+00
  0.000D+00 -1.000D+00
 -2.870D-04  7.955D-01
  0.000D+00 -1.000D+00
 -5.306D-04  7.882D-01
  0.000D+00 -1.000D+00
 -8.002D-04  7.765D-01
  0.000D+00 -1.000D+00
 -1.112D-03  7.601D-01
  0.000D+00 -1.000D+00
 -1.490D-03  7.384D-01
  0.000D+00 -1.000D+00
 -1.971D-03  7.107D-01
  0.000D+00 -1.000D+00
 -2.625D-03  6.757D-01
  0.000D+00 -1.000D+00
 -3.594D-03  6.315D-01
  0.000D+00 -1.000D+00
 -5.257D-03  5.745D-01
  0.000D+00 -1.000D+00
 -9.211D-03  4.957D-01
  0.000D+00 -1.000D+00
 -1.591D-04  7.972D-01
  0.000D+00 -1.000D+00
 -3.775D-04  7.926D-01
  0.000D+00 -1.000D+00
 -6.119D-04  7.840D-01
  0.000D+00 -1.000D+00
 -8.738D-04  7.714D-01
  0.000D+00 -1.000D+00
 -1.178D-03  7.541D-01
  0.000D+00 -1.000D+00
 -1.548D-03  7.316D-01
  0.000D+00 -1.000D+00
 -2.018D-03  7.030D-01
  0.000D+00 -1.000D+00
 -2.656D-03  6.669D-01
  0.000D+00 -1.000D+00
 -3.597D-03  6.210D-01
  0.000D+00 -1.000D+00
 -5.209D-03  5.611D-01
  0.000D+00 -1.000D+00
 -9.029D-03  4.774D-01
  0.000D+00 -1.000D+00
  0.000D+00 -1.000D+00
 -2.490D-04  7.952D-01
  0.000D+00 -1.000D+00
 -4.579D-04  7.893D-01
  0.000D+00 -1.000D+00
 -6.846D-04  7.798D-01
  0.000D+00 -1.000D+00
 -9.395D-04  7.664D-01
  0.000D+00 -1.000D+00
 -1.237D-03  7.485D-01
  0.000D+00 -1.000D+00
 -1.598D-03  7.253D-01
  0.000D+00 -1.000D+00
 -2.058D-03  6.960D-01
  0.000D+00 -1.000D+00
 -2.679D-03  6.587D-01
  0.000D+00 -1.000D+00
 -3.593D-03  6.111D-01
  0.000D+00 -1.000D+00
 -5.153D-03  5.485D-01
  0.000D+00 -1.000D+00
 -8.840D-03  4.598D-01
  0.000D+00 -1.000D+00
 -1.390D-04  7.964D-01
  0.000D+00 -1.000D+00
 -3.288D-04  7.927D-01
  0.000D+00 -1.000D+00
 -5.298D-04  7.858D-01
  0.000D+00 -1.000D+00
 -7.496D-04  7.756D-01
  0.000D+00 -1.000D+00
 -9.981D-04  7.616D-01
  0.000D+00 -1.000D+00
 -1.289D-03  7.432D-01
  0.000D+00 -1.000D+00
 -1.642D-03  7.195D-01
  0.000D+00 -1.000D+00
 -2.090D-03  6.895D-01
  0.000D+00 -1.000D+00
 -2.694D-03  6.512D-01
  0.000D+00 -1.000D+00
 -3.581D-03  6.019D-01
  0.000D+00 -1.000D+00
 -5.090D-03  5.366D-01
  0.000D+00 -1.000D+00
 -8.645D-03  4.430D-01
  0.000D+00 -1.000D+00
  0.000D+00 -1.000D+00
 -2.185D-04  7.945D-01
  0.000D+00 -1.000D+00
 -4.002D-04  7.899D-01
  0.000D+00 -1.000D+00
 -5.944D-04  7.824D-01
  0.000D+00 -1.000D+00
 -8.081D-04  7.717D-01
  0.000D+00 -1.000D+00
 -1.051D-03  7.572D-01
  0.000D+00 -1.000D+00
 -1.335D-03  7.384D-01
  0.000D+00 -1.000D+00
 -1.679D-03  7.143D-01
  0.000D+00 -1.000D+00
 -2.117D-03  6.836D-01
  0.000D+00 -1.000D+00
 -2.704D-03  6.444D-01
  0.000D+00 -1.000D+00
 -3.564D-03  5.935D-01
  0.000D+00 -1.000D+00
 -5.021D-03  5.255D-01
  0.000D+00 -1.000D+00
 -8.447D-03  4.269D-01
  0.000D+00 -1.000D+00
 -1.227D-04  7.953D-01
  0.000D+00 -1.000D+00
 -2.895D-04  7.924D-01
  0.000D+00 -1.000D+00
 -4.644D-04  7.871D-01
  0.000D+00 -1.000D+00
 -6.526D-04  7.790D-01
  0.000D+00 -1.000D+00
 -8.608D-04  7.679D-01
  0.000D+00 -1.000D+00
 -1.098D-03  7.532D-01
  0.000D+00 -1.000D+00
 -1.375D-03  7.341D-01
  0.000D+00 -1.000D+00
 -1.711D-03  7.096D-01
  0.000D+00 -1.000D+00
 -2.137D-03  6.783D-01
  0.000D+00 -1.000D+00
 -2.708D-03  6.382D-01
  0.000D+00 -1.000D+00
 -3.541D-03  5.859D-01
  0.000D+00 -1.000D+00
 -4.948D-03  5.152D-01
  0.000D+00 -1.000D+00
 -8.246D-03  4.116D-01
  0.000D+00 -1.000D+00
  0.000D+00 -1.000D+00
 -1.936D-04  7.937D-01
  0.000D+00 -1.000D+00
 -3.535D-04  7.901D-01
  0.000D+00 -1.000D+00
 -5.224D-04  7.843D-01
  0.000D+00 -1.000D+00
 -7.053D-04  7.759D-01
  0.000D+00 -1.000D+00
 -9.083D-04  7.645D-01
  0.000D+00 -1.000D+00
 -1.139D-03  7.495D-01
  0.000D+00 -1.000D+00
 -1.410D-03  7.302D-01
  0.000D+00 -1.000D+00
 -1.739D-03  7.054D-01
  0.000D+00 -1.000D+00
 -2.153D-03  6.737D-01
  0.000D+00 -1.000D+00
 -2.707D-03  6.327D-01
  0.000D+00 -1.000D+00
 -3.513D-03  5.790D-01
  0.000D+00 -1.000D+00
 -4.871D-03  5.058D-01
  0.000D+00 -1.000D+00
 -8.045D-03  3.973D-01
  0.000D+00 -1.000D+00
 -1.092D-04  7.940D-01
  0.000D+00 -1.000D+00
 -2.573D-04  7.918D-01
  0.000D+00 -1.000D+00
 -4.113D-04  7.878D-01
  0.000D+00 -1.000D+00
 -5.750D-04  7.816D-01
  0.000D+00 -1.000D+00
 -7.530D-04  7.729D-01
  0.000D+00 -1.000D+00
 -9.511D-04  7.614D-01
  0.000D+00 -1.000D+00
 -1.177D-03  7.463D-01
  0.000D+00 -1.000D+00
 -1.442D-03  7.268D-01
  0.000D+00 -1.000D+00
 -1.762D-03  7.018D-01
  0.000D+00 -1.000D+00
 -2.165D-03  6.696D-01
  0.000D+00 -1.000D+00
 -2.703D-03  6.279D-01
  0.000D+00 -1.000D+00
 -3.482D-03  5.729D-01
  0.000D+00 -1.000D+00
 -4.791D-03  4.972D-01
  0.000D+00 -1.000D+00
 -7.843D-03  3.838D-01
  0.000D+00 -1.000D+00
  0.000D+00 -1.000D+00
 -1.729D-04  7.925D-01
  0.000D+00 -1.000D+00
 -3.150D-04  7.899D-01
  0.000D+00 -1.000D+00
 -4.638D-04  7.855D-01
  0.000D+00 -1.000D+00
 -6.228D-04  7.791D-01
  0.000D+00 -1.000D+00
 -7.963D-04  7.703D-01
  0.000D+00 -1.000D+00
 -9.897D-04  7.587D-01
  0.000D+00 -1.000D+00
 -1.210D-03  7.435D-01
  0.000D+00 -1.000D+00
 -1.469D-03  7.239D-01
  0.000D+00 -1.000D+00
 -1.781D-03  6.987D-01
  0.000D+00 -1.000D+00
 -2.173D-03  6.661D-01
  0.000D+00 -1.000D+00
 -2.694D-03  6.238D-01
  0.000D+00 -1.000D+00
 -3.448D-03  5.674D-01
  0.000D+00 -1.000D+00
 -4.709D-03  4.895D-01
  0.000D+00 -1.000D+00
 -7.642D-03  3.713D-01
  0.000D+00 -1.000D+00
 -9.800D-05  7.925D-01
  0.000D+00 -1.000D+00
 -2.305D-04  7.909D-01
  0.000D+00 -1.000D+00
 -3.674D-04  7.879D-01
  0.000D+00 -1.000D+00
 -5.116D-04  7.833D-01
  0.000D+00 -1.000D+00
 -6.663D-04  7.767D-01
  0.000D+00 -1.000D+00
 -8.356D-04  7.679D-01
  0.000D+00 -1.000D+00
 -1.025D-03  7.563D-01
  0.000D+00 -1.000D+00
 -1.240D-03  7.411D-01
  0.000D+00 -1.000D+00
 -1.492D-03  7.214D-01
  0.000D+00 -1.000D+00
 -1.796D-03  6.960D-01
  0.000D+00 -1.000D+00
 -2.178D-03  6.632D-01
  0.000D+00 -1.000D+00
 -2.683D-03  6.202D-01
  0.000D+00 -1.000D+00
 -3.411D-03  5.627D-01
  0.000D+00 -1.000D+00
 -4.626D-03  4.825D-01
  0.000D+00 -1.000D+00
 -7.443D-03  3.596D-01
  0.000D+00 -1.000D+00
  0.000D+00 -1.000D+00
 -1.555D-04  7.912D-01
  0.000D+00 -1.000D+00
 -2.828D-04  7.892D-01
  0.000D+00 -1.000D+00
 -4.152D-04  7.860D-01
  0.000D+00 -1.000D+00
 -5.553D-04  7.812D-01
  0.000D+00 -1.000D+00
 -7.061D-04  7.747D-01
  0.000D+00 -1.000D+00
 -8.714D-04  7.658D-01
  0.000D+00 -1.000D+00
 -1.056D-03  7.542D-01
  0.000D+00 -1.000D+00
 -1.267D-03  7.390D-01
  0.000D+00 -1.000D+00
 -1.513D-03  7.193D-01
  0.000D+00 -1.000D+00
 -1.809D-03  6.939D-01
  0.000D+00 -1.000D+00
 -2.179D-03  6.607D-01
  0.000D+00 -1.000D+00
 -2.669D-03  6.172D-01
  0.000D+00 -1.000D+00
 -3.372D-03  5.587D-01
  0.000D+00 -1.000D+00
 -4.542D-03  4.764D-01
  0.000D+00 -1.000D+00
 -7.247D-03  3.489D-01
  0.000D+00 -1.000D+00
 -8.849D-05  7.908D-01
  0.000D+00 -1.000D+00
 -2.079D-04  7.897D-01
  0.000D+00 -1.000D+00
 -3.307D-04  7.875D-01
  0.000D+00 -1.000D+00
 -4.590D-04  7.842D-01
  0.000D+00 -1.000D+00
 -5.953D-04  7.794D-01
  0.000D+00 -1.000D+00
 -7.424D-04  7.728D-01
  0.000D+00 -1.000D+00
 -9.039D-04  7.640D-01
  0.000D+00 -1.000D+00
 -1.084D-03  7.524D-01
  0.000D+00 -1.000D+00
 -1.290D-03  7.373D-01
  0.000D+00 -1.000D+00
 -1.530D-03  7.176D-01
  0.000D+00 -1.000D+00
 -1.818D-03  6.921D-01
  0.000D+00 -1.000D+00
 -2.178D-03  6.587D-01
  0.000D+00 -1.000D+00
 -2.652D-03  6.147D-01
  0.000D+00 -1.000D+00
 -3.331D-03  5.552D-01
  0.000D+00 -1.000D+00
 -4.457D-03  4.710D-01
  0.000D+00 -1.000D+00
 -7.054D-03  3.392D-01
  0.000D+00 -1.000D+00
  0.000D+00 -1.000D+00
 -1.408D-04  7.895D-01
  0.000D+00 -1.000D+00
 -2.557D-04  7.882D-01
  0.000D+00 -1.000D+00
 -3.745D-04  7.859D-01
  0.000D+00 -1.000D+00
 -4.991D-04  7.825D-01
  0.000D+00 -1.000D+00
 -6.320D-04  7.777D-01
  0.000D+00 -1.000D+00
 -7.757D-04  7.712D-01
  0.000D+00 -1.000D+00
 -9.335D-04  7.625D-01
  0.000D+00 -1.000D+00
 -1.110D-03  7.510D-01
  0.000D+00 -1.000D+00
 -1.311D-03  7.359D-01
  0.000D+00 -1.000D+00
 -1.545D-03  7.162D-01
  0.000D+00 -1.000D+00
 -1.826D-03  6.906D-01
  0.000D+00 -1.000D+00
 -2.175D-03  6.571D-01
  0.000D+00 -1.000D+00
 -2.634D-03  6.127D-01
  0.000D+00 -1.000D+00
 -3.289D-03  5.524D-01
  0.000D+00 -1.000D+00
 -4.373D-03  4.663D-01
  0.000D+00 -1.000D+00
 -6.864D-03  3.303D-01
  0.000D+00 -1.000D+00
 -8.036D-05  7.889D-01
  0.000D+00 -1.000D+00
 -1.886D-04  7.882D-01
  0.000D+00 -1.000D+00
 -2.995D-04  7.867D-01
  0.000D+00 -1.000D+00
 -4.147D-04  7.844D-01
  0.000D+00 -1.000D+00
 -5.361D-04  7.810D-01
  0.000D+00 -1.000D+00
 -6.657D-04  7.763D-01
  0.000D+00 -1.000D+00
 -8.061D-04  7.698D-01
  0.000D+00 -1.000D+00
 -9.605D-04  7.612D-01
  0.000D+00 -1.000D+00
 -1.133D-03  7.498D-01
  0.000D+00 -1.000D+00
 -1.329D-03  7.347D-01
  0.000D+00 -1.000D+00
 -1.558D-03  7.151D-01
  0.000D+00 -1.000D+00
 -1.831D-03  6.895D-01
  0.000D+00 -1.000D+00
 -2.170D-03  6.559D-01
  0.000D+00 -1.000D+00
 -2.614D-03  6.112D-01
  0.000D+00 -1.000D+00
 -3.246D-03  5.500D-01
  0.000D+00 -1.000D+00
 -4.289D-03  4.623D-01
  0.000D+00 -1.000D+00
 -6.678D-03  3.223D-01
  0.000D+00 -1.000D+00
  0.000D+00 -1.000D+00
 -1.282D-04  7.877D-01
  0.000D+00 -1.000D+00
 -2.324D-04  7.868D-01
  0.000D+00 -1.000D+00
 -3.398D-04  7.853D-01
  0.000D+00 -1.000D+00
 -4.518D-04  7.830D-01
  0.000D+00 -1.000D+00
 -5.701D-04  7.796D-01
  0.000D+00 -1.000D+00
 -6.967D-04  7.750D-01
  0.000D+00 -1.000D+00
 -8.340D-04  7.686D-01
  0.000D+00 -1.000D+00
 -9.851D-04  7.601D-01
  0.000D+00 -1.000D+00
 -1.154D-03  7.487D-01
  0.000D+00 -1.000D+00
 -1.345D-03  7.338D-01
  0.000D+00 -1.000D+00
 -1.568D-03  7.143D-01
  0.000D+00 -1.000D+00
 -1.834D-03  6.887D-01
  0.000D+00 -1.000D+00
 -2.163D-03  6.550D-01
  0.000D+00 -1.000D+00
 -2.593D-03  6.100D-01
  0.000D+00 -1.000D+00
 -3.203D-03  5.482D-01
  0.000D+00 -1.000D+00
 -4.205D-03  4.590D-01
  0.000D+00 -1.000D+00
 -6.496D-03  3.151D-01
  0.000D+00 -1.000D+00
 -7.334D-05  7.869D-01
  0.000D+00 -1.000D+00
 -1.720D-04  7.864D-01
  0.000D+00 -1.000D+00
 -2.728D-04  7.855D-01
  0.000D+00 -1.000D+00
 -3.770D-04  7.839D-01
  0.000D+00 -1.000D+00
 -4.861D-04  7.817D-01
  0.000D+00 -1.000D+00
 -6.015D-04  7.784D-01
  0.000D+00 -1.000D+00
 -7.253D-04  7.738D-01
  0.000D+00 -1.000D+00
 -8.597D-04  7.676D-01
  0.000D+00 -1.000D+00
 -1.007D-03  7.591D-01
  0.000D+00 -1.000D+00
 -1.172D-03  7.479D-01
  0.000D+00 -1.000D+00
 -1.360D-03  7.331D-01
  0.000D+00 -1.000D+00
 -1.577D-03  7.136D-01
  0.000D+00 -1.000D+00
 -1.835D-03  6.880D-01
  0.000D+00 -1.000D+00
 -2.155D-03  6.543D-01
  0.000D+00 -1.000D+00
 -2.571D-03  6.091D-01
  0.000D+00 -1.000D+00
 -3.159D-03  5.467D-01
  0.000D+00 -1.000D+00
 -4.123D-03  4.562D-01
  0.000D+00 -1.000D+00
 -6.319D-03  3.087D-01
  0.000D+00 -1.000D+00
  0.000D+00 -1.000D+00
 -1.172D-04  7.856D-01
  0.000D+00 -1.000D+00
 -2.124D-04  7.851D-01
  0.000D+00 -1.000D+00
 -3.101D-04  7.842D-01
  0.000D+00 -1.000D+00
 -4.114D-04  7.827D-01
  0.000D+00 -1.000D+00
 -5.177D-04  7.805D-01
  0.000D+00 -1.000D+00
 -6.306D-04  7.773D-01
  0.000D+00 -1.000D+00
 -7.517D-04  7.728D-01
  0.000D+00 -1.000D+00
 -8.832D-04  7.667D-01
  0.000D+00 -1.000D+00
 -1.028D-03  7.583D-01
  0.000D+00 -1.000D+00
 -1.189D-03  7.472D-01
  0.000D+00 -1.000D+00
 -1.372D-03  7.325D-01
  0.000D+00 -1.000D+00
 -1.584D-03  7.131D-01
  0.000D+00 -1.000D+00
 -1.835D-03  6.876D-01
  0.000D+00 -1.000D+00
 -2.145D-03  6.538D-01
  0.000D+00 -1.000D+00
 -2.548D-03  6.085D-01
  0.000D+00 -1.000D+00
 -3.115D-03  5.457D-01
  0.000D+00 -1.000D+00
 -4.041D-03  4.539D-01
  0.000D+00 -1.000D+00
 -6.147D-03  3.031D-01
  0.000D+00 -1.000D+00
 -6.725D-05  7.846D-01
  0.000D+00 -1.000D+00
 -1.576D-04  7.843D-01
  0.000D+00 -1.000D+00
 -2.497D-04  7.838D-01
  0.000D+00 -1.000D+00
 -3.446D-04  7.829D-01
  0.000D+00 -1.000D+00
 -4.433D-04  7.815D-01
  0.000D+00 -1.000D+00
 -5.471D-04  7.794D-01
  0.000D+00 -1.000D+00
 -6.574D-04  7.763D-01
  0.000D+00 -1.000D+00
 -7.760D-04  7.719D-01
  0.000D+00 -1.000D+00
 -9.047D-04  7.659D-01
  0.000D+00 -1.000D+00
 -1.046D-03  7.576D-01
  0.000D+00 -1.000D+00
 -1.204D-03  7.466D-01
  0.000D+00 -1.000D+00
 -1.383D-03  7.319D-01
  0.000D+00 -1.000D+00
 -1.589D-03  7.126D-01
  0.000D+00 -1.000D+00
 -1.834D-03  6.872D-01
  0.000D+00 -1.000D+00
 -2.135D-03  6.535D-01
  0.000D+00 -1.000D+00
 -2.524D-03  6.081D-01
  0.000D+00 -1.000D+00
 -3.071D-03  5.449D-01
  0.000D+00 -1.000D+00
 -3.961D-03  4.521D-01
  0.000D+00 -1.000D+00
 -5.979D-03  2.982D-01
  0.000D+00 -1.000D+00
  0.000D+00 -1.000D+00
 -1.077D-04  7.833D-01
  0.000D+00 -1.000D+00
 -1.950D-04  7.831D-01
  0.000D+00 -1.000D+00
 -2.843D-04  7.826D-01
  0.000D+00 -1.000D+00
 -3.766D-04  7.818D-01
  0.000D+00 -1.000D+00
 -4.729D-04  7.805D-01
  0.000D+00 -1.000D+00
 -5.744D-04  7.784D-01
  0.000D+00 -1.000D+00
 -6.824D-04  7.754D-01
  0.000D+00 -1.000D+00
 -7.984D-04  7.711D-01
  0.000D+00 -1.000D+00
 -9.246D-04  7.651D-01
  0.000D+00 -1.000D+00
 -1.063D-03  7.570D-01
  0.000D+00 -1.000D+00
 -1.217D-03  7.460D-01
  0.000D+00 -1.000D+00
 -1.392D-03  7.315D-01
  0.000D+00 -1.000D+00
 -1.593D-03  7.123D-01
  0.000D+00 -1.000D+00
 -1.831D-03  6.870D-01
  0.000D+00 -1.000D+00
 -2.123D-03  6.533D-01
  0.000D+00 -1.000D+00
 -2.500D-03  6.078D-01
  0.000D+00 -1.000D+00
 -3.027D-03  5.444D-01
  0.000D+00 -1.000D+00
 -3.883D-03  4.508D-01
  0.000D+00 -1.000D+00
 -5.816D-03  2.939D-01
  0.000D+00 -1.000D+00
 -6.191D-05  7.821D-01
  0.000D+00 -1.000D+00
 -1.450D-04  7.821D-01
  0.000D+00 -1.000D+00
 -2.296D-04  7.819D-01
  0.000D+00 -1.000D+00
 -3.164D-04  7.814D-01
  0.000D+00 -1.000D+00
 -4.063D-04  7.807D-01
  0.000D+00 -1.000D+00
 -5.004D-04  7.795D-01
  0.000D+00 -1.000D+00
 -5.997D-04  7.775D-01
  0.000D+00 -1.000D+00
 -7.054D-04  7.746D-01
  0.000D+00 -1.000D+00
 -8.192D-04  7.703D-01
  0.000D+00 -1.000D+00
 -9.428D-04  7.644D-01
  0.000D+00 -1.000D+00
 -1.078D-03  7.563D-01
  0.000D+00 -1.000D+00
 -1.229D-03  7.455D-01
  0.000D+00 -1.000D+00
 -1.400D-03  7.310D-01
  0.000D+00 -1.000D+00
 -1.596D-03  7.119D-01
  0.000D+00 -1.000D+00
 -1.828D-03  6.867D-01
  0.000D+00 -1.000D+00
 -2.111D-03  6.532D-01
  0.000D+00 -1.000D+00
 -2.475D-03  6.077D-01
  0.000D+00 -1.000D+00
 -2.984D-03  5.442D-01
  0.000D+00 -1.000D+00
 -3.806D-03  4.498D-01
  0.000D+00 -1.000D+00
 -5.659D-03  2.903D-01
  0.000D+00 -1.000D+00
  0.000D+00 -1.000D+00
 -9.930D-05  7.809D-01
  0.000D+00 -1.000D+00
 -1.797D-04  7.808D-01
  0.000D+00 -1.000D+00
 -2.617D-04  7.807D-01
  0.000D+00 -1.000D+00
 -3.462D-04  7.803D-01
  0.000D+00 -1.000D+00
 -4.340D-04  7.797D-01
  0.000D+00 -1.000D+00
 -5.260D-04  7.785D-01
  0.000D+00 -1.000D+00
 -6.232D-04  7.766D-01
  0.000D+00 -1.000D+00
 -7.269D-04  7.737D-01
  0.000D+00 -1.000D+00
 -8.384D-04  7.696D-01
  0.000D+00 -1.000D+00
 -9.595D-04  7.637D-01
  0.000D+00 -1.000D+00
 -1.092D-03  7.557D-01
  0.000D+00 -1.000D+00
 -1.240D-03  7.449D-01
  0.000D+00 -1.000D+00
 -1.407D-03  7.305D-01
  0.000D+00 -1.000D+00
 -1.598D-03  7.116D-01
  0.000D+00 -1.000D+00
 -1.823D-03  6.865D-01
  0.000D+00 -1.000D+00
 -2.098D-03  6.531D-01
  0.000D+00 -1.000D+00
 -2.450D-03  6.077D-01
  0.000D+00 -1.000D+00
 -2.940D-03  5.441D-01
  0.000D+00 -1.000D+00
 -3.731D-03  4.491D-01
  0.000D+00 -1.000D+00
 -5.506D-03  2.873D-01
  0.000D+00 -1.000D+00
 -5.721D-05  7.795D-01
  0.000D+00 -1.000D+00
 -1.340D-04  7.796D-01
  0.000D+00 -1.000D+00
 -2.119D-04  7.796D-01
  0.000D+00 -1.000D+00
 -2.917D-04  7.795D-01
  0.000D+00 -1.000D+00
 -3.741D-04  7.793D-01
  0.000D+00 -1.000D+00
 -4.599D-04  7.787D-01
  0.000D+00 -1.000D+00
 -5.499D-04  7.776D-01
  0.000D+00 -1.000D+00
 -6.452D-04  7.757D-01
  0.000D+00 -1.000D+00
 -7.468D-04  7.729D-01
  0.000D+00 -1.000D+00
 -8.561D-04  7.688D-01
  0.000D+00 -1.000D+00
 -9.748D-04  7.630D-01
  0.000D+00 -1.000D+00
 -1.105D-03  7.550D-01
  0.000D+00 -1.000D+00
 -1.249D-03  7.443D-01
  0.000D+00 -1.000D+00
 -1.412D-03  7.300D-01
  0.000D+00 -1.000D+00
 -1.598D-03  7.112D-01
  0.000D+00 -1.000D+00
 -1.818D-03  6.862D-01
  0.000D+00 -1.000D+00
 -2.084D-03  6.530D-01
  0.000D+00 -1.000D+00
 -2.425D-03  6.077D-01
  0.000D+00 -1.000D+00
 -2.898D-03  5.441D-01
  0.000D+00 -1.000D+00
 -3.657D-03  4.487D-01
  0.000D+00 -1.000D+00
 -5.358D-03  2.848D-01
  0.000D+00 -1.000D+00
  0.000D+00 -1.000D+00
 -9.190D-05  7.782D-01
  0.000D+00 -1.000D+00
 -1.662D-04  7.783D-01
  0.000D+00 -1.000D+00
 -2.419D-04  7.784D-01
  0.000D+00 -1.000D+00
 -3.197D-04  7.784D-01
  0.000D+00 -1.000D+00
 -4.001D-04  7.782D-01
  0.000D+00 -1.000D+00
 -4.840D-04  7.777D-01
  0.000D+00 -1.000D+00
 -5.722D-04  7.766D-01
  0.000D+00 -1.000D+00
 -6.656D-04  7.748D-01
  0.000D+00 -1.000D+00
 -7.653D-04  7.720D-01
  0.000D+00 -1.000D+00
 -8.725D-04  7.679D-01
  0.000D+00 -1.000D+00
 -9.889D-04  7.622D-01
  0.000D+00 -1.000D+00
 -1.116D-03  7.542D-01
  0.000D+00 -1.000D+00
 -1.258D-03  7.436D-01
  0.000D+00 -1.000D+00
 -1.417D-03  7.294D-01
  0.000D+00 -1.000D+00
 -1.598D-03  7.107D-01
  0.000D+00 -1.000D+00
 -1.811D-03  6.859D-01
  0.000D+00 -1.000D+00
 -2.070D-03  6.528D-01
  0.000D+00 -1.000D+00
 -2.399D-03  6.078D-01
  0.000D+00 -1.000D+00
 -2.855D-03  5.442D-01
  0.000D+00 -1.000D+00
 -3.586D-03  4.485D-01
  0.000D+00 -1.000D+00
 -5.215D-03  2.828D-01
  0.000D+00 -1.000D+00
 -5.304D-05  7.767D-01
  0.000D+00 -1.000D+00
 -1.242D-04  7.768D-01
  0.000D+00 -1.000D+00
 -1.963D-04  7.770D-01
  0.000D+00 -1.000D+00
 -2.699D-04  7.772D-01
  0.000D+00 -1.000D+00
 -3.458D-04  7.773D-01
  0.000D+00 -1.000D+00
 -4.245D-04  7.771D-01
  0.000D+00 -1.000D+00
 -5.066D-04  7.767D-01
  0.000D+00 -1.000D+00
 -5.931D-04  7.756D-01
  0.000D+00 -1.000D+00
 -6.847D-04  7.739D-01
  0.000D+00 -1.000D+00
 -7.825D-04  7.711D-01
  0.000D+00 -1.000D+00
 -8.877D-04  7.670D-01
  0.000D+00 -1.000D+00
 -1.002D-03  7.613D-01
  0.000D+00 -1.000D+00
 -1.127D-03  7.534D-01
  0.000D+00 -1.000D+00
 -1.265D-03  7.428D-01
  0.000D+00 -1.000D+00
 -1.420D-03  7.287D-01
  0.000D+00 -1.000D+00
 -1.597D-03  7.101D-01
  0.000D+00 -1.000D+00
 -1.805D-03  6.855D-01
  0.000D+00 -1.000D+00
 -2.055D-03  6.526D-01
  0.000D+00 -1.000D+00
 -2.374D-03  6.078D-01
  0.000D+00 -1.000D+00
 -2.814D-03  5.444D-01
  0.000D+00 -1.000D+00
 -3.516D-03  4.485D-01
  0.000D+00 -1.000D+00
 -5.077D-03  2.812D-01
  0.000D+00 -1.000D+00
  0.000D+00 -1.000D+00
 -8.532D-05  7.753D-01
  0.000D+00 -1.000D+00
 -1.543D-04  7.755D-01
  0.000D+00 -1.000D+00
 -2.244D-04  7.758D-01
  0.000D+00 -1.000D+00
 -2.962D-04  7.760D-01
  0.000D+00 -1.000D+00
 -3.703D-04  7.762D-01
  0.000D+00 -1.000D+00
 -4.473D-04  7.761D-01
  0.000D+00 -1.000D+00
 -5.278D-04  7.756D-01
  0.000D+00 -1.000D+00
 -6.126D-04  7.746D-01
  0.000D+00 -1.000D+00
 -7.025D-04  7.729D-01
  0.000D+00 -1.000D+00
 -7.985D-04  7.701D-01
  0.000D+00 -1.000D+00
 -9.017D-04  7.660D-01
  0.000D+00 -1.000D+00
 -1.014D-03  7.603D-01
  0.000D+00 -1.000D+00
 -1.136D-03  7.524D-01
  0.000D+00 -1.000D+00
 -1.271D-03  7.418D-01
  0.000D+00 -1.000D+00
 -1.423D-03  7.278D-01
  0.000D+00 -1.000D+00
 -1.596D-03  7.093D-01
  0.000D+00 -1.000D+00
 -1.797D-03  6.849D-01
  0.000D+00 -1.000D+00
 -2.040D-03  6.522D-01
  0.000D+00 -1.000D+00
 -2.349D-03  6.077D-01
  0.000D+00 -1.000D+00
 -2.773D-03  5.445D-01
  0.000D+00 -1.000D+00
 -3.447D-03  4.487D-01
  0.000D+00 -1.000D+00
 -4.943D-03  2.800D-01
  0.000D+00 -1.000D+00
 -4.932D-05  7.737D-01
  0.000D+00 -1.000D+00
 -1.154D-04  7.739D-01
  0.000D+00 -1.000D+00
 -1.824D-04  7.742D-01
  0.000D+00 -1.000D+00
 -2.507D-04  7.745D-01
  0.000D+00 -1.000D+00
 -3.208D-04  7.748D-01
  0.000D+00 -1.000D+00
 -3.932D-04  7.750D-01
  0.000D+00 -1.000D+00
 -4.686D-04  7.750D-01
  0.000D+00 -1.000D+00
 -5.476D-04  7.746D-01
  0.000D+00 -1.000D+00
 -6.309D-04  7.736D-01
  0.000D+00 -1.000D+00
 -7.191D-04  7.718D-01
  0.000D+00 -1.000D+00
 -8.134D-04  7.690D-01
  0.000D+00 -1.000D+00
 -9.147D-04  7.649D-01
  0.000D+00 -1.000D+00
 -1.024D-03  7.591D-01
  0.000D+00 -1.000D+00
 -1.144D-03  7.513D-01
  0.000D+00 -1.000D+00
 -1.277D-03  7.407D-01
  0.000D+00 -1.000D+00
 -1.425D-03  7.268D-01
  0.000D+00 -1.000D+00
 -1.593D-03  7.084D-01
  0.000D+00 -1.000D+00
 -1.789D-03  6.842D-01
  0.000D+00 -1.000D+00
 -2.025D-03  6.517D-01
  0.000D+00 -1.000D+00
 -2.324D-03  6.075D-01
  0.000D+00 -1.000D+00
 -2.733D-03  5.447D-01
  0.000D+00 -1.000D+00
 -3.381D-03  4.489D-01
  0.000D+00 -1.000D+00
 -4.815D-03  2.792D-01
  0.000D+00 -1.000D+00
  0.000D+00 -1.000D+00
 -7.945D-05  7.723D-01
  0.000D+00 -1.000D+00
 -1.436D-04  7.725D-01
  0.000D+00 -1.000D+00
 -2.087D-04  7.729D-01
  0.000D+00 -1.000D+00
 -2.753D-04  7.733D-01
  0.000D+00 -1.000D+00
 -3.438D-04  7.736D-01
  0.000D+00 -1.000D+00
 -4.148D-04  7.739D-01
  0.000D+00 -1.000D+00
 -4.887D-04  7.738D-01
  0.000D+00 -1.000D+00
 -5.662D-04  7.734D-01
  0.000D+00 -1.000D+00
 -6.480D-04  7.724D-01
  0.000D+00 -1.000D+00
 -7.347D-04  7.706D-01
  0.000D+00 -1.000D+00
 -8.272D-04  7.678D-01
  0.000D+00 -1.000D+00
 -9.266D-04  7.636D-01
  0.000D+00 -1.000D+00
 -1.034D-03  7.578D-01
  0.000D+00 -1.000D+00
 -1.152D-03  7.500D-01
  0.000D+00 -1.000D+00
 -1.281D-03  7.395D-01
  0.000D+00 -1.000D+00
 -1.426D-03  7.256D-01
  0.000D+00 -1.000D+00
 -1.590D-03  7.073D-01
  0.000D+00 -1.000D+00
 -1.781D-03  6.833D-01
  0.000D+00 -1.000D+00
 -2.010D-03  6.511D-01
  0.000D+00 -1.000D+00
 -2.299D-03  6.072D-01
  0.000D+00 -1.000D+00
 -2.693D-03  5.447D-01
  0.000D+00 -1.000D+00
 -3.316D-03  4.492D-01
  0.000D+00 -1.000D+00
 -4.690D-03  2.786D-01
  0.000D+00 -1.000D+00
 -4.599D-05  7.706D-01
  0.000D+00 -1.000D+00
 -1.076D-04  7.708D-01
  0.000D+00 -1.000D+00
 -1.700D-04  7.711D-01
  0.000D+00 -1.000D+00
 -2.334D-04  7.716D-01
  0.000D+00 -1.000D+00
 -2.985D-04  7.720D-01
  0.000D+00 -1.000D+00
 -3.655D-04  7.724D-01
  0.000D+00 -1.000D+00
 -4.351D-04  7.727D-01
  0.000D+00 -1.000D+00
 -5.076D-04  7.726D-01
  0.000D+00 -1.000D+00
 -5.837D-04  7.722D-01
  0.000D+00 -1.000D+00
 -6.640D-04  7.711D-01
  0.000D+00 -1.000D+00
 -7.492D-04  7.692D-01
  0.000D+00 -1.000D+00
 -8.401D-04  7.664D-01
  0.000D+00 -1.000D+00
 -9.377D-04  7.622D-01
  0.000D+00 -1.000D+00
 -1.043D-03  7.564D-01
  0.000D+00 -1.000D+00
 -1.158D-03  7.485D-01
  0.000D+00 -1.000D+00
 -1.285D-03  7.380D-01
  0.000D+00 -1.000D+00
 -1.426D-03  7.242D-01
  0.000D+00 -1.000D+00
 -1.586D-03  7.061D-01
  0.000D+00 -1.000D+00
 -1.772D-03  6.822D-01
  0.000D+00 -1.000D+00
 -1.994D-03  6.503D-01
  0.000D+00 -1.000D+00
 -2.274D-03  6.067D-01
  0.000D+00 -1.000D+00
 -2.654D-03  5.447D-01
  0.000D+00 -1.000D+00
 -3.254D-03  4.495D-01
  0.000D+00 -1.000D+00
 -4.570D-03  2.783D-01
  0.000D+00 -1.000D+00
  0.000D+00 -1.000D+00
 -7.418D-05  7.691D-01
  0.000D+00 -1.000D+00
 -1.340D-04  7.693D-01
  0.000D+00 -1.000D+00
 -1.947D-04  7.697D-01
  0.000D+00 -1.000D+00
 -2.567D-04  7.702D-01
  0.000D+00 -1.000D+00
 -3.203D-04  7.707D-01
  0.000D+00 -1.000D+00
 -3.859D-04  7.711D-01
  0.000D+00 -1.000D+00
 -4.541D-04  7.714D-01
  0.000D+00 -1.000D+00
 -5.254D-04  7.713D-01
  0.000D+00 -1.000D+00
 -6.001D-04  7.708D-01
  0.000D+00 -1.000D+00
 -6.790D-04  7.697D-01
  0.000D+00 -1.000D+00
 -7.627D-04  7.678D-01
  0.000D+00 -1.000D+00
 -8.520D-04  7.648D-01
  0.000D+00 -1.000D+00
 -9.478D-04  7.606D-01
  0.000D+00 -1.000D+00
 -1.051D-03  7.547D-01
  0.000D+00 -1.000D+00
 -1.164D-03  7.468D-01
  0.000D+00 -1.000D+00
 -1.288D-03  7.363D-01
  0.000D+00 -1.000D+00
 -1.426D-03  7.226D-01
  0.000D+00 -1.000D+00
 -1.582D-03  7.046D-01
  0.000D+00 -1.000D+00
 -1.763D-03  6.809D-01
  0.000D+00 -1.000D+00
 -1.978D-03  6.493D-01
  0.000D+00 -1.000D+00
 -2.249D-03  6.061D-01
  0.000D+00 -1.000D+00
 -2.616D-03  5.446D-01
  0.000D+00 -1.000D+00
 -3.192D-03  4.498D-01
  0.000D+00 -1.000D+00
 -4.455D-03  2.782D-01
  0.000D+00 -1.000D+00
 -4.300D-05  7.673D-01
  0.000D+00 -1.000D+00
 -1.006D-04  7.675D-01
  0.000D+00 -1.000D+00
 -1.588D-04  7.679D-01
  0.000D+00 -1.000D+00
 -2.180D-04  7.683D-01
  0.000D+00 -1.000D+00
 -2.785D-04  7.688D-01
  0.000D+00 -1.000D+00
 -3.408D-04  7.694D-01
  0.000D+00 -1.000D+00
 -4.052D-04  7.698D-01
  0.000D+00 -1.000D+00
 -4.721D-04  7.700D-01
  0.000D+00 -1.000D+00
 -5.421D-04  7.699D-01
  0.000D+00 -1.000D+00
 -6.156D-04  7.693D-01
  0.000D+00 -1.000D+00
 -6.931D-04  7.681D-01
  0.000D+00 -1.000D+00
 -7.754D-04  7.661D-01
  0.000D+00 -1.000D+00
 -8.631D-04  7.631D-01
  0.000D+00 -1.000D+00
 -9.572D-04  7.588D-01
  0.000D+00 -1.000D+00
 -1.059D-03  7.529D-01
  0.000D+00 -1.000D+00
 -1.169D-03  7.449D-01
  0.000D+00 -1.000D+00
 -1.291D-03  7.345D-01
  0.000D+00 -1.000D+00
 -1.425D-03  7.208D-01
  0.000D+00 -1.000D+00
 -1.578D-03  7.029D-01
  0.000D+00 -1.000D+00
 -1.753D-03  6.794D-01
  0.000D+00 -1.000D+00
 -1.963D-03  6.481D-01
  0.000D+00 -1.000D+00
 -2.224D-03  6.053D-01
  0.000D+00 -1.000D+00
 -2.579D-03  5.443D-01
  0.000D+00 -1.000D+00
 -3.133D-03  4.500D-01
  0.000D+00 -1.000D+00
 -4.343D-03  2.783D-01
  0.000D+00 -1.000D+00
  0.000D+00 -1.000D+00
 -6.942D-05  7.657D-01
  0.000D+00 -1.000D+00
 -1.254D-04  7.659D-01
  0.000D+00 -1.000D+00
 -1.821D-04  7.664D-01
  0.000D+00 -1.000D+00
 -2.399D-04  7.669D-01
  0.000D+00 -1.000D+00
 -2.991D-04  7.674D-01
  0.000D+00 -1.000D+00
 -3.601D-04  7.679D-01
  0.000D+00 -1.000D+00
 -4.233D-04  7.683D-01
  0.000D+00 -1.000D+00
 -4.891D-04  7.685D-01
  0.000D+00 -1.000D+00
 -5.578D-04  7.683D-01
  0.000D+00 -1.000D+00
 -6.301D-04  7.677D-01
  0.000D+00 -1.000D+00
 -7.063D-04  7.664D-01
  0.000D+00 -1.000D+00
 -7.872D-04  7.643D-01
  0.000D+00 -1.000D+00
 -8.733D-04  7.612D-01
  0.000D+00 -1.000D+00
 -9.657D-04  7.568D-01
  0.000D+00 -1.000D+00
 -1.065D-03  7.508D-01
  0.000D+00 -1.000D+00
 -1.174D-03  7.428D-01
  0.000D+00 -1.000D+00
 -1.292D-03  7.323D-01
  0.000D+00 -1.000D+00
 -1.424D-03  7.187D-01
  0.000D+00 -1.000D+00
 -1.572D-03  7.009D-01
  0.000D+00 -1.000D+00
 -1.743D-03  6.776D-01
  0.000D+00 -1.000D+00
 -1.947D-03  6.466D-01
  0.000D+00 -1.000D+00
 -2.200D-03  6.043D-01
  0.000D+00 -1.000D+00
 -2.542D-03  5.438D-01
  0.000D+00 -1.000D+00
 -3.075D-03  4.501D-01
  0.000D+00 -1.000D+00
 -4.235D-03  2.785D-01
  0.000D+00 -1.000D+00
 -4.029D-05  7.638D-01
  0.000D+00 -1.000D+00
 -9.424D-05  7.640D-01
  0.000D+00 -1.000D+00
 -1.487D-04  7.644D-01
  0.000D+00 -1.000D+00
 -2.041D-04  7.648D-01
  0.000D+00 -1.000D+00
 -2.606D-04  7.654D-01
  0.000D+00 -1.000D+00
 -3.186D-04  7.659D-01
  0.000D+00 -1.000D+00
 -3.784D-04  7.664D-01
  0.000D+00 -1.000D+00
 -4.404D-04  7.668D-01
  0.000D+00 -1.000D+00
 -5.051D-04  7.669D-01
  0.000D+00 -1.000D+00
 -5.726D-04  7.666D-01
  0.000D+00 -1.000D+00
 -6.437D-04  7.659D-01
  0.000D+00 -1.000D+00
 -7.187D-04  7.645D-01
  0.000D+00 -1.000D+00
 -7.982D-04  7.623D-01
  0.000D+00 -1.000D+00
 -8.828D-04  7.591D-01
  0.000D+00 -1.000D+00
 -9.736D-04  7.546D-01
  0.000D+00 -1.000D+00
 -1.071D-03  7.485D-01
  0.000D+00 -1.000D+00
 -1.177D-03  7.405D-01
  0.000D+00 -1.000D+00
 -1.294D-03  7.300D-01
  0.000D+00 -1.000D+00
 -1.422D-03  7.164D-01
  0.000D+00 -1.000D+00
 -1.567D-03  6.987D-01
  0.000D+00 -1.000D+00
 -1.733D-03  6.756D-01
  0.000D+00 -1.000D+00
 -1.931D-03  6.450D-01
  0.000D+00 -1.000D+00
 -2.176D-03  6.031D-01
  0.000D+00 -1.000D+00
 -2.506D-03  5.432D-01
  0.000D+00 -1.000D+00
 -3.019D-03  4.502D-01
  0.000D+00 -1.000D+00
 -4.131D-03  2.787D-01
  0.000D+00 -1.000D+00
  0.000D+00 -1.000D+00
 -6.512D-05  7.621D-01
  0.000D+00 -1.000D+00
 -1.176D-04  7.624D-01
  0.000D+00 -1.000D+00
 -1.707D-04  7.628D-01
  0.000D+00 -1.000D+00
 -2.248D-04  7.633D-01
  0.000D+00 -1.000D+00
 -2.801D-04  7.638D-01
  0.000D+00 -1.000D+00
 -3.370D-04  7.643D-01
  0.000D+00 -1.000D+00
 -3.957D-04  7.648D-01
  0.000D+00 -1.000D+00
 -4.566D-04  7.651D-01
  0.000D+00 -1.000D+00
 -5.201D-04  7.651D-01
  0.000D+00 -1.000D+00
 -5.866D-04  7.647D-01
  0.000D+00 -1.000D+00
 -6.565D-04  7.639D-01
  0.000D+00 -1.000D+00
 -7.302D-04  7.624D-01
  0.000D+00 -1.000D+00
 -8.084D-04  7.601D-01
  0.000D+00 -1.000D+00
 -8.916D-04  7.567D-01
  0.000D+00 -1.000D+00
 -9.807D-04  7.521D-01
  0.000D+00 -1.000D+00
 -1.077D-03  7.460D-01
  0.000D+00 -1.000D+00
 -1.181D-03  7.379D-01
  0.000D+00 -1.000D+00
 -1.294D-03  7.274D-01
  0.000D+00 -1.000D+00
 -1.420D-03  7.138D-01
  0.000D+00 -1.000D+00
 -1.561D-03  6.963D-01
  0.000D+00 -1.000D+00
 -1.723D-03  6.734D-01
  0.000D+00 -1.000D+00
 -1.914D-03  6.430D-01
  0.000D+00 -1.000D+00
 -2.152D-03  6.016D-01
  0.000D+00 -1.000D+00
 -2.471D-03  5.423D-01
  0.000D+00 -1.000D+00
 -2.964D-03  4.501D-01
  0.000D+00 -1.000D+00
 -4.031D-03  2.791D-01
  0.000D+00 -1.000D+00
 -3.784D-05  7.602D-01
  0.000D+00 -1.000D+00
 -8.849D-05  7.604D-01
  0.000D+00 -1.000D+00
 -1.396D-04  7.607D-01
  0.000D+00 -1.000D+00
 -1.915D-04  7.611D-01
  0.000D+00 -1.000D+00
 -2.444D-04  7.616D-01
  0.000D+00 -1.000D+00
 -2.985D-04  7.622D-01
  0.000D+00 -1.000D+00
 -3.543D-04  7.627D-01
  0.000D+00 -1.000D+00
 -4.120D-04  7.631D-01
  0.000D+00 -1.000D+00
 -4.719D-04  7.633D-01
  0.000D+00 -1.000D+00
 -5.344D-04  7.632D-01
  0.000D+00 -1.000D+00
 -5.998D-04  7.627D-01
  0.000D+00 -1.000D+00
 -6.685D-04  7.617D-01
  0.000D+00 -1.000D+00
 -7.411D-04  7.601D-01
  0.000D+00 -1.000D+00
 -8.179D-04  7.576D-01
  0.000D+00 -1.000D+00
 -8.997D-04  7.542D-01
  0.000D+00 -1.000D+00
 -9.872D-04  7.494D-01
  0.000D+00 -1.000D+00
 -1.081D-03  7.432D-01
  0.000D+00 -1.000D+00
 -1.183D-03  7.350D-01
  0.000D+00 -1.000D+00
 -1.294D-03  7.245D-01
  0.000D+00 -1.000D+00
 -1.417D-03  7.110D-01
  0.000D+00 -1.000D+00
 -1.555D-03  6.936D-01
  0.000D+00 -1.000D+00
 -1.712D-03  6.709D-01
  0.000D+00 -1.000D+00
 -1.898D-03  6.409D-01
  0.000D+00 -1.000D+00
 -2.128D-03  5.999D-01
  0.000D+00 -1.000D+00
 -2.436D-03  5.413D-01
  0.000D+00 -1.000D+00
 -2.911D-03  4.499D-01
  0.000D+00 -1.000D+00
 -3.935D-03  2.794D-01
  0.000D+00 -1.000D+00
  0.000D+00 -1.000D+00
 -6.122D-05  7.584D-01
  0.000D+00 -1.000D+00
 -1.105D-04  7.586D-01
  0.000D+00 -1.000D+00
 -1.604D-04  7.590D-01
  0.000D+00 -1.000D+00
 -2.111D-04  7.594D-01
  0.000D+00 -1.000D+00
 -2.629D-04  7.599D-01
  0.000D+00 -1.000D+00
 -3.160D-04  7.604D-01
  0.000D+00 -1.000D+00
 -3.708D-04  7.609D-01
  0.000D+00 -1.000D+00
 -4.275D-04  7.612D-01
  0.000D+00 -1.000D+00
 -4.864D-04  7.613D-01
  0.000D+00 -1.000D+00
 -5.478D-04  7.611D-01
  0.000D+00 -1.000D+00
 -6.122D-04  7.605D-01
  0.000D+00 -1.000D+00
 -6.798D-04  7.594D-01
  0.000D+00 -1.000D+00
 -7.512D-04  7.576D-01
  0.000D+00 -1.000D+00
 -8.268D-04  7.550D-01
  0.000D+00 -1.000D+00
 -9.072D-04  7.514D-01
  0.000D+00 -1.000D+00
 -9.931D-04  7.465D-01
  0.000D+00 -1.000D+00
 -1.085D-03  7.402D-01
  0.000D+00 -1.000D+00
 -1.185D-03  7.320D-01
  0.000D+00 -1.000D+00
 -1.294D-03  7.214D-01
  0.000D+00 -1.000D+00
 -1.414D-03  7.080D-01
  0.000D+00 -1.000D+00
 -1.548D-03  6.906D-01
  0.000D+00 -1.000D+00
 -1.702D-03  6.681D-01
  0.000D+00 -1.000D+00
 -1.882D-03  6.384D-01
  0.000D+00 -1.000D+00
 -2.105D-03  5.980D-01
  0.000D+00 -1.000D+00
 -2.402D-03  5.400D-01
  0.000D+00 -1.000D+00
 -2.859D-03  4.495D-01
  0.000D+00 -1.000D+00
 -3.841D-03  2.798D-01
  0.000D+00 -1.000D+00
 -3.561D-05  7.564D-01
  0.000D+00 -1.000D+00
 -8.326D-05  7.565D-01
  0.000D+00 -1.000D+00
 -1.313D-04  7.568D-01
  0.000D+00 -1.000D+00
 -1.800D-04  7.572D-01
  0.000D+00 -1.000D+00
 -2.296D-04  7.577D-01
  0.000D+00 -1.000D+00
 -2.804D-04  7.581D-01
  0.000D+00 -1.000D+00
 -3.326D-04  7.586D-01
  0.000D+00 -1.000D+00
 -3.864D-04  7.590D-01
  0.000D+00 -1.000D+00
 -4.421D-04  7.592D-01
  0.000D+00 -1.000D+00
 -5.001D-04  7.592D-01
  0.000D+00 -1.000D+00
 -5.605D-04  7.588D-01
  0.000D+00 -1.000D+00
 -6.239D-04  7.581D-01
  0.000D+00 -1.000D+00
 -6.905D-04  7.568D-01
  0.000D+00 -1.000D+00
 -7.607D-04  7.549D-01
  0.000D+00 -1.000D+00
 -8.350D-04  7.521D-01
  0.000D+00 -1.000D+00
 -9.140D-04  7.484D-01
  0.000D+00 -1.000D+00
 -9.984D-04  7.434D-01
  0.000D+00 -1.000D+00
 -1.089D-03  7.369D-01
  0.000D+00 -1.000D+00
 -1.187D-03  7.286D-01
  0.000D+00 -1.000D+00
 -1.293D-03  7.181D-01
  0.000D+00 -1.000D+00
 -1.410D-03  7.046D-01
  0.000D+00 -1.000D+00
 -1.541D-03  6.874D-01
  0.000D+00 -1.000D+00
 -1.691D-03  6.651D-01
  0.000D+00 -1.000D+00
 -1.866D-03  6.358D-01
  0.000D+00 -1.000D+00
 -2.082D-03  5.958D-01
  0.000D+00 -1.000D+00
 -2.369D-03  5.385D-01
  0.000D+00 -1.000D+00
 -2.809D-03  4.489D-01
  0.000D+00 -1.000D+00
 -3.751D-03  2.801D-01
  0.000D+00 -1.000D+00
  0.000D+00 -1.000D+00
 -5.766D-05  7.545D-01
  0.000D+00 -1.000D+00
 -1.041D-04  7.547D-01
  0.000D+00 -1.000D+00
 -1.510D-04  7.550D-01
  0.000D+00 -1.000D+00
 -1.986D-04  7.554D-01
  0.000D+00 -1.000D+00
 -2.472D-04  7.558D-01
  0.000D+00 -1.000D+00
 -2.970D-04  7.562D-01
  0.000D+00 -1.000D+00
 -3.482D-04  7.566D-01
  0.000D+00 -1.000D+00
 -4.011D-04  7.569D-01
  0.000D+00 -1.000D+00
 -4.560D-04  7.570D-01
  0.000D+00 -1.000D+00
 -5.130D-04  7.569D-01
  0.000D+00 -1.000D+00
 -5.725D-04  7.564D-01
  0.000D+00 -1.000D+00
 -6.349D-04  7.555D-01
  0.000D+00 -1.000D+00
 -7.004D-04  7.540D-01
  0.000D+00 -1.000D+00
 -7.695D-04  7.519D-01
  0.000D+00 -1.000D+00
 -8.426D-04  7.490D-01
  0.000D+00 -1.000D+00
 -9.203D-04  7.451D-01
  0.000D+00 -1.000D+00
 -1.003D-03  7.400D-01
  0.000D+00 -1.000D+00
 -1.092D-03  7.334D-01
  0.000D+00 -1.000D+00
 -1.188D-03  7.251D-01
  0.000D+00 -1.000D+00
 -1.292D-03  7.145D-01
  0.000D+00 -1.000D+00
 -1.406D-03  7.010D-01
  0.000D+00 -1.000D+00
 -1.534D-03  6.839D-01
  0.000D+00 -1.000D+00
 -1.679D-03  6.618D-01
  0.000D+00 -1.000D+00
 -1.850D-03  6.328D-01
  0.000D+00 -1.000D+00
 -2.059D-03  5.933D-01
  0.000D+00 -1.000D+00
 -2.336D-03  5.368D-01
  0.000D+00 -1.000D+00
 -2.760D-03  4.482D-01
  0.000D+00 -1.000D+00
 -3.664D-03  2.804D-01
  0.000D+00 -1.000D+00
 -3.357D-05  7.524D-01
  0.000D+00 -1.000D+00
 -7.848D-05  7.525D-01
  0.000D+00 -1.000D+00
 -1.238D-04  7.528D-01
  0.000D+00 -1.000D+00
 -1.696D-04  7.531D-01
  0.000D+00 -1.000D+00
 -2.163D-04  7.535D-01
  0.000D+00 -1.000D+00
 -2.639D-04  7.538D-01
  0.000D+00 -1.000D+00
 -3.128D-04  7.542D-01
  0.000D+00 -1.000D+00
 -3.631D-04  7.545D-01
  0.000D+00 -1.000D+00
 -4.151D-04  7.547D-01
  0.000D+00 -1.000D+00
 -4.691D-04  7.547D-01
  0.000D+00 -1.000D+00
 -5.252D-04  7.544D-01
  0.000D+00 -1.000D+00
 -5.839D-04  7.538D-01
  0.000D+00 -1.000D+00
 -6.453D-04  7.527D-01
  0.000D+00 -1.000D+00
 -7.098D-04  7.511D-01
  0.000D+00 -1.000D+00
 -7.777D-04  7.488D-01
  0.000D+00 -1.000D+00
 -8.496D-04  7.457D-01
  0.000D+00 -1.000D+00
 -9.259D-04  7.416D-01
  0.000D+00 -1.000D+00
 -1.007D-03  7.364D-01
  0.000D+00 -1.000D+00
 -1.094D-03  7.297D-01
  0.000D+00 -1.000D+00
 -1.188D-03  7.212D-01
  0.000D+00 -1.000D+00
 -1.290D-03  7.106D-01
  0.000D+00 -1.000D+00
 -1.402D-03  6.972D-01
  0.000D+00 -1.000D+00
 -1.527D-03  6.802D-01
  0.000D+00 -1.000D+00
 -1.668D-03  6.583D-01
  0.000D+00 -1.000D+00
 -1.834D-03  6.296D-01
  0.000D+00 -1.000D+00
 -2.036D-03  5.906D-01
  0.000D+00 -1.000D+00
 -2.304D-03  5.348D-01
  0.000D+00 -1.000D+00
 -2.712D-03  4.472D-01
  0.000D+00 -1.000D+00
 -3.581D-03  2.806D-01
  0.000D+00 -1.000D+00
  0.000D+00 -1.000D+00
 -5.440D-05  7.504D-01
  0.000D+00 -1.000D+00
 -9.817D-05  7.506D-01
  0.000D+00 -1.000D+00
 -1.424D-04  7.508D-01
  0.000D+00 -1.000D+00
 -1.873D-04  7.511D-01
  0.000D+00 -1.000D+00
 -2.330D-04  7.515D-01
  0.000D+00 -1.000D+00
 -2.797D-04  7.518D-01
  0.000D+00 -1.000D+00
 -3.277D-04  7.521D-01
  0.000D+00 -1.000D+00
 -3.772D-04  7.523D-01
  0.000D+00 -1.000D+00
 -4.284D-04  7.523D-01
  0.000D+00 -1.000D+00
 -4.815D-04  7.522D-01
  0.000D+00 -1.000D+00
 -5.368D-04  7.517D-01
  0.000D+00 -1.000D+00
 -5.945D-04  7.509D-01
  0.000D+00 -1.000D+00
 -6.550D-04  7.497D-01
  0.000D+00 -1.000D+00
 -7.185D-04  7.479D-01
  0.000D+00 -1.000D+00
 -7.854D-04  7.454D-01
  0.000D+00 -1.000D+00
 -8.561D-04  7.421D-01
  0.000D+00 -1.000D+00
 -9.311D-04  7.379D-01
  0.000D+00 -1.000D+00
 -1.011D-03  7.325D-01
  0.000D+00 -1.000D+00
 -1.096D-03  7.257D-01
  0.000D+00 -1.000D+00
 -1.188D-03  7.172D-01
  0.000D+00 -1.000D+00
 -1.288D-03  7.065D-01
  0.000D+00 -1.000D+00
 -1.398D-03  6.931D-01
  0.000D+00 -1.000D+00
 -1.519D-03  6.762D-01
  0.000D+00 -1.000D+00
 -1.657D-03  6.545D-01
  0.000D+00 -1.000D+00
 -1.817D-03  6.261D-01
  0.000D+00 -1.000D+00
 -2.014D-03  5.876D-01
  0.000D+00 -1.000D+00
 -2.272D-03  5.325D-01
  0.000D+00 -1.000D+00
 -2.666D-03  4.460D-01
  0.000D+00 -1.000D+00
 -3.500D-03  2.807D-01
  0.000D+00 -1.000D+00
 -3.170D-05  7.483D-01
  0.000D+00 -1.000D+00
 -7.410D-05  7.484D-01
  0.000D+00 -1.000D+00
 -1.168D-04  7.486D-01
  0.000D+00 -1.000D+00
 -1.601D-04  7.488D-01
  0.000D+00 -1.000D+00
 -2.040D-04  7.491D-01
  0.000D+00 -1.000D+00
 -2.488D-04  7.493D-01
  0.000D+00 -1.000D+00
 -2.947D-04  7.496D-01
  0.000D+00 -1.000D+00
 -3.419D-04  7.498D-01
  0.000D+00 -1.000D+00
 -3.906D-04  7.499D-01
  0.000D+00 -1.000D+00
 -4.410D-04  7.498D-01
  0.000D+00 -1.000D+00
 -4.933D-04  7.495D-01
  0.000D+00 -1.000D+00
 -5.478D-04  7.488D-01
  0.000D+00 -1.000D+00
 -6.046D-04  7.479D-01
  0.000D+00 -1.000D+00
 -6.642D-04  7.464D-01
  0.000D+00 -1.000D+00
 -7.267D-04  7.444D-01
  0.000D+00 -1.000D+00
 -7.925D-04  7.418D-01
  0.000D+00 -1.000D+00
 -8.620D-04  7.383D-01
  0.000D+00 -1.000D+00
 -9.357D-04  7.339D-01
  0.000D+00 -1.000D+00
 -1.014D-03  7.284D-01
  0.000D+00 -1.000D+00
 -1.098D-03  7.214D-01
  0.000D+00 -1.000D+00
 -1.188D-03  7.128D-01
  0.000D+00 -1.000D+00
 -1.286D-03  7.021D-01
  0.000D+00 -1.000D+00
 -1.393D-03  6.887D-01
  0.000D+00 -1.000D+00
 -1.511D-03  6.719D-01
  0.000D+00 -1.000D+00
 -1.645D-03  6.504D-01
  0.000D+00 -1.000D+00
 -1.801D-03  6.223D-01
  0.000D+00 -1.000D+00
 -1.991D-03  5.844D-01
  0.000D+00 -1.000D+00
 -2.242D-03  5.300D-01
  0.000D+00 -1.000D+00
 -2.621D-03  4.446D-01
  0.000D+00 -1.000D+00
 -3.421D-03  2.806D-01
  0.000D+00 -1.000D+00
  0.000D+00 -1.000D+00
 -5.141D-05  7.462D-01
  0.000D+00 -1.000D+00
 -9.277D-05  7.463D-01
  0.000D+00 -1.000D+00
 -1.345D-04  7.465D-01
  0.000D+00 -1.000D+00
 -1.768D-04  7.467D-01
  0.000D+00 -1.000D+00
 -2.199D-04  7.469D-01
  0.000D+00 -1.000D+00
 -2.639D-04  7.471D-01
  0.000D+00 -1.000D+00
 -3.090D-04  7.473D-01
  0.000D+00 -1.000D+00
 -3.555D-04  7.474D-01
  0.000D+00 -1.000D+00
 -4.034D-04  7.473D-01
  0.000D+00 -1.000D+00
 -4.530D-04  7.471D-01
  0.000D+00 -1.000D+00
 -5.045D-04  7.466D-01
  0.000D+00 -1.000D+00
 -5.581D-04  7.458D-01
  0.000D+00 -1.000D+00
 -6.141D-04  7.446D-01
  0.000D+00 -1.000D+00
 -6.728D-04  7.430D-01
  0.000D+00 -1.000D+00
 -7.343D-04  7.408D-01
  0.000D+00 -1.000D+00
 -7.991D-04  7.379D-01
  0.000D+00 -1.000D+00
 -8.674D-04  7.343D-01
  0.000D+00 -1.000D+00
 -9.399D-04  7.297D-01
  0.000D+00 -1.000D+00
 -1.017D-03  7.240D-01
  0.000D+00 -1.000D+00
 -1.099D-03  7.170D-01
  0.000D+00 -1.000D+00
 -1.187D-03  7.083D-01
  0.000D+00 -1.000D+00
 -1.283D-03  6.975D-01
  0.000D+00 -1.000D+00
 -1.387D-03  6.841D-01
  0.000D+00 -1.000D+00
 -1.503D-03  6.674D-01
  0.000D+00 -1.000D+00
 -1.633D-03  6.461D-01
  0.000D+00 -1.000D+00
 -1.785D-03  6.183D-01
  0.000D+00 -1.000D+00
 -1.969D-03  5.808D-01
  0.000D+00 -1.000D+00
 -2.211D-03  5.273D-01
  0.000D+00 -1.000D+00
 -2.576D-03  4.429D-01
  0.000D+00 -1.000D+00
 -3.346D-03  2.805D-01
  0.000D+00 -1.000D+00
 -2.998D-05  7.440D-01
  0.000D+00 -1.000D+00
 -7.008D-05  7.441D-01
  0.000D+00 -1.000D+00
 -1.105D-04  7.442D-01
  0.000D+00 -1.000D+00
 -1.513D-04  7.443D-01
  0.000D+00 -1.000D+00
 -1.928D-04  7.445D-01
  0.000D+00 -1.000D+00
 -2.350D-04  7.446D-01
  0.000D+00 -1.000D+00
 -2.783D-04  7.448D-01
  0.000D+00 -1.000D+00
 -3.226D-04  7.448D-01
  0.000D+00 -1.000D+00
 -3.683D-04  7.448D-01
  0.000D+00 -1.000D+00
 -4.155D-04  7.446D-01
  0.000D+00 -1.000D+00
 -4.643D-04  7.442D-01
  0.000D+00 -1.000D+00
 -5.151D-04  7.435D-01
  0.000D+00 -1.000D+00
 -5.679D-04  7.425D-01
  0.000D+00 -1.000D+00
 -6.231D-04  7.411D-01
  0.000D+00 -1.000D+00
 -6.808D-04  7.393D-01
  0.000D+00 -1.000D+00
 -7.414D-04  7.369D-01
  0.000D+00 -1.000D+00
 -8.051D-04  7.339D-01
  0.000D+00 -1.000D+00
 -8.724D-04  7.300D-01
  0.000D+00 -1.000D+00
 -9.435D-04  7.253D-01
  0.000D+00 -1.000D+00
 -1.019D-03  7.194D-01
  0.000D+00 -1.000D+00
 -1.100D-03  7.122D-01
  0.000D+00 -1.000D+00
 -1.186D-03  7.034D-01
  0.000D+00 -1.000D+00
 -1.280D-03  6.926D-01
  0.000D+00 -1.000D+00
 -1.382D-03  6.793D-01
  0.000D+00 -1.000D+00
 -1.494D-03  6.626D-01
  0.000D+00 -1.000D+00
 -1.622D-03  6.415D-01
  0.000D+00 -1.000D+00
 -1.769D-03  6.140D-01
  0.000D+00 -1.000D+00
 -1.948D-03  5.770D-01
  0.000D+00 -1.000D+00
 -2.181D-03  5.242D-01
  0.000D+00 -1.000D+00
 -2.533D-03  4.410D-01
  0.000D+00 -1.000D+00
 -3.273D-03  2.801D-01
  0.000D+00 -1.000D+00
  0.000D+00 -1.000D+00
 -4.866D-05  7.418D-01
  0.000D+00 -1.000D+00
 -8.780D-05  7.419D-01
  0.000D+00 -1.000D+00
 -1.273D-04  7.420D-01
  0.000D+00 -1.000D+00
 -1.673D-04  7.421D-01
  0.000D+00 -1.000D+00
 -2.079D-04  7.422D-01
  0.000D+00 -1.000D+00
 -2.494D-04  7.423D-01
  0.000D+00 -1.000D+00
 -2.919D-04  7.423D-01
  0.000D+00 -1.000D+00
 -3.355D-04  7.422D-01
  0.000D+00 -1.000D+00
 -3.805D-04  7.420D-01
  0.000D+00 -1.000D+00
 -4.270D-04  7.416D-01
  0.000D+00 -1.000D+00
 -4.751D-04  7.411D-01
  0.000D+00 -1.000D+00
 -5.251D-04  7.402D-01
  0.000D+00 -1.000D+00
 -5.772D-04  7.390D-01
  0.000D+00 -1.000D+00
 -6.315D-04  7.375D-01
  0.000D+00 -1.000D+00
 -6.884D-04  7.354D-01
  0.000D+00 -1.000D+00
 -7.480D-04  7.328D-01
  0.000D+00 -1.000D+00
 -8.107D-04  7.296D-01
  0.000D+00 -1.000D+00
 -8.768D-04  7.255D-01
  0.000D+00 -1.000D+00
 -9.467D-04  7.206D-01
  0.000D+00 -1.000D+00
 -1.021D-03  7.146D-01
  0.000D+00 -1.000D+00
 -1.100D-03  7.073D-01
  0.000D+00 -1.000D+00
 -1.185D-03  6.984D-01
  0.000D+00 -1.000D+00
 -1.276D-03  6.875D-01
  0.000D+00 -1.000D+00
 -1.376D-03  6.742D-01
  0.000D+00 -1.000D+00
 -1.486D-03  6.576D-01
  0.000D+00 -1.000D+00
 -1.610D-03  6.366D-01
  0.000D+00 -1.000D+00
 -1.753D-03  6.095D-01
  0.000D+00 -1.000D+00
 -1.926D-03  5.730D-01
  0.000D+00 -1.000D+00
 -2.152D-03  5.209D-01
  0.000D+00 -1.000D+00
 -2.492D-03  4.389D-01
  0.000D+00 -1.000D+00
 -3.202D-03  2.796D-01
  0.000D+00 -1.000D+00
 -2.840D-05  7.396D-01
  0.000D+00 -1.000D+00
 -6.638D-05  7.396D-01
  0.000D+00 -1.000D+00
 -1.046D-04  7.396D-01
  0.000D+00 -1.000D+00
 -1.433D-04  7.397D-01
  0.000D+00 -1.000D+00
 -1.825D-04  7.397D-01
  0.000D+00 -1.000D+00
 -2.224D-04  7.398D-01
  0.000D+00 -1.000D+00
 -2.631D-04  7.397D-01
  0.000D+00 -1.000D+00
 -3.049D-04  7.396D-01
  0.000D+00 -1.000D+00
 -3.478D-04  7.394D-01
  0.000D+00 -1.000D+00
 -3.921D-04  7.391D-01
  0.000D+00 -1.000D+00
 -4.379D-04  7.385D-01
  0.000D+00 -1.000D+00
 -4.853D-04  7.378D-01
  0.000D+00 -1.000D+00
 -5.346D-04  7.367D-01
  0.000D+00 -1.000D+00
 -5.859D-04  7.353D-01
  0.000D+00 -1.000D+00
 -6.394D-04  7.335D-01
  0.000D+00 -1.000D+00
 -6.954D-04  7.313D-01
  0.000D+00 -1.000D+00
 -7.541D-04  7.285D-01
  0.000D+00 -1.000D+00
 -8.158D-04  7.250D-01
  0.000D+00 -1.000D+00
 -8.808D-04  7.208D-01
  0.000D+00 -1.000D+00
 -9.495D-04  7.157D-01
  0.000D+00 -1.000D+00
 -1.022D-03  7.095D-01
  0.000D+00 -1.000D+00
 -1.100D-03  7.021D-01
  0.000D+00 -1.000D+00
 -1.183D-03  6.931D-01
  0.000D+00 -1.000D+00
 -1.272D-03  6.821D-01
  0.000D+00 -1.000D+00
 -1.370D-03  6.688D-01
  0.000D+00 -1.000D+00
 -1.477D-03  6.523D-01
  0.000D+00 -1.000D+00
 -1.597D-03  6.315D-01
  0.000D+00 -1.000D+00
 -1.737D-03  6.047D-01
  0.000D+00 -1.000D+00
 -1.905D-03  5.687D-01
  0.000D+00 -1.000D+00
 -2.123D-03  5.174D-01
  0.000D+00 -1.000D+00
 -2.451D-03  4.364D-01
  0.000D+00 -1.000D+00
 -3.134D-03  2.789D-01
  0.000D+00 -1.000D+00
  0.000D+00 -1.000D+00
 -4.613D-05  7.373D-01
  0.000D+00 -1.000D+00
 -8.321D-05  7.373D-01
  0.000D+00 -1.000D+00
 -1.206D-04  7.373D-01
  0.000D+00 -1.000D+00
 -1.585D-04  7.373D-01
  0.000D+00 -1.000D+00
 -1.969D-04  7.373D-01
  0.000D+00 -1.000D+00
 -2.361D-04  7.372D-01
  0.000D+00 -1.000D+00
 -2.762D-04  7.371D-01
  0.000D+00 -1.000D+00
 -3.173D-04  7.368D-01
  0.000D+00 -1.000D+00
 -3.596D-04  7.365D-01
  0.000D+00 -1.000D+00
 -4.032D-04  7.360D-01
  0.000D+00 -1.000D+00
 -4.482D-04  7.352D-01
  0.000D+00 -1.000D+00
 -4.950D-04  7.343D-01
  0.000D+00 -1.000D+00
 -5.435D-04  7.330D-01
  0.000D+00 -1.000D+00
 -5.941D-04  7.314D-01
  0.000D+00 -1.000D+00
 -6.468D-04  7.294D-01
  0.000D+00 -1.000D+00
 -7.020D-04  7.270D-01
  0.000D+00 -1.000D+00
 -7.598D-04  7.239D-01
  0.000D+00 -1.000D+00
 -8.205D-04  7.203D-01
  0.000D+00 -1.000D+00
 -8.843D-04  7.158D-01
  0.000D+00 -1.000D+00
 -9.518D-04  7.105D-01
  0.000D+00 -1.000D+00
 -1.023D-03  7.042D-01
  0.000D+00 -1.000D+00
 -1.099D-03  6.966D-01
  0.000D+00 -1.000D+00
 -1.181D-03  6.875D-01
  0.000D+00 -1.000D+00
 -1.268D-03  6.765D-01
  0.000D+00 -1.000D+00
 -1.363D-03  6.632D-01
  0.000D+00 -1.000D+00
 -1.468D-03  6.468D-01
  0.000D+00 -1.000D+00
 -1.585D-03  6.262D-01
  0.000D+00 -1.000D+00
 -1.721D-03  5.996D-01
  0.000D+00 -1.000D+00
 -1.883D-03  5.641D-01
  0.000D+00 -1.000D+00
 -2.095D-03  5.135D-01
  0.000D+00 -1.000D+00
 -2.411D-03  4.338D-01
  0.000D+00 -1.000D+00
 -3.067D-03  2.780D-01
  0.000D+00 -1.000D+00
 -2.694D-05  7.350D-01
  0.000D+00 -1.000D+00
 -6.297D-05  7.349D-01
  0.000D+00 -1.000D+00
 -9.922D-05  7.349D-01
  0.000D+00 -1.000D+00
 -1.358D-04  7.349D-01
  0.000D+00 -1.000D+00
 -1.730D-04  7.348D-01
  0.000D+00 -1.000D+00
 -2.107D-04  7.347D-01
  0.000D+00 -1.000D+00
 -2.492D-04  7.345D-01
  0.000D+00 -1.000D+00
 -2.886D-04  7.343D-01
  0.000D+00 -1.000D+00
 -3.291D-04  7.339D-01
  0.000D+00 -1.000D+00
 -3.707D-04  7.334D-01
  0.000D+00 -1.000D+00
 -4.137D-04  7.327D-01
  0.000D+00 -1.000D+00
 -4.581D-04  7.318D-01
  0.000D+00 -1.000D+00
 -5.042D-04  7.306D-01
  0.000D+00 -1.000D+00
 -5.520D-04  7.291D-01
  0.000D+00 -1.000D+00
 -6.018D-04  7.273D-01
  0.000D+00 -1.000D+00
 -6.538D-04  7.251D-01
  0.000D+00 -1.000D+00
 -7.081D-04  7.224D-01
  0.000D+00 -1.000D+00
 -7.650D-04  7.191D-01
  0.000D+00 -1.000D+00
 -8.247D-04  7.153D-01
  0.000D+00 -1.000D+00
 -8.875D-04  7.106D-01
  0.000D+00 -1.000D+00
 -9.537D-04  7.052D-01
  0.000D+00 -1.000D+00
 -1.024D-03  6.987D-01
  0.000D+00 -1.000D+00
 -1.098D-03  6.909D-01
  0.000D+00 -1.000D+00
 -1.178D-03  6.817D-01
  0.000D+00 -1.000D+00
 -1.264D-03  6.707D-01
  0.000D+00 -1.000D+00
 -1.357D-03  6.574D-01
  0.000D+00 -1.000D+00
 -1.459D-03  6.410D-01
  0.000D+00 -1.000D+00
 -1.573D-03  6.206D-01
  0.000D+00 -1.000D+00
 -1.704D-03  5.943D-01
  0.000D+00 -1.000D+00
 -1.862D-03  5.593D-01
  0.000D+00 -1.000D+00
 -2.067D-03  5.094D-01
  0.000D+00 -1.000D+00
 -2.372D-03  4.309D-01
  0.000D+00 -1.000D+00
 -3.003D-03  2.769D-01
  0.000D+00 -1.000D+00
  0.000D+00 -1.000D+00
 -4.379D-05  7.326D-01
  0.000D+00 -1.000D+00
 -7.898D-05  7.325D-01
  0.000D+00 -1.000D+00
 -1.145D-04  7.325D-01
  0.000D+00 -1.000D+00
 -1.503D-04  7.324D-01
  0.000D+00 -1.000D+00
 -1.868D-04  7.322D-01
  0.000D+00 -1.000D+00
 -2.238D-04  7.320D-01
  0.000D+00 -1.000D+00
 -2.617D-04  7.317D-01
  0.000D+00 -1.000D+00
 -3.005D-04  7.313D-01
  0.000D+00 -1.000D+00
 -3.403D-04  7.308D-01
  0.000D+00 -1.000D+00
 -3.813D-04  7.301D-01
  0.000D+00 -1.000D+00
 -4.237D-04  7.292D-01
  0.000D+00 -1.000D+00
 -4.675D-04  7.281D-01
  0.000D+00 -1.000D+00
 -5.129D-04  7.267D-01
  0.000D+00 -1.000D+00
 -5.600D-04  7.250D-01
  0.000D+00 -1.000D+00
 -6.091D-04  7.230D-01
  0.000D+00 -1.000D+00
 -6.603D-04  7.205D-01
  0.000D+00 -1.000D+00
 -7.138D-04  7.176D-01
  0.000D+00 -1.000D+00
 -7.697D-04  7.141D-01
  0.000D+00 -1.000D+00
 -8.285D-04  7.101D-01
  0.000D+00 -1.000D+00
 -8.902D-04  7.052D-01
  0.000D+00 -1.000D+00
 -9.553D-04  6.996D-01
  0.000D+00 -1.000D+00
 -1.024D-03  6.929D-01
  0.000D+00 -1.000D+00
 -1.097D-03  6.850D-01
  0.000D+00 -1.000D+00
 -1.175D-03  6.757D-01
  0.000D+00 -1.000D+00
 -1.259D-03  6.646D-01
  0.000D+00 -1.000D+00
 -1.350D-03  6.513D-01
  0.000D+00 -1.000D+00
 -1.449D-03  6.350D-01
  0.000D+00 -1.000D+00
 -1.561D-03  6.147D-01
  0.000D+00 -1.000D+00
 -1.688D-03  5.888D-01
  0.000D+00 -1.000D+00
 -1.842D-03  5.542D-01
  0.000D+00 -1.000D+00
 -2.040D-03  5.051D-01
  0.000D+00 -1.000D+00
 -2.333D-03  4.277D-01
  0.000D+00 -1.000D+00
 -2.941D-03  2.756D-01
  0.000D+00 -1.000D+00
 -2.559D-05  7.302D-01
  0.000D+00 -1.000D+00
 -5.980D-05  7.302D-01
  0.000D+00 -1.000D+00
 -9.422D-05  7.301D-01
  0.000D+00 -1.000D+00
 -1.290D-04  7.299D-01
  0.000D+00 -1.000D+00
 -1.642D-04  7.298D-01
  0.000D+00 -1.000D+00
 -1.999D-04  7.295D-01
  0.000D+00 -1.000D+00
 -2.364D-04  7.292D-01
  0.000D+00 -1.000D+00
 -2.736D-04  7.287D-01
  0.000D+00 -1.000D+00
 -3.118D-04  7.282D-01
  0.000D+00 -1.000D+00
 -3.510D-04  7.275D-01
  0.000D+00 -1.000D+00
 -3.914D-04  7.266D-01
  0.000D+00 -1.000D+00
 -4.332D-04  7.255D-01
  0.000D+00 -1.000D+00
 -4.763D-04  7.242D-01
  0.000D+00 -1.000D+00
 -5.211D-04  7.226D-01
  0.000D+00 -1.000D+00
 -5.676D-04  7.207D-01
  0.000D+00 -1.000D+00
 -6.159D-04  7.184D-01
  0.000D+00 -1.000D+00
 -6.664D-04  7.158D-01
  0.000D+00 -1.000D+00
 -7.190D-04  7.126D-01
  0.000D+00 -1.000D+00
 -7.741D-04  7.089D-01
  0.000D+00 -1.000D+00
 -8.318D-04  7.046D-01
  0.000D+00 -1.000D+00
 -8.925D-04  6.996D-01
  0.000D+00 -1.000D+00
 -9.564D-04  6.937D-01
  0.000D+00 -1.000D+00
 -1.024D-03  6.869D-01
  0.000D+00 -1.000D+00
 -1.096D-03  6.789D-01
  0.000D+00 -1.000D+00
 -1.172D-03  6.695D-01
  0.000D+00 -1.000D+00
 -1.254D-03  6.584D-01
  0.000D+00 -1.000D+00
 -1.342D-03  6.450D-01
  0.000D+00 -1.000D+00
 -1.440D-03  6.288D-01
  0.000D+00 -1.000D+00
 -1.548D-03  6.086D-01
  0.000D+00 -1.000D+00
 -1.672D-03  5.830D-01
  0.000D+00 -1.000D+00
 -1.821D-03  5.488D-01
  0.000D+00 -1.000D+00
 -2.013D-03  5.005D-01
  0.000D+00 -1.000D+00
 -2.296D-03  4.242D-01
  0.000D+00 -1.000D+00
 -2.881D-03  2.741D-01
  0.000D+00 -1.000D+00
  0.000D+00 -1.000D+00
 -4.161D-05  7.277D-01
  0.000D+00 -1.000D+00
 -7.505D-05  7.277D-01
  0.000D+00 -1.000D+00
 -1.087D-04  7.275D-01
  0.000D+00 -1.000D+00
 -1.428D-04  7.273D-01
  0.000D+00 -1.000D+00
 -1.773D-04  7.270D-01
  0.000D+00 -1.000D+00
 -2.125D-04  7.267D-01
  0.000D+00 -1.000D+00
 -2.483D-04  7.262D-01
  0.000D+00 -1.000D+00
 -2.850D-04  7.256D-01
  0.000D+00 -1.000D+00
 -3.226D-04  7.249D-01
  0.000D+00 -1.000D+00
 -3.612D-04  7.240D-01
  0.000D+00 -1.000D+00
 -4.010D-04  7.229D-01
  0.000D+00 -1.000D+00
 -4.422D-04  7.216D-01
  0.000D+00 -1.000D+00
 -4.847D-04  7.201D-01
  0.000D+00 -1.000D+00
 -5.289D-04  7.183D-01
  0.000D+00 -1.000D+00
 -5.747D-04  7.162D-01
  0.000D+00 -1.000D+00
 -6.223D-04  7.137D-01
  0.000D+00 -1.000D+00
 -6.720D-04  7.108D-01
  0.000D+00 -1.000D+00
 -7.238D-04  7.074D-01
  0.000D+00 -1.000D+00
 -7.780D-04  7.035D-01
  0.000D+00 -1.000D+00
 -8.348D-04  6.990D-01
  0.000D+00 -1.000D+00
 -8.944D-04  6.938D-01
  0.000D+00 -1.000D+00
 -9.572D-04  6.877D-01
  0.000D+00 -1.000D+00
 -1.023D-03  6.807D-01
  0.000D+00 -1.000D+00
 -1.094D-03  6.726D-01
  0.000D+00 -1.000D+00
 -1.168D-03  6.631D-01
  0.000D+00 -1.000D+00
 -1.248D-03  6.518D-01
  0.000D+00 -1.000D+00
 -1.335D-03  6.385D-01
  0.000D+00 -1.000D+00
 -1.430D-03  6.223D-01
  0.000D+00 -1.000D+00
 -1.535D-03  6.023D-01
  0.000D+00 -1.000D+00
 -1.656D-03  5.769D-01
  0.000D+00 -1.000D+00
 -1.801D-03  5.433D-01
  0.000D+00 -1.000D+00
 -1.986D-03  4.956D-01
  0.000D+00 -1.000D+00
 -2.260D-03  4.205D-01
  0.000D+00 -1.000D+00
 -2.822D-03  2.724D-01
  0.000D+00 -1.000D+00
