 -1.813D-03  7.906D-01
 -2.294D-03  7.808D-01
 -1.772D-03  7.822D-01
 -3.735D-04  7.947D-01
 -3.769D-03  7.692D-01
 -1.672D-03  7.720D-01
 -6.069D-04  7.685D-01
 -5.371D-04  7.699D-01
 -4.920D-03  7.568D-01
 -1.558D-03  7.587D-01
 -1.411D-04  7.971D-01
 -1.145D-03  7.443D-01
 -6.401D-04  7.490D-01
 -5.809D-03  7.421D-01
 -1.447D-03  7.420D-01
 -2.539D-04  7.471D-01
 -2.339D-04  7.486D-01
 -1.641D-03  7.233D-01
 -6.969D-04  7.268D-01
 -6.494D-03  7.251D-01
 -1.344D-03  7.218D-01
 -6.954D-05  7.987D-01
 -5.122D-04  7.067D-01
 -3.103D-04  7.145D-01
 -2.071D-03  7.009D-01
 -7.227D-04  7.017D-01
 -7.021D-03  7.056D-01
 -1.248D-03  6.977D-01
 -1.310D-04  7.177D-01
 -1.228D-04  7.192D-01
 -7.710D-04  6.756D-01
 -3.665D-04  6.819D-01
 -2.435D-03  6.764D-01
 -7.280D-04  6.731D-01
 -7.420D-03  6.838D-01
 -1.161D-03  6.697D-01
 -3.986D-05  7.998D-01
 -2.737D-04  6.564D-01
 -1.725D-04  6.688D-01
 -1.010D-03  6.445D-01
 -4.047D-04  6.472D-01
 -2.737D-03  6.496D-01
 -7.199D-04  6.405D-01
 -7.716D-03  6.597D-01
 -1.080D-03  6.373D-01
 -7.630D-05  6.808D-01
 -7.213D-05  6.823D-01
 -4.242D-04  6.133D-01
 -2.136D-04  6.237D-01
 -1.222D-03  6.118D-01
 -4.284D-04  6.091D-01
 -2.984D-03  6.204D-01
 -7.027D-04  6.036D-01
 -7.926D-03  6.333D-01
 -1.005D-03  6.002D-01
 -2.519D-05  8.004D-01
 -1.621D-04  5.929D-01
 -1.046D-04  6.116D-01
 -5.688D-04  5.722D-01
 -2.453D-04  5.778D-01
 -1.406D-03  5.768D-01
 -4.408D-04  5.669D-01
 -3.182D-03  5.887D-01
 -6.794D-04  5.619D-01
 -8.064D-03  6.049D-01
 -9.351D-04  5.581D-01
 -4.806D-05  6.367D-01
 -4.567D-05  6.384D-01
 -2.557D-04  5.350D-01
 -1.334D-04  5.513D-01
 -7.011D-04  5.299D-01
 -2.681D-04  5.286D-01
 -1.562D-03  5.392D-01
 -4.444D-04  5.197D-01
 -3.337D-03  5.547D-01
 -6.522D-04  5.149D-01
 -8.141D-03  5.744D-01
 -8.696D-04  5.102D-01
 -1.704D-05  8.007D-01
 -1.025D-04  5.150D-01
 -6.733D-05  5.423D-01
 -3.480D-04  4.817D-01
 -1.570D-04  4.917D-01
 -8.183D-04  4.851D-01
 -2.831D-04  4.747D-01
 -1.691D-03  4.989D-01
 -4.411D-04  4.668D-01
 -3.453D-03  5.182D-01
 -6.223D-04  4.617D-01
 -8.165D-03  5.419D-01
 -8.081D-04  4.560D-01
 -3.196D-05  5.860D-01
 -3.048D-05  5.877D-01
 -1.634D-04  4.383D-01
 -8.731D-05  4.631D-01
 -4.340D-04  4.276D-01
 -1.752D-04  4.288D-01
 -9.197D-04  4.375D-01
 -2.917D-04  4.149D-01
 -1.795D-03  4.559D-01
 -4.327D-04  4.074D-01
 -3.535D-03  4.795D-01
 -5.908D-04  4.017D-01
 -8.145D-03  5.076D-01
 -7.500D-04  3.944D-01
 -1.213D-05  8.007D-01
 -6.781D-05  4.208D-01
 -4.516D-05  4.600D-01
 -2.244D-04  3.694D-01
 -1.044D-04  3.861D-01
 -5.114D-04  3.709D-01
 -1.883D-04  3.602D-01
 -1.005D-03  3.867D-01
 -2.948D-04  3.480D-01
 -1.876D-03  4.100D-01
 -4.202D-04  3.403D-01
 -3.588D-03  4.384D-01
 -5.582D-04  3.336D-01
 -8.086D-03  4.716D-01
 -6.951D-04  3.244D-01
 -2.212D-05  5.287D-01
 -2.114D-05  5.305D-01
 -1.086D-04  3.191D-01
 -5.910D-05  3.560D-01
 -2.819D-04  3.000D-01
 -1.181D-04  3.053D-01
 -5.790D-04  3.104D-01
 -1.968D-04  2.840D-01
 -1.075D-03  3.324D-01
 -2.934D-04  2.724D-01
 -1.937D-03  3.611D-01
 -4.047D-04  2.642D-01
 -3.614D-03  3.950D-01
 -5.252D-04  2.561D-01
 -7.993D-03  4.339D-01
 -6.430D-04  2.442D-01
 -8.970D-06  8.004D-01
 -4.628D-05  3.070D-01
 -3.122D-05  3.627D-01
 -1.498D-04  2.290D-01
 -7.129D-05  2.558D-01
 -3.341D-04  2.272D-01
 -1.283D-04  2.170D-01
 -6.364D-04  2.457D-01
 -2.013D-04  1.982D-01
 -1.131D-03  2.742D-01
 -2.884D-04  1.865D-01
 -1.979D-03  3.092D-01
 -3.869D-04  1.772D-01
 -3.617D-03  3.492D-01
 -4.921D-04  1.670D-01
 -7.873D-03  3.945D-01
 -5.935D-04  1.518D-01
 -1.577D-05  4.652D-01
 -1.509D-05  4.671D-01
 -7.404D-05  1.705D-01
 -4.096D-05  2.255D-01
 -1.889D-04  1.385D-01
 -8.128D-05  1.505D-01
 -3.798D-04  1.492D-01
 -1.354D-04  1.181D-01
 -6.838D-04  1.760D-01
 -2.023D-04  1.002D-01
 -1.173D-03  2.119D-01
 -2.804D-04  8.780D-02
 -2.005D-03  2.540D-01
 -3.674D-04  7.674D-02
 -3.599D-03  3.011D-01
 -4.591D-04  6.397D-02
 -7.729D-03  3.537D-01
 -5.464D-04  4.435D-02
 -6.843D-06  7.999D-01
 -3.229D-05  1.681D-01
 -2.207D-05  2.473D-01
 -1.023D-04  5.001D-02
 -4.960D-05  9.278D-02
 -2.244D-04  4.252D-02
 -8.893D-05  3.412D-02
 -4.186D-04  6.461D-02
 -1.395D-04  5.009D-03
 -7.214D-04  1.006D-01
 -2.003D-04 -1.306D-02
 -1.203D-03  1.450D-01
 -2.701D-04 -2.701D-02
 -2.015D-03  1.954D-01
 -3.468D-04 -4.052D-02
 -3.564D-03  2.505D-01
 -4.266D-04 -5.689D-02
 -7.564D-03  3.113D-01
 -5.016D-04 -8.236D-02
 -1.150D-05  3.953D-01
 -1.102D-05  3.973D-01
 -5.138D-05 -1.924D-02
 -2.886D-05  6.382D-02
 -1.291D-04 -7.238D-02
 -5.675D-05 -4.870D-02
 -2.555D-04 -6.184D-02
 -9.428D-05 -9.881D-02
 -4.506D-04 -2.785D-02
 -1.409D-04 -1.269D-01
 -7.499D-04  1.869D-02
 -1.959D-04 -1.462D-01
 -1.222D-03  7.314D-02
 -2.580D-04 -1.626D-01
 -2.012D-03  1.331D-01
 -3.253D-04 -1.795D-01
 -3.514D-03  1.975D-01
 -3.946D-04 -2.008D-01
 -7.382D-03  2.674D-01
 -4.590D-04 -2.343D-01
 -5.352D-06  7.992D-01
 -2.287D-05 -4.612D-03
 -1.584D-05  1.092D-01
 -7.082D-05 -1.870D-01
 -3.492D-05 -1.176D-01
 -1.534D-04 -2.046D-01
 -6.225D-05 -2.087D-01
 -2.818D-04 -1.773D-01
 -9.749D-05 -2.550D-01
 -4.758D-04 -1.298D-01
 -1.401D-04 -2.839D-01
 -7.698D-04 -7.070D-02
 -1.895D-04 -3.058D-01
 -1.230D-03 -4.370D-03
 -2.445D-04 -3.258D-01
 -1.997D-03  6.679D-02
 -3.034D-04 -3.477D-01
 -3.451D-03  1.418D-01
 -3.635D-04 -3.759D-01
 -7.186D-03  2.222D-01
 -4.186D-04 -4.206D-01
 -8.545D-06  3.186D-01
 -8.196D-06  3.208D-01
 -3.604D-05 -2.716D-01
 -2.056D-05 -1.425D-01
 -8.924D-05 -3.620D-01
 -3.995D-05 -3.167D-01
 -1.745D-04 -3.526D-01
 -6.612D-05 -3.977D-01
 -3.032D-04 -3.070D-01
 -9.876D-05 -4.439D-01
 -4.945D-04 -2.432D-01
 -1.374D-04 -4.757D-01
 -7.819D-04 -1.688D-01
 -1.815D-04 -5.019D-01
 -1.229D-03 -8.827D-02
 -2.300D-04 -5.275D-01
 -1.972D-03 -3.908D-03
 -2.815D-04 -5.565D-01
 -3.376D-03  8.339D-02
 -3.334D-04 -5.949D-01
 -6.979D-03  1.755D-01
 -3.804D-04 -6.562D-01
 -4.274D-06  7.982D-01
 -1.635D-05 -2.268D-01
 -1.150D-05 -5.947D-02
 -4.943D-05 -5.208D-01
 -2.476D-05 -4.024D-01
 -1.058D-04 -5.583D-01
 -4.381D-05 -5.519D-01
 -1.922D-04 -5.225D-01
 -6.843D-05 -6.307D-01
 -3.198D-04 -4.548D-01
 -9.834D-05 -6.805D-01
 -5.072D-04 -3.706D-01
 -1.332D-04 -7.180D-01
 -7.869D-04 -2.774D-01
 -1.723D-04 -7.511D-01
 -1.220D-03 -1.795D-01
 -2.149D-04 -7.853D-01
 -1.938D-03 -7.951D-02
 -2.597D-04 -8.256D-01
 -3.292D-03  2.199D-02
 -3.045D-04 -8.772D-01
 -6.763D-03  1.273D-01
 -3.431D-04 -9.164D-01
 -6.439D-06  2.348D-01
 -6.180D-06  2.372D-01
 -2.542D-05 -6.306D-01
 -1.474D-05 -4.182D-01
 -6.207D-05 -7.952D-01
 -2.823D-05 -7.049D-01
 -1.202D-04 -7.899D-01
 -4.651D-05 -8.479D-01
 -2.064D-04 -7.225D-01
 -6.937D-05 -9.322D-01
 -3.318D-04 -6.262D-01
 -9.638D-05 -9.697D-01
 -5.143D-04 -5.156D-01
 -1.272D-04 -9.927D-01
 -7.854D-04 -3.985D-01
 -1.614D-04 -1.013D+00
 -1.204D-03 -2.793D-01
 -1.980D-04 -1.034D+00
 -1.896D-03 -1.606D-01
 -2.360D-04 -1.059D+00
 -3.200D-03 -4.262D-02
 -2.732D-04 -1.093D+00
 -6.541D-03  7.770D-02
 -3.050D-04 -1.149D+00
 -3.474D-06  7.971D-01
 -1.176D-05 -5.280D-01
 -8.412D-06 -2.721D-01
 -3.456D-05 -1.015D+00
 -1.761D-05 -8.205D-01
 -7.302D-05 -1.062D+00
 -3.077D-05 -1.041D+00
 -1.316D-04 -1.032D+00
 -4.764D-05 -1.122D+00
 -2.173D-04 -9.650D-01
 -6.816D-05 -1.171D+00
 -3.396D-04 -8.291D-01
 -9.206D-05 -1.207D+00
 -5.165D-04 -6.830D-01
 -1.190D-04 -1.236D+00
 -7.782D-04 -5.350D-01
 -1.485D-04 -1.263D+00
 -1.181D-03 -3.893D-01
 -1.798D-04 -1.286D+00
 -1.847D-03 -2.480D-01
 -2.117D-04 -1.306D+00
 -3.101D-03 -1.108D-01
 -2.425D-04 -1.332D+00
 -6.313D-03  2.657D-02
 -2.679D-04 -1.378D+00
 -4.907D-06  1.427D-01
 -4.713D-06  1.454D-01
 -1.785D-05 -1.111D+00
 -1.059D-05 -8.150D-01
 -4.247D-05 -1.293D+00
 -1.974D-05 -1.185D+00
 -8.150D-05 -1.297D+00
 -3.201D-05 -1.335D+00
 -1.393D-04 -1.236D+00
 -4.732D-05 -1.394D+00
 -2.227D-04 -1.145D+00
 -6.550D-05 -1.431D+00
 -3.426D-04 -1.039D+00
 -8.634D-05 -1.458D+00
 -5.143D-04 -8.801D-01
 -1.095D-04 -1.480D+00
 -7.662D-04 -6.908D-01
 -1.346D-04 -1.502D+00
 -1.154D-03 -5.115D-01
 -1.609D-04 -1.525D+00
 -1.793D-03 -3.427D-01
 -1.874D-04 -1.554D+00
 -2.997D-03 -1.828D-01
 -2.124D-04 -1.595D+00
 -6.083D-03 -2.615D-02
 -2.328D-04 -1.649D+00
 -2.865D-06  7.957D-01
 -8.479D-06 -9.723D-01
 -6.177D-06 -5.528D-01
 -2.346D-05 -1.479D+00
 -1.232D-05 -1.287D+00
 -4.887D-05 -1.549D+00
 -2.097D-05 -1.505D+00
 -8.751D-05 -1.519D+00
 -3.214D-05 -1.611D+00
 -1.438D-04 -1.448D+00
 -4.572D-05 -1.676D+00
 -2.244D-04 -1.357D+00
 -6.158D-05 -1.720D+00
 -3.396D-04 -1.213D+00
 -7.953D-05 -1.748D+00
 -5.063D-04 -1.068D+00
 -9.927D-05 -1.773D+00
 -7.500D-04 -8.718D-01
 -1.204D-04 -1.797D+00
 -1.121D-03 -6.488D-01
 -1.424D-04 -1.825D+00
 -1.735D-03 -4.460D-01
 -1.643D-04 -1.860D+00
 -2.890D-03 -2.592D-01
 -1.847D-04 -1.910D+00
 -5.851D-03 -8.053D-02
 -2.004D-04 -1.998D+00
 -3.775D-06  4.108D-02
 -3.627D-06  4.397D-02
 -1.218D-05 -1.579D+00
 -7.511D-06 -1.263D+00
 -2.819D-05 -1.823D+00
 -1.339D-05 -1.672D+00
 -5.360D-05 -1.839D+00
 -2.139D-05 -1.857D+00
 -9.110D-05 -1.777D+00
 -3.142D-05 -1.961D+00
 -1.451D-04 -1.669D+00
 -4.336D-05 -2.029D+00
 -2.223D-04 -1.540D+00
 -5.706D-05 -2.079D+00
 -3.327D-04 -1.407D+00
 -7.234D-05 -2.121D+00
 -4.922D-04 -1.235D+00
 -8.895D-05 -2.160D+00
 -7.286D-04 -1.057D+00
 -1.066D-04 -2.200D+00
 -1.086D-03 -8.048D-01
 -1.249D-04 -2.246D+00
 -1.673D-03 -5.593D-01
 -1.409D-04 -2.139D+00
 -2.779D-03 -3.405D-01
 -1.537D-04 -1.946D+00
 -5.618D-03 -1.367D-01
 -1.605D-04 -1.711D+00
 -2.394D-06  7.942D-01
 -5.977D-06 -1.401D+00
 -4.547D-06 -9.511D-01
 -1.555D-05 -2.088D+00
 -8.375D-06 -1.779D+00
 -3.195D-05 -2.239D+00
 -1.395D-05 -2.128D+00
 -5.680D-05 -2.197D+00
 -2.121D-05 -2.341D+00
 -9.282D-05 -2.077D+00
 -2.932D-05 -2.158D+00
 -1.441D-04 -1.926D+00
 -3.867D-05 -2.014D+00
 -2.170D-04 -1.767D+00
 -4.919D-05 -1.911D+00
 -3.219D-04 -1.587D+00
 -6.068D-05 -1.827D+00
 -4.743D-04 -1.416D+00
 -7.284D-05 -1.749D+00
 -6.999D-04 -1.207D+00
 -8.532D-05 -1.671D+00
 -1.047D-03 -9.851D-01
 -9.761D-05 -1.588D+00
 -1.608D-03 -6.849D-01
 -1.089D-04 -1.496D+00
 -2.666D-03 -4.275D-01
 -1.185D-04 -1.394D+00
 -5.387D-03 -1.948D-01
 -1.232D-04 -1.179D+00
 -2.925D-06 -7.229D-02
 -2.812D-06 -6.904D-02
 -8.131D-06 -2.229D+00
 -5.187D-06 -1.723D+00
 -1.716D-05 -1.895D+00
 -8.876D-06 -2.348D+00
 -3.202D-05 -1.839D+00
 -1.296D-05 -1.820D+00
 -5.517D-05 -1.954D+00
 -1.825D-05 -1.635D+00
 -9.069D-05 -2.212D+00
 -2.456D-05 -1.538D+00
 -1.410D-04 -2.258D+00
 -3.187D-05 -1.479D+00
 -2.098D-04 -2.020D+00
 -3.998D-05 -1.433D+00
 -3.083D-04 -1.803D+00
 -4.863D-05 -1.312D+00
 -4.526D-04 -1.585D+00
 -5.763D-05 -1.165D+00
 -6.682D-04 -1.383D+00
 -6.673D-05 -1.016D+00
 -1.001D-03 -1.133D+00
 -7.552D-05 -8.531D-01
 -1.541D-03 -8.256D-01
 -8.337D-05 -6.665D-01
 -2.553D-03 -5.210D-01
 -8.923D-05 -4.377D-01
 -5.158D-03 -2.550D-01
 -9.132D-05 -1.363D-01
 -2.022D-06  7.925D-01
 -4.118D-06 -1.870D+00
 -3.290D-06 -1.347D+00
 -8.807D-06 -1.566D+00
 -5.411D-06 -2.130D+00
 -1.717D-05 -1.325D+00
 -7.862D-06 -1.526D+00
 -3.052D-05 -1.395D+00
 -1.123D-05 -1.087D+00
 -5.084D-05 -1.537D+00
 -1.532D-05 -7.866D-01
 -8.160D-05 -1.694D+00
 -2.009D-05 -6.023D-01
 -1.287D-04 -1.977D+00
 -2.544D-05 -4.675D-01
 -2.009D-04 -2.363D+00
 -3.127D-05 -3.549D-01
 -2.932D-04 -2.048D+00
 -3.752D-05 -2.545D-01
 -4.284D-04 -1.785D+00
 -4.402D-05 -1.564D-01
 -6.328D-04 -1.532D+00
 -5.050D-05 -5.208D-02
 -9.502D-04 -1.278D+00
 -5.666D-05  6.466D-02
 -1.473D-03 -9.852D-01
 -6.259D-05  2.794D-01
 -2.439D-03 -6.221D-01
 -6.725D-05  5.635D-01
 -4.932D-03 -3.176D-01
 -6.892D-05  9.563D-01
 -2.279D-06 -2.004D-01
 -2.192D-06 -1.967D-01
 -4.549D-06 -1.506D+00
 -3.528D-06 -2.411D+00
 -8.806D-06 -4.178D-01
 -4.745D-06 -1.074D+00
 -1.616D-05 -3.044D-01
 -6.699D-06 -3.397D-01
 -2.772D-05 -4.396D-01
 -9.283D-06 -4.271D-02
 -4.553D-05 -7.345D-01
 -1.248D-05  2.088D-01
 -7.272D-05 -1.194D+00
 -1.619D-05  4.060D-01
 -1.136D-04 -1.591D+00
 -2.030D-05  5.591D-01
 -1.771D-04 -1.904D+00
 -2.475D-05  6.928D-01
 -2.769D-04 -2.374D+00
 -2.943D-05  8.207D-01
 -4.035D-04 -2.005D+00
 -3.423D-05  9.523D-01
 -5.952D-04 -1.707D+00
 -3.898D-05  1.095D+00
 -8.977D-04 -1.435D+00
 -4.359D-05  1.248D+00
 -1.400D-03 -1.130D+00
 -4.759D-05  1.431D+00
 -2.326D-03 -7.323D-01
 -5.036D-05  1.667D+00
 -4.709D-03 -3.827D-01
 -5.297D-05  2.040D+00
 -1.726D-06  7.906D-01
 -2.672D-06 -2.080D+00
 -2.331D-06 -1.759D+00
 -4.502D-06  1.704D-01
 -2.919D-06 -8.496D-01
 -8.639D-06  7.128D-01
 -4.043D-06  2.791D-01
 -1.519D-05  6.842D-01
 -5.734D-06  8.957D-01
 -2.511D-05  4.185D-01
 -7.803D-06  1.208D+00
 -3.970D-05 -2.617D-02
 -1.023D-05  1.400D+00
 -6.272D-05 -3.935D-01
 -1.296D-05  1.541D+00
 -9.889D-05 -9.424D-01
 -1.601D-05  1.661D+00
 -1.547D-04 -1.573D+00
 -1.953D-05  1.782D+00
 -2.423D-04 -1.946D+00
 -2.326D-05  1.901D+00
 -3.771D-04 -2.290D+00
 -2.713D-05  2.026D+00
 -5.572D-04 -1.898D+00
 -3.102D-05  2.165D+00
 -8.428D-04 -1.575D+00
 -3.475D-05  2.328D+00
 -1.322D-03 -1.256D+00
 -3.811D-05  2.523D+00
 -2.213D-03 -8.533D-01
 -4.083D-05  2.761D+00
 -4.491D-03 -4.506D-01
 -4.176D-05  3.110D+00
 -1.784D-06 -3.476D-01
 -1.716D-06 -3.433D-01
 -2.361D-06  3.814D-01
 -1.963D-06 -1.313D+00
 -4.479D-06  1.601D+00
 -2.464D-06  8.484D-01
 -8.311D-06  1.786D+00
 -3.474D-06  1.662D+00
 -1.387D-05  1.647D+00
 -5.001D-06  2.091D+00
 -2.239D-05  1.361D+00
 -6.776D-06  2.348D+00
 -3.526D-05  9.514D-01
 -8.822D-06  2.517D+00
 -5.464D-05  3.763D-01
 -1.112D-05  2.645D+00
 -8.413D-05 -2.472D-01
 -1.363D-05  2.755D+00
 -1.328D-04 -8.893D-01
 -1.630D-05  2.861D+00
 -2.101D-04 -1.618D+00
 -1.908D-05  2.969D+00
 -3.368D-04 -2.124D+00
 -2.190D-05  3.085D+00
 -5.189D-04 -2.125D+00
 -2.542D-05  3.179D+00
 -7.870D-04 -1.738D+00
 -2.899D-05  3.294D+00
 -1.244D-03 -1.398D+00
 -3.245D-05  3.440D+00
 -2.103D-03 -9.875D-01
 -3.546D-05  3.641D+00
 -4.277D-03 -5.218D-01
 -3.727D-05  3.950D+00
 -1.485D-06  7.885D-01
 -1.485D-06 -8.759D-01
 -1.629D-06 -2.347D+00
 -2.458D-06  2.281D+00
 -1.537D-06  1.032D+00
 -4.727D-06  2.794D+00
 -2.222D-06  2.359D+00
 -8.231D-06  2.799D+00
 -3.190D-06  2.917D+00
 -1.340D-05  2.598D+00
 -4.526D-06  3.179D+00
 -2.082D-05  2.258D+00
 -6.184D-06  3.329D+00
 -3.121D-05  1.787D+00
 -8.060D-06  3.444D+00
 -4.716D-05  1.238D+00
 -1.014D-05  3.541D+00
 -7.274D-05  5.545D-01
 -1.242D-05  3.630D+00
 -1.122D-04 -2.408D-01
 -1.486D-05  3.718D+00
 -1.801D-04 -1.023D+00
 -1.742D-05  3.811D+00
 -2.906D-04 -1.745D+00
 -2.004D-05  3.915D+00
 -4.820D-04 -2.418D+00
 -2.265D-05  4.035D+00
 -7.325D-04 -1.912D+00
 -2.509D-05  4.183D+00
 -1.165D-03 -1.525D+00
 -2.883D-05  4.248D+00
 -1.993D-03 -1.130D+00
 -3.263D-05  4.348D+00
 -4.069D-03 -5.966D-01
 -3.592D-05  4.535D+00
 -1.401D-06 -5.205D-01
 -1.348D-06 -5.153D-01
 -1.314D-06  2.402D+00
 -1.056D-06  4.713D-01
 -2.832D-06  3.489D+00
 -1.392D-06  2.817D+00
 -5.243D-06  3.661D+00
 -2.211D-06  3.511D+00
 -8.680D-06  3.575D+00
 -3.208D-06  3.871D+00
 -1.333D-05  3.363D+00
 -4.355D-06  4.103D+00
 -1.917D-05  3.079D+00
 -5.851D-06  4.199D+00
 -2.850D-05  2.631D+00
 -7.667D-06  4.242D+00
 -4.213D-05  2.047D+00
 -9.696D-06  4.284D+00
 -6.193D-05  1.349D+00
 -1.193D-05  4.329D+00
 -9.641D-05  5.360D-01
 -1.436D-05  4.376D+00
 -1.517D-04 -3.757D-01
 -1.697D-05  4.431D+00
 -2.509D-04 -1.389D+00
 -1.971D-05  4.495D+00
 -4.187D-04 -2.036D+00
 -2.254D-05  4.574D+00
 -6.787D-04 -2.115D+00
 -2.535D-05  4.675D+00
 -1.087D-03 -1.657D+00
 -2.797D-05  4.814D+00
 -1.876D-03 -1.233D+00
 -3.261D-05  4.803D+00
 -3.867D-03 -6.756D-01
 -3.850D-05  4.770D+00
 -1.289D-06  7.862D-01
 -8.073D-07  8.936D-01
 -9.737D-07 -1.610D+00
 -1.589D-06  4.013D+00
 -8.841D-07  2.939D+00
 -3.415D-06  4.297D+00
 -1.445D-06  4.067D+00
 -5.953D-06  4.311D+00
 -2.384D-06  4.339D+00
 -9.180D-06  4.235D+00
 -3.495D-06  4.511D+00
 -1.299D-05  4.119D+00
 -4.766D-06  4.641D+00
 -1.928D-05  3.739D+00
 -6.200D-06  4.745D+00
 -2.721D-05  3.320D+00
 -7.791D-06  4.834D+00
 -3.744D-05  2.833D+00
 -9.916D-06  4.812D+00
 -5.534D-05  2.134D+00
 -1.235D-05  4.786D+00
 -8.170D-05  1.296D+00
 -1.507D-05  4.766D+00
 -1.294D-04  3.105D-01
 -1.808D-05  4.753D+00
 -2.117D-04 -6.931D-01
 -2.138D-05  4.747D+00
 -3.611D-04 -1.721D+00
 -2.496D-05  4.749D+00
 -6.272D-04 -2.371D+00
 -2.879D-05  4.763D+00
 -1.009D-03 -1.809D+00
 -3.280D-05  4.798D+00
 -1.762D-03 -1.347D+00
 -3.690D-05  4.861D+00
 -3.670D-03 -7.593D-01
 -4.834D-05  4.477D+00
 -1.102D-06 -7.293D-01
 -1.061D-06 -7.230D-01
 -8.623D-07  4.070D+00
 -6.073D-07  2.360D+00
 -2.175D-06  4.782D+00
 -1.017D-06  4.259D+00
 -4.307D-06  4.772D+00
 -1.707D-06  4.782D+00
 -6.892D-06  4.789D+00
 -2.862D-06  4.743D+00
 -1.011D-05  4.728D+00
 -4.252D-06  4.735D+00
 -1.462D-05  4.495D+00
 -5.854D-06  4.750D+00
 -1.980D-05  4.263D+00
 -7.674D-06  4.770D+00
 -2.571D-05  4.003D+00
 -9.714D-06  4.794D+00
 -3.627D-05  3.452D+00
 -1.197D-05  4.821D+00
 -4.855D-05  2.881D+00
 -1.442D-05  4.852D+00
 -7.237D-05  2.046D+00
 -1.788D-05  4.750D+00
 -1.099D-04  1.068D+00
 -2.200D-05  4.632D+00
 -1.779D-04 -1.584D-01
 -2.678D-05  4.513D+00
 -3.104D-04 -1.304D+00
 -3.234D-05  4.389D+00
 -5.551D-04 -2.196D+00
 -3.887D-05  4.257D+00
 -9.352D-04 -1.963D+00
 -4.666D-05  4.114D+00
 -1.651D-03 -1.472D+00
 -5.618D-05  3.950D+00
 -3.480D-03 -8.484D-01
 -6.846D-05  3.752D+00
 -1.126D-06  7.838D-01
 -4.771D-07  2.699D+00
 -5.478D-07 -1.638D-01
 -1.504D-06  4.718D+00
 -6.719D-07  4.285D+00
 -3.418D-06  4.802D+00
 -1.393D-06  4.718D+00
 -5.954D-06  4.820D+00
 -2.390D-06  4.819D+00
 -9.178D-06  4.774D+00
 -4.023D-06  4.557D+00
 -1.294D-05  4.721D+00
 -6.097D-06  4.362D+00
 -1.679D-05  4.713D+00
 -8.541D-06  4.239D+00
 -2.037D-05  4.741D+00
 -1.138D-05  4.150D+00
 -2.737D-05  4.377D+00
 -1.464D-05  4.078D+00
 -3.373D-05  4.102D+00
 -1.836D-05  4.014D+00
 -4.701D-05  3.461D+00
 -2.257D-05  3.954D+00
 -6.342D-05  2.765D+00
 -2.734D-05  3.894D+00
 -9.524D-05  1.769D+00
 -3.271D-05  3.834D+00
 -1.526D-04  6.158D-01
 -3.879D-05  3.770D+00
 -2.615D-04 -6.691D-01
 -4.567D-05  3.700D+00
 -4.784D-04 -1.852D+00
 -5.353D-05  3.624D+00
 -8.632D-04 -2.147D+00
 -6.262D-05  3.537D+00
 -1.540D-03 -1.574D+00
 -7.336D-05  3.434D+00
 -3.297D-03 -9.439D-01
 -8.668D-05  3.304D+00
 -8.687D-07 -9.913D-01
 -8.362D-07 -9.832D-01
 -8.334D-07  4.701D+00
 -4.087D-07  3.925D+00
 -3.088D-06  4.181D+00
 -1.016D-06  4.751D+00
 -6.435D-06  3.992D+00
 -2.403D-06  4.200D+00
 -1.031D-05  4.021D+00
 -4.313D-06  3.899D+00
 -1.427D-05  4.162D+00
 -6.637D-06  3.753D+00
 -1.766D-05  4.416D+00
 -9.393D-06  3.665D+00
 -1.971D-05  4.808D+00
 -1.260D-05  3.602D+00
 -2.492D-05  4.693D+00
 -1.628D-05  3.554D+00
 -2.869D-05  4.720D+00
 -2.044D-05  3.512D+00
 -3.582D-05  4.428D+00
 -2.514D-05  3.473D+00
 -4.345D-05  4.079D+00
 -3.039D-05  3.436D+00
 -6.021D-05  3.338D+00
 -3.624D-05  3.398D+00
 -8.414D-05  2.476D+00
 -4.276D-05  3.358D+00
 -1.288D-04  1.288D+00
 -5.000D-05  3.315D+00
 -2.203D-04 -1.729D-01
 -5.809D-05  3.268D+00
 -4.151D-04 -1.643D+00
 -6.716D-05  3.216D+00
 -7.957D-04 -2.373D+00
 -7.744D-05  3.155D+00
 -1.433D-03 -1.687D+00
 -8.932D-05  3.082D+00
 -3.120D-03 -1.047D+00
 -1.036D-04  2.988D+00
 -9.894D-07  7.812D-01
 -3.402D-07  4.128D+00
 -3.173D-07  1.582D+00
 -2.291D-06  3.814D+00
 -6.720D-07  4.748D+00
 -5.825D-06  3.503D+00
 -2.128D-06  3.799D+00
 -1.033D-05  3.465D+00
 -4.094D-06  3.495D+00
 -1.552D-05  3.515D+00
 -6.532D-06  3.361D+00
 -2.096D-05  3.624D+00
 -9.453D-06  3.285D+00
 -2.606D-05  3.796D+00
 -1.287D-05  3.234D+00
 -2.999D-05  4.057D+00
 -1.680D-05  3.196D+00
 -3.149D-05  4.470D+00
 -2.126D-05  3.165D+00
 -3.382D-05  4.704D+00
 -2.627D-05  3.137D+00
 -3.813D-05  4.675D+00
 -3.186D-05  3.110D+00
 -4.555D-05  4.394D+00
 -3.805D-05  3.083D+00
 -5.488D-05  3.957D+00
 -4.490D-05  3.056D+00
 -7.634D-05  3.081D+00
 -5.244D-05  3.027D+00
 -1.139D-04  1.975D+00
 -6.075D-05  2.996D+00
 -1.892D-04  5.696D-01
 -6.992D-05  2.961D+00
 -3.524D-04 -9.992D-01
 -8.007D-05  2.921D+00
 -7.130D-04 -2.326D+00
 -9.142D-05  2.875D+00
 -1.329D-03 -1.814D+00
 -1.043D-04  2.820D+00
 -2.950D-03 -1.159D+00
 -1.195D-04  2.748D+00
 -6.808D-07 -1.254D+00
 -6.557D-07 -1.248D+00
 -1.255D-06  3.816D+00
 -3.718D-07  4.683D+00
 -4.595D-06  3.205D+00
 -1.654D-06  3.587D+00
 -9.218D-06  3.113D+00
 -3.579D-06  3.222D+00
 -1.492D-05  3.118D+00
 -6.020D-06  3.082D+00
 -2.142D-05  3.171D+00
 -8.989D-06  3.009D+00
 -2.829D-05  3.260D+00
 -1.249D-05  2.963D+00
 -3.499D-05  3.392D+00
 -1.655D-05  2.930D+00
 -4.076D-05  3.579D+00
 -2.117D-05  2.904D+00
 -4.453D-05  3.852D+00
 -2.636D-05  2.882D+00
 -4.467D-05  4.280D+00
 -3.215D-05  2.862D+00
 -4.349D-05  4.698D+00
 -3.856D-05  2.842D+00
 -4.749D-05  4.656D+00
 -4.562D-05  2.822D+00
 -5.677D-05  4.271D+00
 -5.337D-05  2.800D+00
 -7.150D-05  3.633D+00
 -6.184D-05  2.778D+00
 -9.949D-05  2.629D+00
 -7.111D-05  2.753D+00
 -1.601D-04  1.205D+00
 -8.124D-05  2.726D+00
 -2.982D-04 -4.799D-01
 -9.237D-05  2.695D+00
 -6.163D-04 -1.978D+00
 -1.047D-04  2.658D+00
 -1.231D-03 -1.938D+00
 -1.185D-04  2.614D+00
 -2.779D-03 -1.249D+00
 -1.344D-04  2.557D+00
 -8.747D-07  7.785D-01
 -3.334D-07  4.654D+00
 -2.113D-07  3.149D+00
 -3.138D-06  3.040D+00
 -1.095D-06  3.567D+00
 -7.519D-06  2.871D+00
 -2.900D-06  3.036D+00
 -1.327D-05  2.844D+00
 -5.259D-06  2.874D+00
 -2.019D-05  2.865D+00
 -8.181D-06  2.797D+00
 -2.799D-05  2.915D+00
 -1.167D-05  2.753D+00
 -3.626D-05  2.991D+00
 -1.575D-05  2.723D+00
 -4.448D-05  3.096D+00
 -2.041D-05  2.700D+00
 -5.195D-05  3.242D+00
 -2.568D-05  2.681D+00
 -5.769D-05  3.444D+00
 -3.156D-05  2.664D+00
 -6.031D-05  3.741D+00
 -3.808D-05  2.648D+00
 -5.765D-05  4.215D+00
 -4.525D-05  2.633D+00
 -5.391D-05  4.657D+00
 -5.310D-05  2.617D+00
 -5.545D-05  4.681D+00
 -6.167D-05  2.600D+00
 -6.877D-05  4.081D+00
 -7.098D-05  2.581D+00
 -9.259D-05  3.165D+00
 -8.110D-05  2.561D+00
 -1.409D-04  1.852D+00
 -9.210D-05  2.539D+00
 -2.544D-04  8.612D-02
 -1.041D-04  2.513D+00
 -5.364D-04 -1.752D+00
 -1.172D-04  2.483D+00
 -1.137D-03 -2.080D+00
 -1.318D-04  2.447D+00
 -2.611D-03 -1.330D+00
 -1.485D-04  2.399D+00
 -5.281D-07 -1.499D+00
 -5.088D-07 -1.493D+00
 -1.712D-06  3.049D+00
 -5.270D-07  3.984D+00
 -5.597D-06  2.703D+00
 -2.155D-06  2.929D+00
 -1.107D-05  2.643D+00
 -4.363D-06  2.717D+00
 -1.798D-05  2.642D+00
 -7.164D-06  2.631D+00
 -2.611D-05  2.668D+00
 -1.056D-05  2.584D+00
 -3.518D-05  2.714D+00
 -1.457D-05  2.555D+00
 -4.482D-05  2.779D+00
 -1.919D-05  2.534D+00
 -5.450D-05  2.867D+00
 -2.444D-05  2.517D+00
 -6.358D-05  2.985D+00
 -3.032D-05  2.503D+00
 -7.112D-05  3.145D+00
 -3.684D-05  2.489D+00
 -7.589D-05  3.369D+00
 -4.403D-05  2.476D+00
 -7.603D-05  3.704D+00
 -5.190D-05  2.464D+00
 -6.848D-05  4.269D+00
 -6.048D-05  2.450D+00
 -6.447D-05  4.595D+00
 -6.978D-05  2.436D+00
 -6.866D-05  4.428D+00
 -7.985D-05  2.420D+00
 -8.497D-05  3.712D+00
 -9.074D-05  2.403D+00
 -1.236D-04  2.475D+00
 -1.025D-04  2.384D+00
 -2.174D-04  7.392D-01
 -1.153D-04  2.363D+00
 -4.614D-04 -1.314D+00
 -1.291D-04  2.338D+00
 -1.047D-03 -2.248D+00
 -1.444D-04  2.307D+00
 -2.450D-03 -1.418D+00
 -1.616D-04  2.267D+00
 -7.773D-07  7.755D-01
 -4.911D-07  3.796D+00
 -1.670D-07  4.261D+00
 -3.706D-06  2.605D+00
 -1.417D-06  2.922D+00
 -8.648D-06  2.492D+00
 -3.419D-06  2.604D+00
 -1.523D-05  2.471D+00
 -6.039D-06  2.498D+00
 -2.329D-05  2.480D+00
 -9.281D-06  2.446D+00
 -3.263D-05  2.508D+00
 -1.315D-05  2.416D+00
 -4.296D-05  2.550D+00
 -1.766D-05  2.395D+00
 -5.391D-05  2.607D+00
 -2.280D-05  2.380D+00
 -6.500D-05  2.682D+00
 -2.860D-05  2.367D+00
 -7.560D-05  2.780D+00
 -3.505D-05  2.355D+00
 -8.484D-05  2.911D+00
 -4.218D-05  2.344D+00
 -9.155D-05  3.090D+00
 -4.999D-05  2.334D+00
 -9.406D-05  3.346D+00
 -5.850D-05  2.323D+00
 -8.983D-05  3.744D+00
 -6.773D-05  2.311D+00
 -7.421D-05  4.479D+00
 -7.771D-05  2.299D+00
 -7.293D-05  4.566D+00
 -8.846D-05  2.286D+00
 -8.350D-05  4.078D+00
 -1.000D-04  2.271D+00
 -1.127D-04  3.007D+00
 -1.125D-04  2.254D+00
 -1.835D-04  1.313D+00
 -1.259D-04  2.236D+00
 -3.929D-04 -7.844D-01
 -1.404D-04  2.214D+00
 -9.658D-04 -2.445D+00
 -1.563D-04  2.187D+00
 -2.295D-03 -1.513D+00
 -1.740D-04  2.153D+00
 -4.056D-07 -1.728D+00
 -3.909D-07 -1.721D+00
 -2.021D-06  2.613D+00
 -7.378D-07  3.146D+00
 -6.261D-06  2.381D+00
 -2.494D-06  2.536D+00
 -1.228D-05  2.337D+00
 -4.884D-06  2.393D+00
 -1.997D-05  2.333D+00
 -7.917D-06  2.332D+00
 -2.918D-05  2.347D+00
 -1.159D-05  2.299D+00
 -3.969D-05  2.374D+00
 -1.592D-05  2.278D+00
 -5.124D-05  2.412D+00
 -2.091D-05  2.263D+00
 -6.347D-05  2.462D+00
 -2.655D-05  2.251D+00
 -7.591D-05  2.528D+00
 -3.287D-05  2.241D+00
 -8.795D-05  2.612D+00
 -3.986D-05  2.231D+00
 -9.878D-05  2.722D+00
 -4.754D-05  2.222D+00
 -1.073D-04  2.869D+00
 -5.592D-05  2.213D+00
 -1.119D-04  3.074D+00
 -6.502D-05  2.203D+00
 -1.104D-04  3.378D+00
 -7.485D-05  2.193D+00
 -9.910D-05  3.883D+00
 -8.543D-05  2.182D+00
 -7.969D-05  4.601D+00
 -9.679D-05  2.170D+00
 -8.177D-05  4.435D+00
 -1.090D-04  2.157D+00
 -1.046D-04  3.509D+00
 -1.220D-04  2.143D+00
 -1.642D-04  1.937D+00
 -1.360D-04  2.126D+00
 -3.342D-04 -3.543D-01
 -1.511D-04  2.107D+00
 -8.647D-04 -2.371D+00
 -1.675D-04  2.084D+00
 -2.145D-03 -1.588D+00
 -1.857D-04  2.054D+00
 -6.941D-07  7.724D-01
 -6.600D-07  3.054D+00
 -1.671D-07  4.633D+00
 -4.079D-06  2.314D+00
 -1.636D-06  2.534D+00
 -9.374D-06  2.231D+00
 -3.761D-06  2.315D+00
 -1.647D-05  2.214D+00
 -6.542D-06  2.238D+00
 -2.527D-05  2.218D+00
 -9.983D-06  2.200D+00
 -3.560D-05  2.234D+00
 -1.409D-05  2.178D+00
 -4.726D-05  2.260D+00
 -1.886D-05  2.163D+00
 -5.998D-05  2.294D+00
 -2.430D-05  2.151D+00
 -7.343D-05  2.339D+00
 -3.042D-05  2.141D+00
 -8.716D-05  2.396D+00
 -3.722D-05  2.133D+00
 -1.006D-04  2.469D+00
 -4.471D-05  2.124D+00
 -1.129D-04  2.563D+00
 -5.291D-05  2.116D+00
 -1.231D-04  2.687D+00
 -6.181D-05  2.108D+00
 -1.297D-04  2.857D+00
 -7.144D-05  2.099D+00
 -1.306D-04  3.100D+00
 -8.181D-05  2.090D+00
 -1.226D-04  3.481D+00
 -9.293D-05  2.081D+00
 -9.974D-05  4.190D+00
 -1.048D-04  2.070D+00
 -8.775D-05  4.513D+00
 -1.176D-04  2.058D+00
 -9.832D-05  3.946D+00
 -1.312D-04  2.045D+00
 -1.438D-04  2.507D+00
 -1.457D-04  2.030D+00
 -2.884D-04  2.577D-01
 -1.613D-04  2.013D+00
 -7.532D-04 -2.062D+00
 -1.781D-04  1.992D+00
 -2.001D-03 -1.667D+00
 -1.966D-04  1.966D+00
 -3.095D-07 -1.994D+00
 -2.984D-07 -1.986D+00
 -2.225D-06  2.322D+00
 -8.810D-07  2.681D+00
 -6.677D-06  2.151D+00
 -2.715D-06  2.267D+00
 -1.303D-05  2.116D+00
 -5.214D-06  2.161D+00
 -2.120D-05  2.112D+00
 -8.382D-06  2.116D+00
 -3.107D-05  2.120D+00
 -1.222D-05  2.091D+00
 -4.249D-05  2.137D+00
 -1.674D-05  2.075D+00
 -5.526D-05  2.160D+00
 -2.193D-05  2.063D+00
 -6.912D-05  2.192D+00
 -2.781D-05  2.054D+00
 -8.374D-05  2.232D+00
 -3.437D-05  2.046D+00
 -9.868D-05  2.283D+00
 -4.163D-05  2.038D+00
 -1.134D-04  2.346D+00
 -4.959D-05  2.031D+00
 -1.271D-04  2.428D+00
 -5.826D-05  2.024D+00
 -1.389D-04  2.535D+00
 -6.764D-05  2.016D+00
 -1.473D-04  2.678D+00
 -7.775D-05  2.008D+00
 -1.504D-04  2.878D+00
 -8.860D-05  2.000D+00
 -1.453D-04  3.181D+00
 -1.002D-04  1.991D+00
 -1.269D-04  3.697D+00
 -1.126D-04  1.981D+00
 -9.439D-05  4.560D+00
 -1.258D-04  1.971D+00
 -9.827D-05  4.234D+00
 -1.399D-04  1.959D+00
 -1.329D-04  2.987D+00
 -1.548D-04  1.945D+00
 -2.477D-04  8.239D-01
 -1.708D-04  1.929D+00
 -6.607D-04 -1.849D+00
 -1.880D-04  1.911D+00
 -1.864D-03 -1.752D+00
 -2.068D-04  1.887D+00
 -6.224D-07  7.692D-01
 -7.754D-07  2.624D+00
 -2.525D-07  3.634D+00
 -4.309D-06  2.102D+00
 -1.779D-06  2.266D+00
 -9.802D-06  2.037D+00
 -3.972D-06  2.103D+00
 -1.720D-05  2.023D+00
 -6.841D-06  2.044D+00
 -2.642D-05  2.024D+00
 -1.039D-05  2.015D+00
 -3.735D-05  2.034D+00
 -1.462D-05  1.998D+00
 -4.983D-05  2.051D+00
 -1.953D-05  1.986D+00
 -6.366D-05  2.073D+00
 -2.513D-05  1.976D+00
 -7.860D-05  2.102D+00
 -3.142D-05  1.969D+00
 -9.433D-05  2.138D+00
 -3.840D-05  1.962D+00
 -1.104D-04  2.183D+00
 -4.608D-05  1.955D+00
 -1.264D-04  2.239D+00
 -5.447D-05  1.948D+00
 -1.414D-04  2.311D+00
 -6.357D-05  1.942D+00
 -1.547D-04  2.403D+00
 -7.339D-05  1.935D+00
 -1.648D-04  2.526D+00
 -8.393D-05  1.928D+00
 -1.699D-04  2.696D+00
 -9.522D-05  1.920D+00
 -1.673D-04  2.944D+00
 -1.073D-04  1.912D+00
 -1.525D-04  3.346D+00
 -1.201D-04  1.902D+00
 -1.171D-04  4.147D+00
 -1.337D-04  1.892D+00
 -9.741D-05  4.503D+00
 -1.481D-04  1.881D+00
 -1.225D-04  3.464D+00
 -1.635D-04  1.869D+00
 -2.131D-04  1.361D+00
 -1.798D-04  1.854D+00
 -5.754D-04 -1.559D+00
 -1.973D-04  1.837D+00
 -1.732D-03 -1.841D+00
 -2.163D-04  1.816D+00
 -2.351D-07 -2.361D+00
 -2.267D-07 -2.349D+00
 -2.351D-06  2.108D+00
 -9.776D-07  2.372D+00
 -6.910D-06  1.976D+00
 -2.849D-06  2.067D+00
 -1.343D-05  1.948D+00
 -5.400D-06  1.985D+00
 -2.186D-05  1.943D+00
 -8.632D-06  1.949D+00
 -3.210D-05  1.947D+00
 -1.255D-05  1.930D+00
 -4.405D-05  1.958D+00
 -1.715D-05  1.917D+00
 -5.754D-05  1.974D+00
 -2.244D-05  1.907D+00
 -7.239D-05  1.995D+00
 -2.842D-05  1.900D+00
 -8.837D-05  2.021D+00
 -3.510D-05  1.893D+00
 -1.051D-04  2.053D+00
 -4.247D-05  1.887D+00
 -1.223D-04  2.094D+00
 -5.055D-05  1.881D+00
 -1.394D-04  2.144D+00
 -5.933D-05  1.875D+00
 -1.557D-04  2.208D+00
 -6.882D-05  1.868D+00
 -1.703D-04  2.289D+00
 -7.903D-05  1.862D+00
 -1.820D-04  2.396D+00
 -8.997D-05  1.855D+00
 -1.890D-04  2.541D+00
 -1.016D-04  1.848D+00
 -1.887D-04  2.750D+00
 -1.141D-04  1.840D+00
 -1.770D-04  3.076D+00
 -1.272D-04  1.831D+00
 -1.469D-04  3.670D+00
 -1.412D-04  1.822D+00
 -1.079D-04  4.454D+00
 -1.560D-04  1.811D+00
 -1.151D-04  3.871D+00
 -1.717D-04  1.800D+00
 -1.902D-04  1.926D+00
 -1.883D-04  1.786D+00
 -4.951D-04 -1.055D+00
 -2.060D-04  1.770D+00
 -1.610D-03 -1.926D+00
 -2.252D-04  1.751D+00
 -5.604D-07  7.658D-01
 -8.529D-07  2.333D+00
 -3.256D-07  2.983D+00
 -4.432D-06  1.938D+00
 -1.867D-06  2.066D+00
 -1.001D-05  1.886D+00
 -4.085D-06  1.939D+00
 -1.754D-05  1.873D+00
 -6.987D-06  1.893D+00
 -2.697D-05  1.873D+00
 -1.057D-05  1.869D+00
 -3.820D-05  1.879D+00
 -1.485D-05  1.855D+00
 -5.112D-05  1.890D+00
 -1.981D-05  1.845D+00
 -6.559D-05  1.905D+00
 -2.546D-05  1.837D+00
 -8.141D-05  1.924D+00
 -3.180D-05  1.831D+00
 -9.836D-05  1.948D+00
 -3.884D-05  1.825D+00
 -1.161D-04  1.978D+00
 -4.658D-05  1.819D+00
 -1.343D-04  2.014D+00
 -5.501D-05  1.814D+00
 -1.525D-04  2.059D+00
 -6.416D-05  1.808D+00
 -1.699D-04  2.116D+00
 -7.401D-05  1.802D+00
 -1.858D-04  2.188D+00
 -8.457D-05  1.796D+00
 -1.989D-04  2.282D+00
 -9.586D-05  1.789D+00
 -2.076D-04  2.409D+00
 -1.079D-04  1.782D+00
 -2.095D-04  2.587D+00
 -1.206D-04  1.775D+00
 -2.006D-04  2.859D+00
 -1.341D-04  1.767D+00
 -1.747D-04  3.326D+00
 -1.484D-04  1.758D+00
 -1.176D-04  4.412D+00
 -1.635D-04  1.748D+00
 -1.146D-04  4.138D+00
 -1.794D-04  1.737D+00
 -1.668D-04  2.449D+00
 -1.963D-04  1.724D+00
 -4.269D-04 -6.442D-01
 -2.142D-04  1.709D+00
 -1.492D-03 -2.019D+00
 -2.335D-04  1.691D+00
 -1.620D-07 -1.825D+00
 -1.566D-07 -1.838D+00
 -2.420D-06  1.943D+00
 -1.039D-06  2.147D+00
 -7.006D-06  1.837D+00
 -2.918D-06  1.910D+00
 -1.358D-05  1.813D+00
 -5.479D-06  1.845D+00
 -2.210D-05  1.808D+00
 -8.723D-06  1.816D+00
 -3.250D-05  1.810D+00
 -1.265D-05  1.799D+00
 -4.468D-05  1.817D+00
 -1.727D-05  1.789D+00
 -5.854D-05  1.828D+00
 -2.257D-05  1.781D+00
 -7.393D-05  1.842D+00
 -2.856D-05  1.774D+00
 -9.067D-05  1.860D+00
 -3.525D-05  1.768D+00
 -1.085D-04  1.882D+00
 -4.262D-05  1.763D+00
 -1.272D-04  1.909D+00
 -5.069D-05  1.758D+00
 -1.464D-04  1.942D+00
 -5.946D-05  1.753D+00
 -1.655D-04  1.982D+00
 -6.893D-05  1.747D+00
 -1.841D-04  2.033D+00
 -7.910D-05  1.742D+00
 -2.011D-04  2.098D+00
 -8.998D-05  1.736D+00
 -2.156D-04  2.181D+00
 -1.016D-04  1.729D+00
 -2.259D-04  2.292D+00
 -1.139D-04  1.723D+00
 -2.297D-04  2.447D+00
 -1.269D-04  1.715D+00
 -2.234D-04  2.678D+00
 -1.407D-04  1.707D+00
 -2.011D-04  3.060D+00
 -1.552D-04  1.699D+00
 -1.513D-04  3.848D+00
 -1.706D-04  1.689D+00
 -1.105D-04  4.450D+00
 -1.867D-04  1.679D+00
 -1.547D-04  2.887D+00
 -2.038D-04  1.667D+00
 -3.679D-04 -2.119D-01
 -2.218D-04  1.653D+00
 -1.381D-03 -2.122D+00
 -2.412D-04  1.636D+00
 -5.064D-07  7.622D-01
 -9.021D-07  2.118D+00
 -3.763D-07  2.584D+00
 -4.475D-06  1.806D+00
 -1.912D-06  1.910D+00
 -1.005D-05  1.763D+00
 -4.125D-06  1.807D+00
 -1.760D-05  1.751D+00
 -7.019D-06  1.769D+00
 -2.707D-05  1.750D+00
 -1.059D-05  1.750D+00
 -3.840D-05  1.754D+00
 -1.485D-05  1.738D+00
 -5.149D-05  1.761D+00
 -1.979D-05  1.729D+00
 -6.624D-05  1.771D+00
 -2.542D-05  1.723D+00
 -8.250D-05  1.785D+00
 -3.174D-05  1.717D+00
 -1.001D-04  1.801D+00
 -3.874D-05  1.712D+00
 -1.188D-04  1.821D+00
 -4.642D-05  1.707D+00
 -1.384D-04  1.846D+00
 -5.480D-05  1.702D+00
 -1.585D-04  1.876D+00
 -6.388D-05  1.697D+00
 -1.785D-04  1.913D+00
 -7.364D-05  1.692D+00
 -1.981D-04  1.958D+00
 -8.410D-05  1.686D+00
 -2.162D-04  2.016D+00
 -9.526D-05  1.680D+00
 -2.319D-04  2.091D+00
 -1.071D-04  1.674D+00
 -2.437D-04  2.189D+00
 -1.197D-04  1.668D+00
 -2.493D-04  2.325D+00
 -1.330D-04  1.660D+00
 -2.453D-04  2.525D+00
 -1.470D-04  1.653D+00
 -2.263D-04  2.845D+00
 -1.617D-04  1.644D+00
 -1.821D-04  3.459D+00
 -1.773D-04  1.635D+00
 -1.226D-04  4.374D+00
 -1.936D-04  1.625D+00
 -1.428D-04  3.325D+00
 -2.108D-04  1.614D+00
 -3.205D-04  3.368D-01
 -2.289D-04  1.600D+00
 -1.277D-03 -2.236D+00
 -2.483D-04  1.584D+00
 -1.091D-07 -1.047D+00
 -1.055D-07 -1.073D+00
 -2.446D-06  1.810D+00
 -1.075D-06  1.974D+00
 -7.000D-06  1.722D+00
 -2.938D-06  1.783D+00
 -1.354D-05  1.702D+00
 -5.478D-06  1.729D+00
 -2.203D-05  1.697D+00
 -8.694D-06  1.705D+00
 -3.242D-05  1.698D+00
 -1.259D-05  1.691D+00
 -4.463D-05  1.702D+00
 -1.716D-05  1.682D+00
 -5.859D-05  1.710D+00
 -2.241D-05  1.675D+00
 -7.419D-05  1.719D+00
 -2.835D-05  1.669D+00
 -9.128D-05  1.732D+00
 -3.496D-05  1.664D+00
 -1.097D-04  1.747D+00
 -4.226D-05  1.660D+00
 -1.292D-04  1.765D+00
 -5.023D-05  1.655D+00
 -1.496D-04  1.788D+00
 -5.890D-05  1.650D+00
 -1.705D-04  1.815D+00
 -6.824D-05  1.645D+00
 -1.914D-04  1.848D+00
 -7.827D-05  1.640D+00
 -2.119D-04  1.890D+00
 -8.899D-05  1.635D+00
 -2.310D-04  1.942D+00
 -1.004D-04  1.629D+00
 -2.479D-04  2.009D+00
 -1.125D-04  1.623D+00
 -2.610D-04  2.097D+00
 -1.253D-04  1.617D+00
 -2.682D-04  2.218D+00
 -1.388D-04  1.610D+00
 -2.664D-04  2.392D+00
 -1.530D-04  1.602D+00
 -2.504D-04  2.665D+00
 -1.679D-04  1.594D+00
 -2.108D-04  3.164D+00
 -1.836D-04  1.585D+00
 -1.259D-04  4.484D+00
 -2.000D-04  1.575D+00
 -1.314D-04  3.743D+00
 -2.173D-04  1.564D+00
 -2.775D-04  8.211D-01
 -2.355D-04  1.552D+00
 -1.182D-03 -2.364D+00
 -2.549D-04  1.536D+00
 -4.592D-07  7.584D-01
 -9.299D-07  1.950D+00
 -4.107D-07  2.306D+00
 -4.459D-06  1.696D+00
 -1.926D-06  1.782D+00
 -9.971D-06  1.660D+00
 -4.110D-06  1.698D+00
 -1.744D-05  1.650D+00
 -6.965D-06  1.665D+00
 -2.684D-05  1.648D+00
 -1.049D-05  1.649D+00
 -3.810D-05  1.650D+00
 -1.469D-05  1.639D+00
 -5.117D-05  1.655D+00
 -1.957D-05  1.631D+00
 -6.595D-05  1.662D+00
 -2.511D-05  1.626D+00
 -8.234D-05  1.671D+00
 -3.133D-05  1.621D+00
 -1.002D-04  1.682D+00
 -3.823D-05  1.616D+00
 -1.194D-04  1.696D+00
 -4.579D-05  1.611D+00
 -1.397D-04  1.713D+00
 -5.404D-05  1.607D+00
 -1.608D-04  1.734D+00
 -6.295D-05  1.602D+00
 -1.824D-04  1.759D+00
 -7.255D-05  1.597D+00
 -2.042D-04  1.789D+00
 -8.282D-05  1.592D+00
 -2.254D-04  1.827D+00
 -9.376D-05  1.587D+00
 -2.455D-04  1.874D+00
 -1.054D-04  1.581D+00
 -2.634D-04  1.934D+00
 -1.177D-04  1.575D+00
 -2.778D-04  2.014D+00
 -1.307D-04  1.569D+00
 -2.866D-04  2.121D+00
 -1.443D-04  1.562D+00
 -2.868D-04  2.275D+00
 -1.587D-04  1.555D+00
 -2.734D-04  2.512D+00
 -1.738D-04  1.547D+00
 -2.380D-04  2.928D+00
 -1.895D-04  1.538D+00
 -1.613D-04  3.914D+00
 -2.061D-04  1.528D+00
 -1.316D-04  3.967D+00
 -2.234D-04  1.518D+00
 -2.425D-04  1.305D+00
 -2.416D-04  1.506D+00
 -1.091D-03 -2.512D+00
 -2.610D-04  1.491D+00
 -7.241D-08 -6.359D-02
 -6.999D-08 -9.556D-02
 -2.439D-06  1.699D+00
 -1.091D-06  1.835D+00
 -6.919D-06  1.625D+00
 -2.922D-06  1.677D+00
 -1.336D-05  1.608D+00
 -5.417D-06  1.632D+00
 -2.173D-05  1.603D+00
 -8.578D-06  1.611D+00
 -3.200D-05  1.603D+00
 -1.240D-05  1.599D+00
 -4.410D-05  1.606D+00
 -1.689D-05  1.591D+00
 -5.797D-05  1.611D+00
 -2.205D-05  1.585D+00
 -7.352D-05  1.617D+00
 -2.787D-05  1.580D+00
 -9.066D-05  1.626D+00
 -3.436D-05  1.575D+00
 -1.092D-04  1.636D+00
 -4.152D-05  1.571D+00
 -1.291D-04  1.649D+00
 -4.934D-05  1.567D+00
 -1.501D-04  1.665D+00
 -5.782D-05  1.562D+00
 -1.719D-04  1.684D+00
 -6.697D-05  1.558D+00
 -1.942D-04  1.706D+00
 -7.678D-05  1.553D+00
 -2.167D-04  1.734D+00
 -8.726D-05  1.548D+00
 -2.388D-04  1.769D+00
 -9.840D-05  1.543D+00
 -2.597D-04  1.811D+00
 -1.102D-04  1.537D+00
 -2.786D-04  1.866D+00
 -1.227D-04  1.531D+00
 -2.941D-04  1.938D+00
 -1.358D-04  1.525D+00
 -3.043D-04  2.034D+00
 -1.496D-04  1.518D+00
 -3.063D-04  2.171D+00
 -1.641D-04  1.510D+00
 -2.954D-04  2.379D+00
 -1.793D-04  1.503D+00
 -2.636D-04  2.734D+00
 -1.951D-04  1.494D+00
 -1.941D-04  3.506D+00
 -2.117D-04  1.485D+00
 -1.246D-04  4.305D+00
 -2.291D-04  1.474D+00
 -2.177D-04  1.798D+00
 -2.473D-04  1.462D+00
 -9.833D-04 -2.435D+00
 -2.665D-04  1.448D+00
 -4.178D-07  7.545D-01
 -9.414D-07  1.815D+00
 -4.328D-07  2.098D+00
 -4.398D-06  1.603D+00
 -1.916D-06  1.676D+00
 -9.802D-06  1.572D+00
 -4.054D-06  1.604D+00
 -1.714D-05  1.563D+00
 -6.850D-06  1.577D+00
 -2.637D-05  1.560D+00
 -1.030D-05  1.563D+00
 -3.746D-05  1.561D+00
 -1.441D-05  1.554D+00
 -5.035D-05  1.564D+00
 -1.918D-05  1.547D+00
 -6.499D-05  1.569D+00
 -2.460D-05  1.542D+00
 -8.127D-05  1.576D+00
 -3.069D-05  1.537D+00
 -9.911D-05  1.584D+00
 -3.742D-05  1.533D+00
 -1.184D-04  1.593D+00
 -4.482D-05  1.529D+00
 -1.389D-04  1.605D+00
 -5.287D-05  1.525D+00
 -1.605D-04  1.619D+00
 -6.157D-05  1.520D+00
 -1.829D-04  1.637D+00
 -7.093D-05  1.516D+00
 -2.059D-04  1.657D+00
 -8.094D-05  1.511D+00
 -2.290D-04  1.683D+00
 -9.160D-05  1.506D+00
 -2.518D-04  1.714D+00
 -1.029D-04  1.501D+00
 -2.735D-04  1.753D+00
 -1.149D-04  1.495D+00
 -2.933D-04  1.803D+00
 -1.275D-04  1.489D+00
 -3.098D-04  1.868D+00
 -1.407D-04  1.483D+00
 -3.213D-04  1.955D+00
 -1.547D-04  1.476D+00
 -3.250D-04  2.078D+00
 -1.692D-04  1.469D+00
 -3.164D-04  2.262D+00
 -1.845D-04  1.461D+00
 -2.880D-04  2.569D+00
 -2.004D-04  1.452D+00
 -2.244D-04  3.200D+00
 -2.170D-04  1.443D+00
 -1.344D-04  4.278D+00
 -2.343D-04  1.433D+00
 -1.925D-04  2.264D+00
 -2.525D-04  1.421D+00
 -8.734D-04 -2.185D+00
 -2.716D-04  1.408D+00
 -4.911D-08  1.106D+00
 -4.753D-08  1.081D+00
 -2.408D-06  1.605D+00
 -1.092D-06  1.719D+00
 -6.783D-06  1.542D+00
 -2.879D-06  1.586D+00
 -1.308D-05  1.526D+00
 -5.314D-06  1.547D+00
 -2.127D-05  1.522D+00
 -8.397D-06  1.529D+00
 -3.132D-05  1.521D+00
 -1.213D-05  1.519D+00
 -4.320D-05  1.523D+00
 -1.651D-05  1.512D+00
 -5.685D-05  1.526D+00
 -2.154D-05  1.507D+00
 -7.219D-05  1.530D+00
 -2.721D-05  1.502D+00
 -8.916D-05  1.536D+00
 -3.354D-05  1.498D+00
 -1.076D-04  1.544D+00
 -4.050D-05  1.494D+00
 -1.275D-04  1.553D+00
 -4.812D-05  1.489D+00
 -1.487D-04  1.564D+00
 -5.638D-05  1.485D+00
 -1.708D-04  1.577D+00
 -6.528D-05  1.481D+00
 -1.939D-04  1.592D+00
 -7.482D-05  1.476D+00
 -2.174D-04  1.612D+00
 -8.500D-05  1.472D+00
 -2.411D-04  1.635D+00
 -9.582D-05  1.467D+00
 -2.645D-04  1.664D+00
 -1.073D-04  1.461D+00
 -2.869D-04  1.699D+00
 -1.194D-04  1.456D+00
 -3.075D-04  1.745D+00
 -1.321D-04  1.450D+00
 -3.250D-04  1.804D+00
 -1.455D-04  1.443D+00
 -3.377D-04  1.883D+00
 -1.594D-04  1.436D+00
 -3.429D-04  1.993D+00
 -1.741D-04  1.429D+00
 -3.365D-04  2.157D+00
 -1.894D-04  1.421D+00
 -3.111D-04  2.426D+00
 -2.053D-04  1.413D+00
 -2.526D-04  2.956D+00
 -2.219D-04  1.404D+00
 -1.407D-04  4.314D+00
 -2.392D-04  1.394D+00
 -1.767D-04  2.669D+00
 -2.573D-04  1.382D+00
 -7.766D-04 -1.991D+00
 -2.763D-04  1.369D+00
 -3.812D-07  7.505D-01
 -9.406D-07  1.702D+00
 -4.454D-07  1.933D+00
 -4.305D-06  1.522D+00
 -1.889D-06  1.585D+00
 -9.568D-06  1.495D+00
 -3.969D-06  1.523D+00
 -1.672D-05  1.487D+00
 -6.689D-06  1.500D+00
 -2.573D-05  1.484D+00
 -1.005D-05  1.487D+00
 -3.656D-05  1.484D+00
 -1.405D-05  1.479D+00
 -4.918D-05  1.486D+00
 -1.868D-05  1.473D+00
 -6.353D-05  1.489D+00
 -2.395D-05  1.469D+00
 -7.955D-05  1.494D+00
 -2.986D-05  1.464D+00
 -9.715D-05  1.499D+00
 -3.641D-05  1.460D+00
 -1.162D-04  1.506D+00
 -4.359D-05  1.456D+00
 -1.367D-04  1.514D+00
 -5.141D-05  1.452D+00
 -1.584D-04  1.524D+00
 -5.985D-05  1.448D+00
 -1.811D-04  1.536D+00
 -6.893D-05  1.444D+00
 -2.046D-04  1.551D+00
 -7.864D-05  1.439D+00
 -2.287D-04  1.568D+00
 -8.897D-05  1.434D+00
 -2.530D-04  1.590D+00
 -9.992D-05  1.429D+00
 -2.769D-04  1.616D+00
 -1.115D-04  1.424D+00
 -2.999D-04  1.649D+00
 -1.237D-04  1.418D+00
 -3.212D-04  1.690D+00
 -1.365D-04  1.412D+00
 -3.396D-04  1.744D+00
 -1.499D-04  1.406D+00
 -3.534D-04  1.816D+00
 -1.640D-04  1.399D+00
 -3.600D-04  1.916D+00
 -1.787D-04  1.392D+00
 -3.556D-04  2.064D+00
 -1.939D-04  1.384D+00
 -3.330D-04  2.302D+00
 -2.098D-04  1.375D+00
 -2.792D-04  2.755D+00
 -2.264D-04  1.366D+00
 -1.596D-04  4.085D+00
 -2.436D-04  1.356D+00
 -1.649D-04  3.049D+00
 -2.616D-04  1.345D+00
 -6.893D-04 -1.839D+00
 -2.805D-04  1.332D+00
 -3.563D-08  2.198D+00
 -3.442D-08  2.174D+00
 -2.359D-06  1.524D+00
 -1.081D-06  1.621D+00
 -6.608D-06  1.469D+00
 -2.816D-06  1.507D+00
 -1.272D-05  1.455D+00
 -5.179D-06  1.473D+00
 -2.069D-05  1.450D+00
 -8.171D-06  1.458D+00
 -3.048D-05  1.449D+00
 -1.179D-05  1.449D+00
 -4.205D-05  1.450D+00
 -1.604D-05  1.442D+00
 -5.537D-05  1.452D+00
 -2.092D-05  1.437D+00
 -7.039D-05  1.455D+00
 -2.642D-05  1.433D+00
 -8.703D-05  1.459D+00
 -3.255D-05  1.429D+00
 -1.052D-04  1.464D+00
 -3.930D-05  1.425D+00
 -1.249D-04  1.470D+00
 -4.668D-05  1.421D+00
 -1.458D-04  1.478D+00
 -5.468D-05  1.417D+00
 -1.680D-04  1.487D+00
 -6.329D-05  1.413D+00
 -1.912D-04  1.498D+00
 -7.252D-05  1.408D+00
 -2.152D-04  1.511D+00
 -8.237D-05  1.404D+00
 -2.398D-04  1.527D+00
 -9.283D-05  1.399D+00
 -2.645D-04  1.547D+00
 -1.039D-04  1.394D+00
 -2.889D-04  1.571D+00
 -1.156D-04  1.388D+00
 -3.125D-04  1.601D+00
 -1.279D-04  1.383D+00
 -3.345D-04  1.639D+00
 -1.407D-04  1.377D+00
 -3.536D-04  1.689D+00
 -1.542D-04  1.370D+00
 -3.684D-04  1.754D+00
 -1.683D-04  1.363D+00
 -3.764D-04  1.845D+00
 -1.830D-04  1.356D+00
 -3.737D-04  1.979D+00
 -1.982D-04  1.348D+00
 -3.538D-04  2.191D+00
 -2.141D-04  1.340D+00
 -3.041D-04  2.584D+00
 -2.306D-04  1.331D+00
 -1.943D-04  3.628D+00
 -2.478D-04  1.321D+00
 -1.488D-04  3.474D+00
 -2.656D-04  1.310D+00
 -6.071D-04 -1.492D+00
 -2.843D-04  1.297D+00
 -3.487D-07  7.463D-01
 -9.305D-07  1.606D+00
 -4.508D-07  1.799D+00
 -4.189D-06  1.451D+00
 -1.848D-06  1.505D+00
 -9.290D-06  1.427D+00
 -3.863D-06  1.452D+00
 -1.622D-05  1.419D+00
 -6.496D-06  1.431D+00
 -2.496D-05  1.417D+00
 -9.748D-06  1.420D+00
 -3.549D-05  1.416D+00
 -1.362D-05  1.413D+00
 -4.776D-05  1.417D+00
 -1.810D-05  1.408D+00
 -6.174D-05  1.419D+00
 -2.321D-05  1.403D+00
 -7.738D-05  1.422D+00
 -2.892D-05  1.399D+00
 -9.460D-05  1.426D+00
 -3.525D-05  1.395D+00
 -1.133D-04  1.431D+00
 -4.220D-05  1.392D+00
 -1.335D-04  1.436D+00
 -4.975D-05  1.388D+00
 -1.549D-04  1.443D+00
 -5.791D-05  1.384D+00
 -1.776D-04  1.452D+00
 -6.668D-05  1.379D+00
 -2.012D-04  1.462D+00
 -7.605D-05  1.375D+00
 -2.256D-04  1.474D+00
 -8.602D-05  1.370D+00
 -2.506D-04  1.488D+00
 -9.659D-05  1.365D+00
 -2.757D-04  1.506D+00
 -1.077D-04  1.360D+00
 -3.006D-04  1.528D+00
 -1.195D-04  1.355D+00
 -3.247D-04  1.556D+00
 -1.318D-04  1.349D+00
 -3.472D-04  1.591D+00
 -1.448D-04  1.343D+00
 -3.671D-04  1.636D+00
 -1.583D-04  1.336D+00
 -3.828D-04  1.697D+00
 -1.723D-04  1.329D+00
 -3.919D-04  1.780D+00
 -1.870D-04  1.322D+00
 -3.909D-04  1.901D+00
 -2.022D-04  1.314D+00
 -3.734D-04  2.091D+00
 -2.180D-04  1.305D+00
 -3.276D-04  2.437D+00
 -2.345D-04  1.296D+00
 -2.257D-04  3.292D+00
 -2.515D-04  1.286D+00
 -1.470D-04  3.694D+00
 -2.692D-04  1.276D+00
 -5.349D-04 -1.117D+00
 -2.877D-04  1.263D+00
 -2.756D-08  3.137D+00
 -2.657D-08  3.117D+00
 -2.298D-06  1.452D+00
 -1.062D-06  1.536D+00
 -6.406D-06  1.404D+00
 -2.738D-06  1.437D+00
 -1.232D-05  1.391D+00
 -5.022D-06  1.408D+00
 -2.003D-05  1.387D+00
 -7.913D-06  1.394D+00
 -2.951D-05  1.385D+00
 -1.141D-05  1.386D+00
 -4.073D-05  1.386D+00
 -1.552D-05  1.380D+00
 -5.366D-05  1.387D+00
 -2.022D-05  1.375D+00
 -6.826D-05  1.389D+00
 -2.554D-05  1.371D+00
 -8.447D-05  1.391D+00
 -3.146D-05  1.367D+00
 -1.022D-04  1.395D+00
 -3.797D-05  1.364D+00
 -1.215D-04  1.399D+00
 -4.509D-05  1.360D+00
 -1.421D-04  1.404D+00
 -5.280D-05  1.356D+00
 -1.640D-04  1.410D+00
 -6.111D-05  1.352D+00
 -1.870D-04  1.418D+00
 -7.001D-05  1.347D+00
 -2.110D-04  1.427D+00
 -7.950D-05  1.343D+00
 -2.358D-04  1.438D+00
 -8.957D-05  1.338D+00
 -2.611D-04  1.451D+00
 -1.002D-04  1.333D+00
 -2.866D-04  1.468D+00
 -1.115D-04  1.328D+00
 -3.119D-04  1.488D+00
 -1.233D-04  1.322D+00
 -3.365D-04  1.513D+00
 -1.356D-04  1.316D+00
 -3.595D-04  1.546D+00
 -1.486D-04  1.310D+00
 -3.800D-04  1.587D+00
 -1.621D-04  1.303D+00
 -3.964D-04  1.643D+00
 -1.762D-04  1.296D+00
 -4.067D-04  1.719D+00
 -1.908D-04  1.289D+00
 -4.072D-04  1.829D+00
 -2.060D-04  1.281D+00
 -3.920D-04  2.002D+00
 -2.217D-04  1.272D+00
 -3.497D-04  2.308D+00
 -2.380D-04  1.263D+00
 -2.547D-04  3.028D+00
 -2.549D-04  1.254D+00
 -1.427D-04  3.942D+00
 -2.725D-04  1.243D+00
 -4.693D-04 -7.839D-01
 -2.908D-04  1.231D+00
 -3.199D-07  7.419D-01
 -9.136D-07  1.522D+00
 -4.507D-07  1.686D+00
 -4.058D-06  1.387D+00
 -1.799D-06  1.435D+00
 -8.980D-06  1.366D+00
 -3.742D-06  1.388D+00
 -1.567D-05  1.359D+00
 -6.282D-06  1.370D+00
 -2.412D-05  1.356D+00
 -9.418D-06  1.360D+00
 -3.430D-05  1.356D+00
 -1.315D-05  1.354D+00
 -4.618D-05  1.356D+00
 -1.747D-05  1.349D+00
 -5.972D-05  1.357D+00
 -2.239D-05  1.344D+00
 -7.489D-05  1.359D+00
 -2.790D-05  1.341D+00
 -9.164D-05  1.361D+00
 -3.400D-05  1.337D+00
 -1.099D-04  1.364D+00
 -4.069D-05  1.333D+00
 -1.296D-04  1.368D+00
 -4.797D-05  1.329D+00
 -1.506D-04  1.373D+00
 -5.582D-05  1.325D+00
 -1.729D-04  1.378D+00
 -6.426D-05  1.321D+00
 -1.963D-04  1.385D+00
 -7.328D-05  1.317D+00
 -2.207D-04  1.393D+00
 -8.287D-05  1.312D+00
 -2.458D-04  1.404D+00
 -9.302D-05  1.307D+00
 -2.714D-04  1.416D+00
 -1.037D-04  1.302D+00
 -2.972D-04  1.431D+00
 -1.150D-04  1.297D+00
 -3.228D-04  1.450D+00
 -1.269D-04  1.291D+00
 -3.477D-04  1.473D+00
 -1.393D-04  1.285D+00
 -3.712D-04  1.503D+00
 -1.522D-04  1.279D+00
 -3.922D-04  1.541D+00
 -1.657D-04  1.272D+00
 -4.095D-04  1.592D+00
 -1.797D-04  1.265D+00
 -4.207D-04  1.662D+00
 -1.943D-04  1.257D+00
 -4.226D-04  1.763D+00
 -2.094D-04  1.249D+00
 -4.095D-04  1.919D+00
 -2.250D-04  1.241D+00
 -3.706D-04  2.194D+00
 -2.412D-04  1.232D+00
 -2.816D-04  2.812D+00
 -2.580D-04  1.222D+00
 -1.370D-04  4.196D+00
 -2.754D-04  1.211D+00
 -4.100D-04 -4.688D-01
 -2.934D-04  1.199D+00
 -2.309D-08  3.862D+00
 -2.219D-08  3.850D+00
 -2.227D-06  1.387D+00
 -1.037D-06  1.461D+00
 -6.185D-06  1.345D+00
 -2.651D-06  1.375D+00
 -1.189D-05  1.334D+00
 -4.850D-06  1.349D+00
 -1.932D-05  1.330D+00
 -7.634D-06  1.336D+00
 -2.846D-05  1.328D+00
 -1.100D-05  1.329D+00
 -3.930D-05  1.328D+00
 -1.495D-05  1.323D+00
 -5.179D-05  1.328D+00
 -1.949D-05  1.319D+00
 -6.591D-05  1.329D+00
 -2.460D-05  1.315D+00
 -8.162D-05  1.331D+00
 -3.029D-05  1.312D+00
 -9.885D-05  1.333D+00
 -3.656D-05  1.308D+00
 -1.176D-04  1.335D+00
 -4.341D-05  1.304D+00
 -1.377D-04  1.339D+00
 -5.082D-05  1.300D+00
 -1.591D-04  1.343D+00
 -5.881D-05  1.296D+00
 -1.817D-04  1.348D+00
 -6.736D-05  1.292D+00
 -2.054D-04  1.354D+00
 -7.647D-05  1.288D+00
 -2.301D-04  1.362D+00
 -8.615D-05  1.283D+00
 -2.555D-04  1.371D+00
 -9.637D-05  1.278D+00
 -2.813D-04  1.382D+00
 -1.072D-04  1.273D+00
 -3.074D-04  1.396D+00
 -1.185D-04  1.267D+00
 -3.333D-04  1.413D+00
 -1.303D-04  1.261D+00
 -3.586D-04  1.434D+00
 -1.427D-04  1.255D+00
 -3.824D-04  1.462D+00
 -1.557D-04  1.249D+00
 -4.040D-04  1.497D+00
 -1.691D-04  1.242D+00
 -4.218D-04  1.544D+00
 -1.831D-04  1.235D+00
 -4.340D-04  1.609D+00
 -1.976D-04  1.227D+00
 -4.372D-04  1.701D+00
 -2.126D-04  1.219D+00
 -4.260D-04  1.844D+00
 -2.281D-04  1.210D+00
 -3.901D-04  2.091D+00
 -2.442D-04  1.201D+00
 -3.067D-04  2.630D+00
 -2.608D-04  1.191D+00
 -1.483D-04  4.121D+00
 -2.779D-04  1.180D+00
 -3.653D-04 -2.423D-02
 -2.958D-04  1.168D+00
 -2.941D-07  7.374D-01
 -8.916D-07  1.448D+00
 -4.463D-07  1.589D+00
 -3.916D-06  1.330D+00
 -1.743D-06  1.372D+00
 -8.652D-06  1.311D+00
 -3.612D-06  1.331D+00
 -1.509D-05  1.304D+00
 -6.054D-06  1.314D+00
 -2.323D-05  1.302D+00
 -9.069D-06  1.305D+00
 -3.303D-05  1.301D+00
 -1.266D-05  1.299D+00
 -4.448D-05  1.301D+00
 -1.681D-05  1.295D+00
 -5.755D-05  1.301D+00
 -2.154D-05  1.291D+00
 -7.221D-05  1.302D+00
 -2.684D-05  1.287D+00
 -8.841D-05  1.303D+00
 -3.270D-05  1.284D+00
 -1.061D-04  1.305D+00
 -3.912D-05  1.280D+00
 -1.252D-04  1.307D+00
 -4.611D-05  1.276D+00
 -1.457D-04  1.310D+00
 -5.365D-05  1.272D+00
 -1.675D-04  1.314D+00
 -6.175D-05  1.268D+00
 -1.904D-04  1.318D+00
 -7.040D-05  1.264D+00
 -2.144D-04  1.324D+00
 -7.959D-05  1.259D+00
 -2.393D-04  1.331D+00
 -8.934D-05  1.255D+00
 -2.649D-04  1.339D+00
 -9.962D-05  1.249D+00
 -2.910D-04  1.349D+00
 -1.104D-04  1.244D+00
 -3.173D-04  1.362D+00
 -1.218D-04  1.238D+00
 -3.434D-04  1.378D+00
 -1.336D-04  1.232D+00
 -3.689D-04  1.397D+00
 -1.460D-04  1.226D+00
 -3.931D-04  1.423D+00
 -1.589D-04  1.220D+00
 -4.151D-04  1.455D+00
 -1.723D-04  1.213D+00
 -4.335D-04  1.499D+00
 -1.862D-04  1.205D+00
 -4.465D-04  1.558D+00
 -2.006D-04  1.197D+00
 -4.509D-04  1.644D+00
 -2.155D-04  1.189D+00
 -4.415D-04  1.775D+00
 -2.309D-04  1.181D+00
 -4.085D-04  1.999D+00
 -2.468D-04  1.171D+00
 -3.302D-04  2.474D+00
 -2.632D-04  1.161D+00
 -1.521D-04  4.176D+00
 -2.802D-04  1.151D+00
 -3.237D-04  3.791D-01
 -2.978D-04  1.139D+00
 -2.179D-08  4.232D+00
 -2.085D-08  4.233D+00
 -2.151D-06  1.329D+00
 -1.008D-06  1.394D+00
 -5.953D-06  1.291D+00
 -2.558D-06  1.318D+00
 -1.143D-05  1.281D+00
 -4.670D-06  1.295D+00
 -1.857D-05  1.277D+00
 -7.343D-06  1.284D+00
 -2.737D-05  1.276D+00
 -1.058D-05  1.277D+00
 -3.779D-05  1.275D+00
 -1.437D-05  1.272D+00
 -4.983D-05  1.275D+00
 -1.872D-05  1.268D+00
 -6.344D-05  1.275D+00
 -2.363D-05  1.264D+00
 -7.859D-05  1.276D+00
 -2.909D-05  1.260D+00
 -9.524D-05  1.277D+00
 -3.511D-05  1.257D+00
 -1.133D-04  1.278D+00
 -4.167D-05  1.253D+00
 -1.328D-04  1.280D+00
 -4.878D-05  1.249D+00
 -1.536D-04  1.283D+00
 -5.644D-05  1.245D+00
 -1.757D-04  1.286D+00
 -6.464D-05  1.241D+00
 -1.989D-04  1.290D+00
 -7.337D-05  1.237D+00
 -2.231D-04  1.295D+00
 -8.264D-05  1.232D+00
 -2.482D-04  1.301D+00
 -9.243D-05  1.227D+00
 -2.740D-04  1.309D+00
 -1.027D-04  1.222D+00
 -3.003D-04  1.318D+00
 -1.136D-04  1.216D+00
 -3.268D-04  1.329D+00
 -1.249D-04  1.211D+00
 -3.531D-04  1.344D+00
 -1.368D-04  1.205D+00
 -3.788D-04  1.362D+00
 -1.491D-04  1.198D+00
 -4.033D-04  1.385D+00
 -1.620D-04  1.191D+00
 -4.256D-04  1.416D+00
 -1.753D-04  1.184D+00
 -4.446D-04  1.456D+00
 -1.891D-04  1.177D+00
 -4.583D-04  1.511D+00
 -2.034D-04  1.169D+00
 -4.638D-04  1.590D+00
 -2.182D-04  1.161D+00
 -4.560D-04  1.710D+00
 -2.335D-04  1.152D+00
 -4.257D-04  1.914D+00
 -2.492D-04  1.143D+00
 -3.521D-04  2.337D+00
 -2.654D-04  1.133D+00
 -1.720D-04  3.923D+00
 -2.821D-04  1.122D+00
 -2.840D-04  7.642D-01
 -2.995D-04  1.110D+00
 -2.710D-07  7.327D-01
 -8.661D-07  1.382D+00
 -4.387D-07  1.505D+00
 -3.767D-06  1.277D+00
 -1.682D-06  1.315D+00
 -8.312D-06  1.260D+00
 -3.475D-06  1.278D+00
 -1.449D-05  1.254D+00
 -5.818D-06  1.263D+00
 -2.230D-05  1.252D+00
 -8.710D-06  1.255D+00
 -3.172D-05  1.250D+00
 -1.215D-05  1.250D+00
 -4.273D-05  1.250D+00
 -1.614D-05  1.245D+00
 -5.530D-05  1.250D+00
 -2.067D-05  1.242D+00
 -6.941D-05  1.250D+00
 -2.574D-05  1.238D+00
 -8.502D-05  1.251D+00
 -3.136D-05  1.235D+00
 -1.021D-04  1.251D+00
 -3.752D-05  1.231D+00
 -1.206D-04  1.253D+00
 -4.421D-05  1.227D+00
 -1.404D-04  1.254D+00
 -5.143D-05  1.223D+00
 -1.615D-04  1.257D+00
 -5.919D-05  1.219D+00
 -1.838D-04  1.259D+00
 -6.747D-05  1.215D+00
 -2.072D-04  1.263D+00
 -7.627D-05  1.211D+00
 -2.317D-04  1.267D+00
 -8.559D-05  1.206D+00
 -2.569D-04  1.272D+00
 -9.543D-05  1.201D+00
 -2.829D-04  1.279D+00
 -1.058D-04  1.195D+00
 -3.093D-04  1.288D+00
 -1.166D-04  1.190D+00
 -3.359D-04  1.298D+00
 -1.279D-04  1.184D+00
 -3.624D-04  1.311D+00
 -1.398D-04  1.178D+00
 -3.883D-04  1.328D+00
 -1.521D-04  1.171D+00
 -4.130D-04  1.349D+00
 -1.649D-04  1.164D+00
 -4.356D-04  1.377D+00
 -1.781D-04  1.157D+00
 -4.550D-04  1.415D+00
 -1.919D-04  1.149D+00
 -4.694D-04  1.466D+00
 -2.060D-04  1.141D+00
 -4.758D-04  1.539D+00
 -2.207D-04  1.133D+00
 -4.696D-04  1.649D+00
 -2.358D-04  1.124D+00
 -4.417D-04  1.836D+00
 -2.513D-04  1.115D+00
 -3.725D-04  2.216D+00
 -2.673D-04  1.105D+00
 -2.041D-04  3.510D+00
 -2.838D-04  1.094D+00
 -2.541D-04  1.163D+00
 -3.009D-04  1.082D+00
 -2.463D-08  4.019D+00
 -2.344D-08  4.039D+00
 -2.071D-06  1.276D+00
 -9.755D-07  1.333D+00
 -5.715D-06  1.242D+00
 -2.461D-06  1.266D+00
 -1.097D-05  1.233D+00
 -4.485D-06  1.245D+00
 -1.782D-05  1.229D+00
 -7.046D-06  1.235D+00
 -2.625D-05  1.227D+00
 -1.014D-05  1.229D+00
 -3.626D-05  1.226D+00
 -1.378D-05  1.224D+00
 -4.781D-05  1.226D+00
 -1.795D-05  1.220D+00
 -6.089D-05  1.226D+00
 -2.265D-05  1.217D+00
 -7.546D-05  1.226D+00
 -2.788D-05  1.213D+00
 -9.149D-05  1.226D+00
 -3.364D-05  1.210D+00
 -1.089D-04  1.227D+00
 -3.992D-05  1.206D+00
 -1.277D-04  1.228D+00
 -4.673D-05  1.202D+00
 -1.479D-04  1.229D+00
 -5.405D-05  1.198D+00
 -1.692D-04  1.231D+00
 -6.189D-05  1.194D+00
 -1.918D-04  1.233D+00
 -7.024D-05  1.190D+00
 -2.154D-04  1.236D+00
 -7.910D-05  1.185D+00
 -2.400D-04  1.240D+00
 -8.846D-05  1.180D+00
 -2.654D-04  1.245D+00
 -9.832D-05  1.175D+00
 -2.915D-04  1.251D+00
 -1.087D-04  1.170D+00
 -3.180D-04  1.258D+00
 -1.195D-04  1.164D+00
 -3.447D-04  1.268D+00
 -1.308D-04  1.158D+00
 -3.713D-04  1.280D+00
 -1.426D-04  1.151D+00
 -3.973D-04  1.295D+00
 -1.549D-04  1.145D+00
 -4.221D-04  1.315D+00
 -1.676D-04  1.138D+00
 -4.450D-04  1.341D+00
 -1.807D-04  1.130D+00
 -4.648D-04  1.375D+00
 -1.943D-04  1.122D+00
 -4.798D-04  1.423D+00
 -2.084D-04  1.114D+00
 -4.871D-04  1.490D+00
 -2.229D-04  1.106D+00
 -4.823D-04  1.593D+00
 -2.378D-04  1.097D+00
 -4.567D-04  1.764D+00
 -2.532D-04  1.087D+00
 -3.916D-04  2.107D+00
 -2.690D-04  1.077D+00
 -2.331D-04  3.198D+00
 -2.852D-04  1.066D+00
 -2.321D-04  1.538D+00
 -3.020D-04  1.054D+00
 -2.503D-07  7.278D-01
 -8.380D-07  1.322D+00
 -4.288D-07  1.430D+00
 -3.616D-06  1.229D+00
 -1.619D-06  1.262D+00
 -7.968D-06  1.214D+00
 -3.336D-06  1.230D+00
 -1.389D-05  1.208D+00
 -5.578D-06  1.216D+00
 -2.137D-05  1.206D+00
 -8.346D-06  1.209D+00
 -3.040D-05  1.204D+00
 -1.164D-05  1.204D+00
 -4.095D-05  1.203D+00
 -1.545D-05  1.200D+00
 -5.301D-05  1.203D+00
 -1.979D-05  1.196D+00
 -6.656D-05  1.202D+00
 -2.465D-05  1.193D+00
 -8.155D-05  1.202D+00
 -3.002D-05  1.189D+00
 -9.797D-05  1.202D+00
 -3.591D-05  1.186D+00
 -1.158D-04  1.203D+00
 -4.231D-05  1.182D+00
 -1.349D-04  1.204D+00
 -4.922D-05  1.178D+00
 -1.553D-04  1.205D+00
 -5.663D-05  1.174D+00
 -1.769D-04  1.206D+00
 -6.454D-05  1.170D+00
 -1.996D-04  1.208D+00
 -7.295D-05  1.165D+00
 -2.234D-04  1.210D+00
 -8.185D-05  1.160D+00
 -2.481D-04  1.214D+00
 -9.124D-05  1.155D+00
 -2.736D-04  1.218D+00
 -1.011D-04  1.150D+00
 -2.997D-04  1.223D+00
 -1.115D-04  1.144D+00
 -3.263D-04  1.230D+00
 -1.223D-04  1.139D+00
 -3.531D-04  1.238D+00
 -1.336D-04  1.132D+00
 -3.797D-04  1.249D+00
 -1.453D-04  1.126D+00
 -4.058D-04  1.264D+00
 -1.575D-04  1.119D+00
 -4.308D-04  1.282D+00
 -1.701D-04  1.112D+00
 -4.539D-04  1.306D+00
 -1.832D-04  1.104D+00
 -4.740D-04  1.338D+00
 -1.966D-04  1.096D+00
 -4.895D-04  1.382D+00
 -2.106D-04  1.088D+00
 -4.977D-04  1.445D+00
 -2.249D-04  1.079D+00
 -4.942D-04  1.540D+00
 -2.396D-04  1.070D+00
 -4.707D-04  1.698D+00
 -2.548D-04  1.061D+00
 -4.094D-04  2.009D+00
 -2.703D-04  1.050D+00
 -2.596D-04  2.948D+00
 -2.864D-04  1.039D+00
 -2.090D-04  1.911D+00
 -3.029D-04  1.028D+00
