 -3.541D-03  7.864D-01
 -3.281D-03  7.804D-01
 -3.620D-03  7.859D-01
 -1.354D-03  7.889D-01
 -4.531D-03  7.730D-01
 -3.468D-03  7.847D-01
 -1.219D-03  7.813D-01
 -1.663D-03  7.874D-01
 -5.437D-03  7.632D-01
 -3.277D-03  7.829D-01
 -7.576D-04  7.907D-01
 -1.738D-03  7.720D-01
 -1.802D-03  7.853D-01
 -6.136D-03  7.512D-01
 -3.090D-03  7.807D-01
 -6.819D-04  7.824D-01
 -9.933D-04  7.888D-01
 -2.148D-03  7.605D-01
 -1.862D-03  7.829D-01
 -6.685D-03  7.373D-01
 -2.918D-03  7.783D-01
 -4.982D-04  7.920D-01
 -9.794D-04  7.725D-01
 -1.134D-03  7.864D-01
 -2.491D-03  7.470D-01
 -1.880D-03  7.803D-01
 -7.117D-03  7.215D-01
 -2.762D-03  7.759D-01
 -4.511D-04  7.838D-01
 -6.763D-04  7.901D-01
 -1.218D-03  7.603D-01
 -1.223D-03  7.838D-01
 -2.781D-03  7.318D-01
 -1.874D-03  7.776D-01
 -7.454D-03  7.041D-01
 -2.621D-03  7.737D-01
 -3.584D-04  7.931D-01
 -6.509D-04  7.740D-01
 -7.946D-04  7.878D-01
 -1.423D-03  7.464D-01
 -1.280D-03  7.812D-01
 -3.028D-03  7.152D-01
 -1.852D-03  7.751D-01
 -7.712D-03  6.852D-01
 -2.494D-03  7.718D-01
 -3.268D-04  7.852D-01
 -4.974D-04  7.913D-01
 -8.119D-04  7.620D-01
 -8.788D-04  7.853D-01
 -1.602D-03  7.310D-01
 -1.315D-03  7.786D-01
 -3.235D-03  6.974D-01
 -1.822D-03  7.730D-01
 -7.902D-03  6.650D-01
 -2.379D-03  7.703D-01
 -2.730D-04  7.940D-01
 -4.736D-04  7.759D-01
 -5.955D-04  7.892D-01
 -9.508D-04  7.484D-01
 -9.400D-04  7.829D-01
 -1.757D-03  7.144D-01
 -1.335D-03  7.764D-01
 -3.408D-03  6.785D-01
 -1.787D-03  7.713D-01
 -8.035D-03  6.436D-01
 -2.275D-03  7.695D-01
 -2.507D-04  7.865D-01
 -3.849D-04  7.923D-01
 -5.921D-04  7.647D-01
 -6.695D-04  7.870D-01
 -1.073D-03  7.336D-01
 -9.846D-04  7.807D-01
 -1.893D-03  6.971D-01
 -1.344D-03  7.746D-01
 -3.550D-03  6.589D-01
 -1.749D-03  7.701D-01
 -8.118D-03  6.213D-01
 -2.180D-03  7.693D-01
 -2.165D-04  7.945D-01
 -3.648D-04  7.780D-01
 -4.671D-04  7.905D-01
 -6.945D-04  7.520D-01
 -7.268D-04  7.850D-01
 -1.181D-03  7.180D-01
 -1.017D-03  7.789D-01
 -2.010D-03  6.791D-01
 -1.345D-03  7.734D-01
 -3.663D-03  6.386D-01
 -1.710D-03  7.697D-01
 -8.158D-03  5.982D-01
 -2.094D-03  7.699D-01
 -2.000D-04  7.876D-01
 -3.088D-04  7.931D-01
 -4.572D-04  7.678D-01
 -5.314D-04  7.887D-01
 -7.850D-04  7.384D-01
 -7.713D-04  7.833D-01
 -1.277D-03  7.017D-01
 -1.039D-03  7.776D-01
 -2.110D-03  6.606D-01
 -1.340D-03  7.728D-01
 -3.752D-03  6.178D-01
 -1.671D-03  7.700D-01
 -8.162D-03  5.745D-01
 -2.015D-03  7.713D-01
 -1.768D-04  7.949D-01
 -2.922D-04  7.800D-01
 -3.786D-04  7.916D-01
 -5.371D-04  7.564D-01
 -5.831D-04  7.871D-01
 -8.656D-04  7.241D-01
 -8.062D-04  7.820D-01
 -1.361D-03  6.852D-01
 -1.054D-03  7.770D-01
 -2.194D-03  6.420D-01
 -1.331D-03  7.730D-01
 -3.818D-03  5.968D-01
 -1.632D-03  7.711D-01
 -8.133D-03  5.504D-01
 -1.943D-03  7.736D-01
 -1.642D-04  7.886D-01
 -2.545D-04  7.937D-01
 -3.671D-04  7.710D-01
 -4.347D-04  7.903D-01
 -6.079D-04  7.443D-01
 -6.249D-04  7.859D-01
 -9.375D-04  7.095D-01
 -8.333D-04  7.812D-01
 -1.434D-03  6.685D-01
 -1.064D-03  7.769D-01
 -2.264D-03  6.233D-01
 -1.319D-03  7.738D-01
 -3.865D-03  5.756D-01
 -1.594D-03  7.730D-01
 -8.076D-03  5.259D-01
 -1.876D-03  7.767D-01
 -1.476D-04  7.950D-01
 -2.408D-04  7.819D-01
 -3.146D-04  7.926D-01
 -4.321D-04  7.610D-01
 -4.809D-04  7.891D-01
 -6.712D-04  7.317D-01
 -6.591D-04  7.851D-01
 -1.001D-03  6.948D-01
 -8.542D-04  7.811D-01
 -1.498D-03  6.519D-01
 -1.069D-03  7.776D-01
 -2.320D-03  6.047D-01
 -1.305D-03  7.755D-01
 -3.893D-03  5.545D-01
 -1.558D-03  7.757D-01
 -7.996D-03  5.013D-01
 -1.815D-03  7.806D-01
 -1.378D-04  7.893D-01
 -2.142D-04  7.940D-01
 -3.034D-04  7.741D-01
 -3.639D-04  7.915D-01
 -4.897D-04  7.504D-01
 -5.194D-04  7.884D-01
 -7.279D-04  7.189D-01
 -6.870D-04  7.849D-01
 -1.058D-03  6.802D-01
 -8.701D-04  7.816D-01
 -1.552D-03  6.356D-01
 -1.071D-03  7.790D-01
 -2.365D-03  5.863D-01
 -1.290D-03  7.779D-01
 -3.906D-03  5.336D-01
 -1.523D-03  7.792D-01
 -7.896D-03  4.768D-01
 -1.759D-03  7.853D-01
 -1.255D-04  7.948D-01
 -2.029D-04  7.835D-01
 -2.665D-04  7.932D-01
 -3.578D-04  7.655D-01
 -4.052D-04  7.908D-01
 -5.414D-04  7.395D-01
 -5.516D-04  7.880D-01
 -7.787D-04  7.061D-01
 -7.097D-04  7.852D-01
 -1.108D-03  6.658D-01
 -8.820D-04  7.827D-01
 -1.598D-03  6.196D-01
 -1.070D-03  7.811D-01
 -2.399D-03  5.683D-01
 -1.274D-03  7.810D-01
 -3.905D-03  5.129D-01
 -1.490D-03  7.835D-01
 -7.778D-03  4.523D-01
 -1.708D-03  7.906D-01
 -1.177D-04  7.897D-01
 -1.833D-04  7.941D-01
 -2.562D-04  7.768D-01
 -3.101D-04  7.925D-01
 -4.061D-04  7.564D-01
 -4.403D-04  7.904D-01
 -5.878D-04  7.286D-01
 -5.788D-04  7.882D-01
 -8.240D-04  6.936D-01
 -7.283D-04  7.860D-01
 -1.151D-03  6.519D-01
 -8.907D-04  7.844D-01
 -1.636D-03  6.040D-01
 -1.067D-03  7.838D-01
 -2.423D-03  5.508D-01
 -1.257D-03  7.848D-01
 -3.892D-03  4.927D-01
 -1.458D-03  7.883D-01
 -7.645D-03  4.282D-01
 -1.660D-03  7.966D-01
 -1.083D-04  7.944D-01
 -1.738D-04  7.847D-01
 -2.294D-04  7.935D-01
 -3.028D-04  7.694D-01
 -3.473D-04  7.921D-01
 -4.495D-04  7.471D-01
 -4.704D-04  7.905D-01
 -6.297D-04  7.178D-01
 -6.017D-04  7.888D-01
 -8.645D-04  6.815D-01
 -7.433D-04  7.875D-01
 -1.189D-03  6.384D-01
 -8.967D-04  7.868D-01
 -1.667D-03  5.891D-01
 -1.063D-03  7.872D-01
 -2.438D-03  5.339D-01
 -1.241D-03  7.892D-01
 -3.868D-03  4.730D-01
 -1.428D-03  7.938D-01
 -7.501D-03  4.044D-01
 -1.616D-03  8.031D-01
 -1.020D-04  7.899D-01
 -1.590D-04  7.939D-01
 -2.201D-04  7.790D-01
 -2.682D-04  7.930D-01
 -3.442D-04  7.618D-01
 -3.793D-04  7.920D-01
 -4.887D-04  7.379D-01
 -4.962D-04  7.909D-01
 -6.673D-04  7.073D-01
 -6.211D-04  7.900D-01
 -9.002D-04  6.698D-01
 -7.555D-04  7.895D-01
 -1.221D-03  6.256D-01
 -9.007D-04  7.898D-01
 -1.692D-03  5.748D-01
 -1.057D-03  7.911D-01
 -2.445D-03  5.176D-01
 -1.224D-03  7.941D-01
 -3.835D-03  4.539D-01
 -1.399D-03  7.997D-01
 -7.347D-03  3.811D-01
 -1.575D-03  8.099D-01
 -9.462D-05  7.938D-01
 -1.511D-04  7.856D-01
 -1.999D-04  7.934D-01
 -2.606D-04  7.728D-01
 -3.018D-04  7.929D-01
 -3.816D-04  7.540D-01
 -4.072D-04  7.923D-01
 -5.242D-04  7.289D-01
 -5.185D-04  7.919D-01
 -7.012D-04  6.972D-01
 -6.374D-04  7.917D-01
 -9.317D-04  6.587D-01
 -7.653D-04  7.921D-01
 -1.248D-03  6.134D-01
 -9.029D-04  7.932D-01
 -1.710D-03  5.612D-01
 -1.051D-03  7.955D-01
 -2.445D-03  5.021D-01
 -1.208D-03  7.994D-01
 -3.794D-03  4.355D-01
 -1.373D-03  8.060D-01
 -7.186D-03  3.583D-01
 -1.537D-03  8.171D-01
 -8.938D-05  7.897D-01
 -1.395D-04  7.934D-01
 -1.918D-04  7.807D-01
 -2.348D-04  7.932D-01
 -2.968D-04  7.664D-01
 -3.311D-04  7.931D-01
 -4.154D-04  7.463D-01
 -4.314D-04  7.930D-01
 -5.563D-04  7.201D-01
 -5.377D-04  7.932D-01
 -7.314D-04  6.876D-01
 -6.513D-04  7.938D-01
 -9.593D-04  6.482D-01
 -7.730D-04  7.950D-01
 -1.271D-03  6.019D-01
 -9.038D-04  7.971D-01
 -1.723D-03  5.484D-01
 -1.044D-03  8.003D-01
 -2.439D-03  4.873D-01
 -1.192D-03  8.051D-01
 -3.746D-03  4.178D-01
 -1.347D-03  8.125D-01
 -7.018D-03  3.362D-01
 -1.502D-03  8.244D-01
 -8.350D-05  7.930D-01
 -1.328D-04  7.861D-01
 -1.761D-04  7.931D-01
 -2.275D-04  7.755D-01
 -2.653D-04  7.932D-01
 -3.295D-04  7.599D-01
 -3.568D-04  7.936D-01
 -4.461D-04  7.388D-01
 -4.527D-04  7.941D-01
 -5.853D-04  7.118D-01
 -5.544D-04  7.950D-01
 -7.585D-04  6.785D-01
 -6.630D-04  7.964D-01
 -9.832D-04  6.384D-01
 -7.792D-04  7.984D-01
 -1.289D-03  5.911D-01
 -9.036D-04  8.013D-01
 -1.732D-03  5.363D-01
 -1.036D-03  8.054D-01
 -2.428D-03  4.734D-01
 -1.177D-03  8.110D-01
 -3.693D-03  4.010D-01
 -1.323D-03  8.192D-01
 -6.846D-03  3.148D-01
 -1.470D-03  8.317D-01
 -7.912D-05  7.893D-01
 -1.236D-04  7.926D-01
 -1.689D-04  7.819D-01
 -2.077D-04  7.930D-01
 -2.595D-04  7.702D-01
 -2.921D-04  7.936D-01
 -3.592D-04  7.535D-01
 -3.795D-04  7.944D-01
 -4.741D-04  7.317D-01
 -4.715D-04  7.956D-01
 -6.115D-04  7.040D-01
 -5.689D-04  7.972D-01
 -7.824D-04  6.701D-01
 -6.729D-04  7.993D-01
 -1.004D-03  6.293D-01
 -7.839D-04  8.021D-01
 -1.304D-03  5.812D-01
 -9.025D-04  8.058D-01
 -1.736D-03  5.251D-01
 -1.029D-03  8.106D-01
 -2.412D-03  4.603D-01
 -1.162D-03  8.171D-01
 -3.635D-03  3.850D-01
 -1.301D-03  8.259D-01
 -6.671D-03  2.942D-01
 -1.440D-03  8.390D-01
 -7.432D-05  7.919D-01
 -1.178D-04  7.861D-01
 -1.566D-04  7.924D-01
 -2.008D-04  7.776D-01
 -2.354D-04  7.931D-01
 -2.885D-04  7.648D-01
 -3.159D-04  7.942D-01
 -3.863D-04  7.474D-01
 -3.997D-04  7.956D-01
 -4.995D-04  7.249D-01
 -4.880D-04  7.974D-01
 -6.351D-04  6.967D-01
 -5.815D-04  7.997D-01
 -8.036D-04  6.622D-01
 -6.812D-04  8.025D-01
 -1.021D-03  6.209D-01
 -7.875D-04  8.061D-01
 -1.315D-03  5.720D-01
 -9.008D-04  8.105D-01
 -1.736D-03  5.147D-01
 -1.021D-03  8.161D-01
 -2.392D-03  4.481D-01
 -1.148D-03  8.232D-01
 -3.573D-03  3.699D-01
 -1.280D-03  8.326D-01
 -6.494D-03  2.743D-01
 -1.412D-03  8.461D-01
 -7.063D-05  7.885D-01
 -1.104D-04  7.916D-01
 -1.503D-04  7.826D-01
 -1.853D-04  7.924D-01
 -2.295D-04  7.731D-01
 -2.601D-04  7.935D-01
 -3.150D-04  7.595D-01
 -3.371D-04  7.951D-01
 -4.111D-04  7.415D-01
 -4.177D-04  7.971D-01
 -5.226D-04  7.185D-01
 -5.026D-04  7.995D-01
 -6.564D-04  6.899D-01
 -5.925D-04  8.024D-01
 -8.222D-04  6.550D-01
 -6.882D-04  8.060D-01
 -1.036D-03  6.132D-01
 -7.902D-04  8.102D-01
 -1.323D-03  5.635D-01
 -8.986D-04  8.153D-01
 -1.733D-03  5.052D-01
 -1.014D-03  8.215D-01
 -2.369D-03  4.368D-01
 -1.135D-03  8.292D-01
 -3.508D-03  3.557D-01
 -1.260D-03  8.392D-01
 -6.316D-03  2.554D-01
 -1.387D-03  8.530D-01
 -6.666D-05  7.906D-01
 -1.054D-04  7.858D-01
 -1.403D-04  7.914D-01
 -1.789D-04  7.789D-01
 -2.106D-04  7.926D-01
 -2.555D-04  7.686D-01
 -2.821D-04  7.942D-01
 -3.392D-04  7.545D-01
 -3.562D-04  7.963D-01
 -4.337D-04  7.360D-01
 -4.337D-04  7.988D-01
 -5.436D-04  7.126D-01
 -5.155D-04  8.018D-01
 -6.754D-04  6.837D-01
 -6.021D-04  8.054D-01
 -8.384D-04  6.484D-01
 -6.942D-04  8.096D-01
 -1.048D-03  6.061D-01
 -7.921D-04  8.144D-01
 -1.328D-03  5.558D-01
 -8.960D-04  8.201D-01
 -1.727D-03  4.964D-01
 -1.006D-03  8.269D-01
 -2.342D-03  4.263D-01
 -1.122D-03  8.351D-01
 -3.440D-03  3.424D-01
 -1.242D-03  8.455D-01
 -6.139D-03  2.373D-01
 -1.362D-03  8.596D-01
 -6.350D-05  7.875D-01
 -9.932D-05  7.903D-01
 -1.347D-04  7.828D-01
 -1.665D-04  7.914D-01
 -2.048D-04  7.752D-01
 -2.333D-04  7.930D-01
 -2.793D-04  7.643D-01
 -3.020D-04  7.951D-01
 -3.614D-04  7.496D-01
 -3.733D-04  7.977D-01
 -4.544D-04  7.308D-01
 -4.481D-04  8.008D-01
 -5.626D-04  7.071D-01
 -5.270D-04  8.044D-01
 -6.923D-04  6.780D-01
 -6.105D-04  8.085D-01
 -8.525D-04  6.425D-01
 -6.992D-04  8.133D-01
 -1.057D-03  5.998D-01
 -7.933D-04  8.187D-01
 -1.331D-03  5.489D-01
 -8.932D-04  8.249D-01
 -1.718D-03  4.885D-01
 -9.987D-04  8.322D-01
 -2.313D-03  4.167D-01
 -1.110D-03  8.408D-01
 -3.371D-03  3.300D-01
 -1.224D-03  8.515D-01
 -5.963D-03  2.201D-01
 -1.340D-03  8.657D-01
 -6.018D-05  7.891D-01
 -9.501D-05  7.851D-01
 -1.266D-04  7.901D-01
 -1.607D-04  7.797D-01
 -1.898D-04  7.916D-01
 -2.284D-04  7.714D-01
 -2.538D-04  7.936D-01
 -3.012D-04  7.601D-01
 -3.199D-04  7.962D-01
 -3.818D-04  7.451D-01
 -3.887D-04  7.993D-01
 -4.733D-04  7.260D-01
 -4.610D-04  8.029D-01
 -5.799D-04  7.021D-01
 -5.372D-04  8.070D-01
 -7.074D-04  6.728D-01
 -6.179D-04  8.117D-01
 -8.645D-04  6.370D-01
 -7.034D-04  8.170D-01
 -1.065D-03  5.940D-01
 -7.940D-04  8.229D-01
 -1.332D-03  5.426D-01
 -8.901D-04  8.296D-01
 -1.707D-03  4.813D-01
 -9.915D-04  8.373D-01
 -2.282D-03  4.079D-01
 -1.098D-03  8.462D-01
 -3.301D-03  3.185D-01
 -1.208D-03  8.571D-01
 -5.789D-03  2.039D-01
 -1.319D-03  8.715D-01
 -5.746D-05  7.863D-01
 -8.991D-05  7.887D-01
 -1.216D-04  7.825D-01
 -1.506D-04  7.901D-01
 -1.842D-04  7.765D-01
 -2.108D-04  7.920D-01
 -2.500D-04  7.678D-01
 -2.724D-04  7.945D-01
 -3.213D-04  7.561D-01
 -3.361D-04  7.975D-01
 -4.005D-04  7.409D-01
 -4.027D-04  8.011D-01
 -4.906D-04  7.216D-01
 -4.726D-04  8.052D-01
 -5.955D-04  6.976D-01
 -5.463D-04  8.098D-01
 -7.208D-04  6.681D-01
 -6.243D-04  8.149D-01
 -8.748D-04  6.322D-01
 -7.069D-04  8.207D-01
 -1.071D-03  5.889D-01
 -7.943D-04  8.270D-01
 -1.330D-03  5.370D-01
 -8.869D-04  8.341D-01
 -1.694D-03  4.748D-01
 -9.844D-04  8.421D-01
 -2.250D-03  3.999D-01
 -1.087D-03  8.513D-01
 -3.230D-03  3.079D-01
 -1.193D-03  8.624D-01
 -5.617D-03  1.885D-01
 -1.299D-03  8.767D-01
 -5.464D-05  7.874D-01
 -8.615D-05  7.841D-01
 -1.149D-04  7.885D-01
 -1.454D-04  7.798D-01
 -1.721D-04  7.902D-01
 -2.058D-04  7.733D-01
 -2.299D-04  7.926D-01
 -2.699D-04  7.643D-01
 -2.893D-04  7.955D-01
 -3.399D-04  7.523D-01
 -3.509D-04  7.990D-01
 -4.177D-04  7.369D-01
 -4.154D-04  8.030D-01
 -5.063D-04  7.175D-01
 -4.831D-04  8.075D-01
 -6.095D-04  6.934D-01
 -5.545D-04  8.126D-01
 -7.325D-04  6.638D-01
 -6.300D-04  8.181D-01
 -8.833D-04  6.278D-01
 -7.098D-04  8.242D-01
 -1.074D-03  5.844D-01
 -7.943D-04  8.309D-01
 -1.327D-03  5.320D-01
 -8.835D-04  8.383D-01
 -1.680D-03  4.690D-01
 -9.776D-04  8.466D-01
 -2.216D-03  3.927D-01
 -1.076D-03  8.560D-01
 -3.159D-03  2.982D-01
 -1.178D-03  8.671D-01
 -5.448D-03  1.741D-01
 -1.281D-03  8.813D-01
 -5.229D-05  7.847D-01
 -8.183D-05  7.870D-01
 -1.105D-04  7.818D-01
 -1.370D-04  7.884D-01
 -1.669D-04  7.771D-01
 -1.916D-04  7.906D-01
 -2.256D-04  7.702D-01
 -2.472D-04  7.933D-01
 -2.883D-04  7.609D-01
 -3.046D-04  7.966D-01
 -3.570D-04  7.488D-01
 -3.644D-04  8.005D-01
 -4.336D-04  7.333D-01
 -4.269D-04  8.050D-01
 -5.207D-04  7.138D-01
 -4.926D-04  8.099D-01
 -6.221D-04  6.896D-01
 -5.618D-04  8.153D-01
 -7.428D-04  6.600D-01
 -6.349D-04  8.212D-01
 -8.904D-04  6.240D-01
 -7.122D-04  8.276D-01
 -1.077D-03  5.803D-01
 -7.939D-04  8.346D-01
 -1.322D-03  5.276D-01
 -8.802D-04  8.423D-01
 -1.664D-03  4.639D-01
 -9.709D-04  8.507D-01
 -2.181D-03  3.863D-01
 -1.066D-03  8.602D-01
 -3.088D-03  2.893D-01
 -1.164D-03  8.714D-01
 -5.282D-03  1.606D-01
 -1.264D-03  8.854D-01
 -4.987D-05  7.855D-01
 -7.854D-05  7.828D-01
 -1.048D-04  7.867D-01
 -1.322D-04  7.794D-01
 -1.569D-04  7.885D-01
 -1.866D-04  7.743D-01
 -2.093D-04  7.911D-01
 -2.438D-04  7.672D-01
 -2.631D-04  7.942D-01
 -3.054D-04  7.578D-01
 -3.187D-04  7.979D-01
 -3.728D-04  7.455D-01
 -3.767D-04  8.022D-01
 -4.481D-04  7.299D-01
 -4.374D-04  8.069D-01
 -5.338D-04  7.104D-01
 -5.012D-04  8.122D-01
 -6.334D-04  6.862D-01
 -5.684D-04  8.180D-01
 -7.517D-04  6.566D-01
 -6.393D-04  8.242D-01
 -8.960D-04  6.205D-01
 -7.142D-04  8.308D-01
 -1.078D-03  5.767D-01
 -7.933D-04  8.381D-01
 -1.316D-03  5.237D-01
 -8.767D-04  8.459D-01
 -1.646D-03  4.594D-01
 -9.645D-04  8.544D-01
 -2.145D-03  3.805D-01
 -1.056D-03  8.640D-01
 -3.017D-03  2.813D-01
 -1.151D-03  8.751D-01
 -5.120D-03  1.480D-01
 -1.247D-03  8.889D-01
 -4.781D-05  7.830D-01
 -7.485D-05  7.850D-01
 -1.009D-04  7.807D-01
 -1.252D-04  7.865D-01
 -1.520D-04  7.770D-01
 -1.750D-04  7.888D-01
 -2.048D-04  7.717D-01
 -2.256D-04  7.917D-01
 -2.608D-04  7.644D-01
 -2.777D-04  7.952D-01
 -3.211D-04  7.548D-01
 -3.317D-04  7.992D-01
 -3.874D-04  7.424D-01
 -3.880D-04  8.038D-01
 -4.615D-04  7.268D-01
 -4.470D-04  8.089D-01
 -5.458D-04  7.072D-01
 -5.090D-04  8.145D-01
 -6.435D-04  6.831D-01
 -5.742D-04  8.205D-01
 -7.594D-04  6.535D-01
 -6.431D-04  8.269D-01
 -9.004D-04  6.174D-01
 -7.158D-04  8.338D-01
 -1.077D-03  5.736D-01
 -7.925D-04  8.412D-01
 -1.309D-03  5.203D-01
 -8.733D-04  8.491D-01
 -1.628D-03  4.555D-01
 -9.582D-04  8.577D-01
 -2.109D-03  3.754D-01
 -1.047D-03  8.673D-01
 -2.946D-03  2.740D-01
 -1.139D-03  8.782D-01
 -4.961D-03  1.362D-01
 -1.232D-03  8.918D-01
 -4.572D-05  7.833D-01
 -7.194D-05  7.811D-01
 -9.604D-05  7.846D-01
 -1.209D-04  7.786D-01
 -1.437D-04  7.865D-01
 -1.703D-04  7.746D-01
 -1.916D-04  7.891D-01
 -2.217D-04  7.691D-01
 -2.405D-04  7.924D-01
 -2.765D-04  7.616D-01
 -2.911D-04  7.962D-01
 -3.358D-04  7.519D-01
 -3.436D-04  8.006D-01
 -4.009D-04  7.395D-01
 -3.983D-04  8.055D-01
 -4.738D-04  7.239D-01
 -4.557D-04  8.108D-01
 -5.566D-04  7.044D-01
 -5.160D-04  8.166D-01
 -6.525D-04  6.803D-01
 -5.795D-04  8.228D-01
 -7.660D-04  6.507D-01
 -6.465D-04  8.294D-01
 -9.037D-04  6.146D-01
 -7.171D-04  8.365D-01
 -1.076D-03  5.708D-01
 -7.915D-04  8.439D-01
 -1.300D-03  5.174D-01
 -8.699D-04  8.519D-01
 -1.609D-03  4.520D-01
 -9.521D-04  8.605D-01
 -2.073D-03  3.709D-01
 -1.038D-03  8.700D-01
 -2.877D-03  2.674D-01
 -1.127D-03  8.808D-01
 -4.807D-03  1.254D-01
 -1.217D-03  8.940D-01
 -4.391D-05  7.809D-01
 -6.876D-05  7.827D-01
 -9.256D-05  7.792D-01
 -1.150D-04  7.843D-01
 -1.392D-04  7.764D-01
 -1.606D-04  7.866D-01
 -1.871D-04  7.722D-01
 -2.068D-04  7.896D-01
 -2.374D-04  7.666D-01
 -2.543D-04  7.931D-01
 -2.911D-04  7.590D-01
 -3.034D-04  7.972D-01
 -3.493D-04  7.493D-01
 -3.545D-04  8.019D-01
 -4.134D-04  7.368D-01
 -4.079D-04  8.070D-01
 -4.850D-04  7.212D-01
 -4.638D-04  8.126D-01
 -5.664D-04  7.017D-01
 -5.225D-04  8.186D-01
 -6.605D-04  6.776D-01
 -5.843D-04  8.250D-01
 -7.715D-04  6.482D-01
 -6.495D-04  8.317D-01
 -9.059D-04  6.122D-01
 -7.181D-04  8.388D-01
 -1.074D-03  5.683D-01
 -7.904D-04  8.463D-01
 -1.291D-03  5.148D-01
 -8.665D-04  8.543D-01
 -1.590D-03  4.490D-01
 -9.463D-04  8.629D-01
 -2.036D-03  3.670D-01
 -1.030D-03  8.722D-01
 -2.808D-03  2.615D-01
 -1.116D-03  8.828D-01
 -4.657D-03  1.153D-01
 -1.204D-03  8.956D-01
 -4.209D-05  7.810D-01
 -6.618D-05  7.792D-01
 -8.838D-05  7.823D-01
 -1.111D-04  7.772D-01
 -1.322D-04  7.842D-01
 -1.561D-04  7.742D-01
 -1.761D-04  7.868D-01
 -2.028D-04  7.699D-01
 -2.209D-04  7.901D-01
 -2.520D-04  7.641D-01
 -2.671D-04  7.939D-01
 -3.047D-04  7.565D-01
 -3.149D-04  7.983D-01
 -3.619D-04  7.467D-01
 -3.646D-04  8.032D-01
 -4.250D-04  7.342D-01
 -4.166D-04  8.085D-01
 -4.954D-04  7.186D-01
 -4.711D-04  8.143D-01
 -5.753D-04  6.992D-01
 -5.284D-04  8.204D-01
 -6.675D-04  6.752D-01
 -5.886D-04  8.269D-01
 -7.761D-04  6.458D-01
 -6.521D-04  8.337D-01
 -9.072D-04  6.099D-01
 -7.188D-04  8.408D-01
 -1.070D-03  5.661D-01
 -7.892D-04  8.483D-01
 -1.281D-03  5.125D-01
 -8.631D-04  8.562D-01
 -1.570D-03  4.464D-01
 -9.405D-04  8.647D-01
 -2.000D-03  3.636D-01
 -1.021D-03  8.739D-01
 -2.741D-03  2.563D-01
 -1.105D-03  8.842D-01
 -4.511D-03  1.060D-01
 -1.190D-03  8.966D-01
 -4.049D-05  7.787D-01
 -6.341D-05  7.803D-01
 -8.527D-05  7.774D-01
 -1.060D-04  7.819D-01
 -1.281D-04  7.752D-01
 -1.479D-04  7.842D-01
 -1.718D-04  7.720D-01
 -1.904D-04  7.871D-01
 -2.173D-04  7.676D-01
 -2.340D-04  7.906D-01
 -2.656D-04  7.618D-01
 -2.789D-04  7.947D-01
 -3.173D-04  7.541D-01
 -3.255D-04  7.993D-01
 -3.736D-04  7.442D-01
 -3.740D-04  8.044D-01
 -4.356D-04  7.318D-01
 -4.247D-04  8.099D-01
 -5.048D-04  7.162D-01
 -4.779D-04  8.157D-01
 -5.832D-04  6.968D-01
 -5.338D-04  8.220D-01
 -6.736D-04  6.729D-01
 -5.925D-04  8.285D-01
 -7.798D-04  6.436D-01
 -6.543D-04  8.353D-01
 -9.077D-04  6.079D-01
 -7.194D-04  8.424D-01
 -1.066D-03  5.642D-01
 -7.878D-04  8.499D-01
 -1.271D-03  5.105D-01
 -8.597D-04  8.577D-01
 -1.550D-03  4.442D-01
 -9.350D-04  8.660D-01
 -1.963D-03  3.607D-01
 -1.014D-03  8.750D-01
 -2.675D-03  2.517D-01
 -1.095D-03  8.851D-01
 -4.370D-03  9.756D-02
 -1.178D-03  8.971D-01
 -3.889D-05  7.785D-01
 -6.112D-05  7.770D-01
 -8.164D-05  7.797D-01
 -1.025D-04  7.755D-01
 -1.220D-04  7.816D-01
 -1.438D-04  7.732D-01
 -1.625D-04  7.842D-01
 -1.863D-04  7.699D-01
 -2.037D-04  7.874D-01
 -2.309D-04  7.654D-01
 -2.461D-04  7.912D-01
 -2.783D-04  7.595D-01
 -2.898D-04  7.955D-01
 -3.292D-04  7.517D-01
 -3.353D-04  8.002D-01
 -3.845D-04  7.419D-01
 -3.827D-04  8.055D-01
 -4.455D-04  7.294D-01
 -4.322D-04  8.111D-01
 -5.135D-04  7.138D-01
 -4.842D-04  8.170D-01
 -5.904D-04  6.945D-01
 -5.387D-04  8.233D-01
 -6.790D-04  6.707D-01
 -5.960D-04  8.298D-01
 -7.828D-04  6.416D-01
 -6.563D-04  8.366D-01
 -9.074D-04  6.060D-01
 -7.197D-04  8.437D-01
 -1.061D-03  5.624D-01
 -7.863D-04  8.511D-01
 -1.260D-03  5.088D-01
 -8.563D-04  8.587D-01
 -1.529D-03  4.423D-01
 -9.295D-04  8.669D-01
 -1.927D-03  3.581D-01
 -1.006D-03  8.756D-01
 -2.610D-03  2.476D-01
 -1.085D-03  8.853D-01
 -4.233D-03  8.981D-02
 -1.166D-03  8.969D-01
 -3.747D-05  7.762D-01
 -5.868D-05  7.777D-01
 -7.885D-05  7.753D-01
 -9.804D-05  7.792D-01
 -1.183D-04  7.736D-01
 -1.368D-04  7.815D-01
 -1.584D-04  7.712D-01
 -1.760D-04  7.843D-01
 -1.999D-04  7.678D-01
 -2.161D-04  7.877D-01
 -2.436D-04  7.632D-01
 -2.573D-04  7.917D-01
 -2.901D-04  7.572D-01
 -3.000D-04  7.962D-01
 -3.402D-04  7.494D-01
 -3.444D-04  8.011D-01
 -3.946D-04  7.395D-01
 -3.907D-04  8.064D-01
 -4.545D-04  7.271D-01
 -4.392D-04  8.121D-01
 -5.213D-04  7.115D-01
 -4.899D-04  8.181D-01
 -5.968D-04  6.923D-01
 -5.432D-04  8.243D-01
 -6.835D-04  6.686D-01
 -5.991D-04  8.308D-01
 -7.850D-04  6.397D-01
 -6.580D-04  8.376D-01
 -9.064D-04  6.042D-01
 -7.198D-04  8.445D-01
 -1.056D-03  5.607D-01
 -7.848D-04  8.518D-01
 -1.248D-03  5.073D-01
 -8.529D-04  8.593D-01
 -1.508D-03  4.406D-01
 -9.242D-04  8.672D-01
 -1.892D-03  3.560D-01
 -9.986D-04  8.757D-01
 -2.547D-03  2.441D-01
 -1.076D-03  8.851D-01
 -4.101D-03  8.275D-02
 -1.154D-03  8.961D-01
 -3.606D-05  7.758D-01
 -5.663D-05  7.746D-01
 -7.567D-05  7.770D-01
 -9.488D-05  7.734D-01
 -1.131D-04  7.788D-01
 -1.329D-04  7.717D-01
 -1.505D-04  7.813D-01
 -1.720D-04  7.691D-01
 -1.885D-04  7.844D-01
 -2.126D-04  7.657D-01
 -2.276D-04  7.880D-01
 -2.555D-04  7.610D-01
 -2.678D-04  7.921D-01
 -3.012D-04  7.550D-01
 -3.095D-04  7.968D-01
 -3.504D-04  7.472D-01
 -3.529D-04  8.018D-01
 -4.040D-04  7.372D-01
 -3.982D-04  8.072D-01
 -4.629D-04  7.248D-01
 -4.456D-04  8.129D-01
 -5.285D-04  7.093D-01
 -4.952D-04  8.188D-01
 -6.026D-04  6.901D-01
 -5.473D-04  8.251D-01
 -6.874D-04  6.666D-01
 -6.019D-04  8.315D-01
 -7.865D-04  6.377D-01
 -6.594D-04  8.382D-01
 -9.048D-04  6.025D-01
 -7.198D-04  8.450D-01
 -1.050D-03  5.592D-01
 -7.831D-04  8.521D-01
 -1.236D-03  5.058D-01
 -8.495D-04  8.594D-01
 -1.487D-03  4.392D-01
 -9.190D-04  8.670D-01
 -1.856D-03  3.541D-01
 -9.915D-04  8.752D-01
 -2.485D-03  2.410D-01
 -1.066D-03  8.842D-01
 -3.973D-03  7.634D-02
 -1.143D-03  8.948D-01
 -3.479D-05  7.736D-01
 -5.449D-05  7.749D-01
 -7.316D-05  7.728D-01
 -9.100D-05  7.764D-01
 -1.096D-04  7.716D-01
 -1.269D-04  7.785D-01
 -1.466D-04  7.697D-01
 -1.632D-04  7.812D-01
 -1.847D-04  7.671D-01
 -2.002D-04  7.845D-01
 -2.246D-04  7.635D-01
 -2.383D-04  7.883D-01
 -2.667D-04  7.588D-01
 -2.776D-04  7.925D-01
 -3.116D-04  7.527D-01
 -3.184D-04  7.972D-01
 -3.600D-04  7.449D-01
 -3.609D-04  8.023D-01
 -4.127D-04  7.349D-01
 -4.052D-04  8.077D-01
 -4.706D-04  7.225D-01
 -4.515D-04  8.134D-01
 -5.350D-04  7.070D-01
 -5.001D-04  8.194D-01
 -6.076D-04  6.879D-01
 -5.510D-04  8.255D-01
 -6.907D-04  6.645D-01
 -6.045D-04  8.319D-01
 -7.874D-04  6.359D-01
 -6.606D-04  8.384D-01
 -9.026D-04  6.008D-01
 -7.195D-04  8.450D-01
 -1.044D-03  5.577D-01
 -7.814D-04  8.519D-01
 -1.224D-03  5.045D-01
 -8.462D-04  8.590D-01
 -1.466D-03  4.379D-01
 -9.139D-04  8.664D-01
 -1.821D-03  3.526D-01
 -9.845D-04  8.742D-01
 -2.425D-03  2.384D-01
 -1.058D-03  8.828D-01
 -3.849D-03  7.055D-02
 -1.132D-03  8.929D-01
 -3.353D-05  7.729D-01
 -5.264D-05  7.719D-01
 -7.036D-05  7.740D-01
 -8.813D-05  7.710D-01
 -1.051D-04  7.758D-01
 -1.233D-04  7.697D-01
 -1.398D-04  7.781D-01
 -1.593D-04  7.677D-01
 -1.751D-04  7.811D-01
 -1.966D-04  7.650D-01
 -2.112D-04  7.845D-01
 -2.357D-04  7.614D-01
 -2.483D-04  7.884D-01
 -2.771D-04  7.566D-01
 -2.868D-04  7.928D-01
 -3.213D-04  7.505D-01
 -3.267D-04  7.976D-01
 -3.689D-04  7.426D-01
 -3.683D-04  8.027D-01
 -4.208D-04  7.326D-01
 -4.116D-04  8.081D-01
 -4.777D-04  7.202D-01
 -4.570D-04  8.137D-01
 -5.409D-04  7.047D-01
 -5.046D-04  8.196D-01
 -6.121D-04  6.857D-01
 -5.544D-04  8.256D-01
 -6.934D-04  6.624D-01
 -6.067D-04  8.318D-01
 -7.878D-04  6.339D-01
 -6.616D-04  8.382D-01
 -9.000D-04  5.991D-01
 -7.192D-04  8.447D-01
 -1.037D-03  5.563D-01
 -7.795D-04  8.513D-01
 -1.211D-03  5.033D-01
 -8.428D-04  8.581D-01
 -1.445D-03  4.368D-01
 -9.088D-04  8.652D-01
 -1.787D-03  3.512D-01
 -9.777D-04  8.727D-01
 -2.366D-03  2.361D-01
 -1.049D-03  8.810D-01
 -3.730D-03  6.533D-02
 -1.122D-03  8.905D-01
 -3.239D-05  7.707D-01
 -5.074D-05  7.719D-01
 -6.808D-05  7.701D-01
 -8.472D-05  7.733D-01
 -1.019D-04  7.692D-01
 -1.181D-04  7.753D-01
 -1.361D-04  7.678D-01
 -1.518D-04  7.778D-01
 -1.713D-04  7.657D-01
 -1.861D-04  7.809D-01
 -2.078D-04  7.630D-01
 -2.214D-04  7.845D-01
 -2.462D-04  7.593D-01
 -2.577D-04  7.885D-01
 -2.869D-04  7.544D-01
 -2.954D-04  7.929D-01
 -3.304D-04  7.482D-01
 -3.344D-04  7.977D-01
 -3.773D-04  7.402D-01
 -3.752D-04  8.028D-01
 -4.282D-04  7.302D-01
 -4.177D-04  8.082D-01
 -4.842D-04  7.178D-01
 -4.621D-04  8.138D-01
 -5.463D-04  7.024D-01
 -5.087D-04  8.195D-01
 -6.160D-04  6.834D-01
 -5.575D-04  8.254D-01
 -6.955D-04  6.603D-01
 -6.087D-04  8.315D-01
 -7.877D-04  6.320D-01
 -6.624D-04  8.376D-01
 -8.969D-04  5.974D-01
 -7.187D-04  8.439D-01
 -1.030D-03  5.548D-01
 -7.776D-04  8.503D-01
 -1.199D-03  5.021D-01
 -8.394D-04  8.568D-01
 -1.424D-03  4.358D-01
 -9.039D-04  8.636D-01
 -1.754D-03  3.501D-01
 -9.710D-04  8.708D-01
 -2.309D-03  2.341D-01
 -1.041D-03  8.786D-01
 -3.615D-03  6.065D-02
 -1.112D-03  8.876D-01
 -3.127D-05  7.699D-01
 -4.907D-05  7.690D-01
 -6.560D-05  7.709D-01
 -8.210D-05  7.683D-01
 -9.794D-05  7.726D-01
 -1.148D-04  7.673D-01
 -1.303D-04  7.747D-01
 -1.481D-04  7.658D-01
 -1.630D-04  7.775D-01
 -1.825D-04  7.637D-01
 -1.965D-04  7.807D-01
 -2.184D-04  7.608D-01
 -2.310D-04  7.844D-01
 -2.561D-04  7.570D-01
 -2.665D-04  7.885D-01
 -2.961D-04  7.521D-01
 -3.034D-04  7.929D-01
 -3.389D-04  7.458D-01
 -3.417D-04  7.977D-01
 -3.850D-04  7.378D-01
 -3.816D-04  8.028D-01
 -4.352D-04  7.277D-01
 -4.233D-04  8.081D-01
 -4.901D-04  7.153D-01
 -4.669D-04  8.135D-01
 -5.511D-04  6.999D-01
 -5.125D-04  8.191D-01
 -6.194D-04  6.811D-01
 -5.603D-04  8.249D-01
 -6.971D-04  6.581D-01
 -6.104D-04  8.307D-01
 -7.871D-04  6.300D-01
 -6.630D-04  8.367D-01
 -8.933D-04  5.956D-01
 -7.180D-04  8.427D-01
 -1.023D-03  5.533D-01
 -7.757D-04  8.488D-01
 -1.186D-03  5.009D-01
 -8.360D-04  8.551D-01
 -1.404D-03  4.348D-01
 -8.989D-04  8.615D-01
 -1.721D-03  3.491D-01
 -9.644D-04  8.683D-01
 -2.254D-03  2.324D-01
 -1.032D-03  8.757D-01
 -3.504D-03  5.646D-02
 -1.102D-03  8.842D-01
 -3.024D-05  7.677D-01
 -4.737D-05  7.687D-01
 -6.353D-05  7.672D-01
 -7.908D-05  7.700D-01
 -9.507D-05  7.665D-01
 -1.102D-04  7.718D-01
 -1.268D-04  7.653D-01
 -1.416D-04  7.742D-01
 -1.594D-04  7.638D-01
 -1.735D-04  7.771D-01
 -1.931D-04  7.616D-01
 -2.063D-04  7.804D-01
 -2.283D-04  7.586D-01
 -2.400D-04  7.842D-01
 -2.654D-04  7.547D-01
 -2.748D-04  7.883D-01
 -3.048D-04  7.497D-01
 -3.109D-04  7.928D-01
 -3.469D-04  7.433D-01
 -3.485D-04  7.975D-01
 -3.923D-04  7.353D-01
 -3.877D-04  8.025D-01
 -4.416D-04  7.252D-01
 -4.285D-04  8.077D-01
 -4.956D-04  7.127D-01
 -4.713D-04  8.130D-01
 -5.554D-04  6.974D-01
 -5.160D-04  8.185D-01
 -6.223D-04  6.786D-01
 -5.629D-04  8.240D-01
 -6.983D-04  6.557D-01
 -6.119D-04  8.297D-01
 -7.860D-04  6.278D-01
 -6.634D-04  8.353D-01
 -8.895D-04  5.937D-01
 -7.172D-04  8.411D-01
 -1.015D-03  5.518D-01
 -7.736D-04  8.469D-01
 -1.173D-03  4.997D-01
 -8.325D-04  8.529D-01
 -1.383D-03  4.338D-01
 -8.940D-04  8.590D-01
 -1.688D-03  3.482D-01
 -9.580D-04  8.654D-01
 -2.200D-03  2.310D-01
 -1.024D-03  8.724D-01
 -3.397D-03  5.273D-02
 -1.092D-03  8.804D-01
 -2.923D-05  7.666D-01
 -4.587D-05  7.659D-01
 -6.132D-05  7.676D-01
 -7.670D-05  7.654D-01
 -9.153D-05  7.691D-01
 -1.071D-04  7.645D-01
 -1.217D-04  7.711D-01
 -1.381D-04  7.633D-01
 -1.522D-04  7.737D-01
 -1.699D-04  7.617D-01
 -1.834D-04  7.767D-01
 -2.030D-04  7.594D-01
 -2.154D-04  7.801D-01
 -2.376D-04  7.563D-01
 -2.484D-04  7.838D-01
 -2.741D-04  7.524D-01
 -2.826D-04  7.880D-01
 -3.129D-04  7.473D-01
 -3.180D-04  7.924D-01
 -3.544D-04  7.408D-01
 -3.549D-04  7.971D-01
 -3.990D-04  7.326D-01
 -3.933D-04  8.020D-01
 -4.475D-04  7.225D-01
 -4.334D-04  8.070D-01
 -5.005D-04  7.100D-01
 -4.753D-04  8.122D-01
 -5.592D-04  6.947D-01
 -5.192D-04  8.175D-01
 -6.247D-04  6.760D-01
 -5.651D-04  8.228D-01
 -6.990D-04  6.533D-01
 -6.132D-04  8.282D-01
 -7.846D-04  6.256D-01
 -6.636D-04  8.336D-01
 -8.853D-04  5.917D-01
 -7.163D-04  8.391D-01
 -1.007D-03  5.501D-01
 -7.714D-04  8.447D-01
 -1.160D-03  4.983D-01
 -8.290D-04  8.503D-01
 -1.363D-03  4.328D-01
 -8.891D-04  8.561D-01
 -1.656D-03  3.473D-01
 -9.516D-04  8.621D-01
 -2.148D-03  2.298D-01
 -1.016D-03  8.686D-01
 -3.294D-03  4.940D-02
 -1.083D-03  8.761D-01
 -2.831D-05  7.644D-01
 -4.434D-05  7.653D-01
 -5.944D-05  7.640D-01
 -7.400D-05  7.665D-01
 -8.889D-05  7.635D-01
 -1.031D-04  7.682D-01
 -1.185D-04  7.626D-01
 -1.324D-04  7.704D-01
 -1.487D-04  7.613D-01
 -1.622D-04  7.731D-01
 -1.799D-04  7.595D-01
 -1.927D-04  7.761D-01
 -2.124D-04  7.571D-01
 -2.241D-04  7.796D-01
 -2.465D-04  7.540D-01
 -2.564D-04  7.834D-01
 -2.824D-04  7.499D-01
 -2.899D-04  7.875D-01
 -3.205D-04  7.447D-01
 -3.247D-04  7.918D-01
 -3.613D-04  7.381D-01
 -3.609D-04  7.964D-01
 -4.053D-04  7.299D-01
 -3.986D-04  8.012D-01
 -4.529D-04  7.197D-01
 -4.380D-04  8.061D-01
 -5.050D-04  7.072D-01
 -4.791D-04  8.111D-01
 -5.625D-04  6.919D-01
 -5.221D-04  8.161D-01
 -6.267D-04  6.733D-01
 -5.672D-04  8.213D-01
 -6.994D-04  6.507D-01
 -6.143D-04  8.264D-01
 -7.828D-04  6.232D-01
 -6.636D-04  8.316D-01
 -8.808D-04  5.896D-01
 -7.152D-04  8.368D-01
 -9.989D-04  5.483D-01
 -7.692D-04  8.420D-01
 -1.147D-03  4.969D-01
 -8.255D-04  8.473D-01
 -1.343D-03  4.318D-01
 -8.842D-04  8.527D-01
 -1.625D-03  3.465D-01
 -9.453D-04  8.584D-01
 -2.097D-03  2.287D-01
 -1.008D-03  8.645D-01
 -3.195D-03  4.645D-02
 -1.073D-03  8.715D-01
 -2.739D-05  7.632D-01
 -4.297D-05  7.626D-01
 -5.745D-05  7.641D-01
 -7.182D-05  7.621D-01
 -8.574D-05  7.655D-01
 -1.003D-04  7.615D-01
 -1.139D-04  7.673D-01
 -1.291D-04  7.605D-01
 -1.425D-04  7.697D-01
 -1.587D-04  7.591D-01
 -1.716D-04  7.724D-01
 -1.893D-04  7.572D-01
 -2.015D-04  7.755D-01
 -2.213D-04  7.547D-01
 -2.322D-04  7.790D-01
 -2.548D-04  7.515D-01
 -2.639D-04  7.827D-01
 -2.901D-04  7.473D-01
 -2.968D-04  7.868D-01
 -3.277D-04  7.420D-01
 -3.310D-04  7.911D-01
 -3.678D-04  7.353D-01
 -3.665D-04  7.955D-01
 -4.111D-04  7.270D-01
 -4.035D-04  8.001D-01
 -4.579D-04  7.167D-01
 -4.422D-04  8.048D-01
 -5.091D-04  7.042D-01
 -4.826D-04  8.096D-01
 -5.655D-04  6.889D-01
 -5.248D-04  8.145D-01
 -6.284D-04  6.704D-01
 -5.690D-04  8.194D-01
 -6.993D-04  6.479D-01
 -6.152D-04  8.243D-01
 -7.807D-04  6.206D-01
 -6.635D-04  8.291D-01
 -8.760D-04  5.873D-01
 -7.140D-04  8.340D-01
 -9.907D-04  5.464D-01
 -7.668D-04  8.390D-01
 -1.134D-03  4.954D-01
 -8.219D-04  8.439D-01
 -1.323D-03  4.307D-01
 -8.793D-04  8.490D-01
 -1.595D-03  3.457D-01
 -9.390D-04  8.542D-01
 -2.048D-03  2.277D-01
 -1.001D-03  8.599D-01
 -3.100D-03  4.383D-02
 -1.064D-03  8.664D-01
 -2.655D-05  7.610D-01
 -4.159D-05  7.618D-01
 -5.574D-05  7.607D-01
 -6.941D-05  7.629D-01
 -8.331D-05  7.602D-01
 -9.668D-05  7.644D-01
 -1.110D-04  7.594D-01
 -1.241D-04  7.664D-01
 -1.391D-04  7.583D-01
 -1.520D-04  7.688D-01
 -1.682D-04  7.569D-01
 -1.805D-04  7.716D-01
 -1.982D-04  7.549D-01
 -2.097D-04  7.747D-01
 -2.296D-04  7.523D-01
 -2.399D-04  7.782D-01
 -2.626D-04  7.489D-01
 -2.710D-04  7.819D-01
 -2.974D-04  7.445D-01
 -3.033D-04  7.859D-01
 -3.344D-04  7.391D-01
 -3.368D-04  7.900D-01
 -3.739D-04  7.323D-01
 -3.718D-04  7.944D-01
 -4.165D-04  7.239D-01
 -4.081D-04  7.988D-01
 -4.625D-04  7.136D-01
 -4.461D-04  8.033D-01
 -5.127D-04  7.010D-01
 -4.858D-04  8.079D-01
 -5.680D-04  6.858D-01
 -5.272D-04  8.125D-01
 -6.296D-04  6.673D-01
 -5.706D-04  8.171D-01
 -6.989D-04  6.450D-01
 -6.159D-04  8.218D-01
 -7.783D-04  6.179D-01
 -6.632D-04  8.264D-01
 -8.710D-04  5.849D-01
 -7.127D-04  8.310D-01
 -9.823D-04  5.443D-01
 -7.644D-04  8.355D-01
 -1.121D-03  4.938D-01
 -8.183D-04  8.402D-01
 -1.304D-03  4.295D-01
 -8.745D-04  8.449D-01
 -1.565D-03  3.448D-01
 -9.328D-04  8.497D-01
 -2.000D-03  2.269D-01
 -9.931D-04  8.550D-01
 -3.008D-03  4.150D-02
 -1.055D-03  8.610D-01
 -2.573D-05  7.596D-01
 -4.035D-05  7.591D-01
 -5.395D-05  7.604D-01
 -6.741D-05  7.587D-01
 -8.049D-05  7.617D-01
 -9.405D-05  7.581D-01
 -1.069D-04  7.634D-01
 -1.210D-04  7.573D-01
 -1.337D-04  7.655D-01
 -1.486D-04  7.561D-01
 -1.609D-04  7.679D-01
 -1.771D-04  7.545D-01
 -1.888D-04  7.707D-01
 -2.066D-04  7.524D-01
 -2.175D-04  7.739D-01
 -2.375D-04  7.497D-01
 -2.471D-04  7.773D-01
 -2.700D-04  7.461D-01
 -2.777D-04  7.809D-01
 -3.043D-04  7.417D-01
 -3.094D-04  7.848D-01
 -3.407D-04  7.361D-01
 -3.424D-04  7.888D-01
 -3.796D-04  7.291D-01
 -3.767D-04  7.930D-01
 -4.214D-04  7.206D-01
 -4.125D-04  7.972D-01
 -4.667D-04  7.103D-01
 -4.498D-04  8.015D-01
 -5.160D-04  6.977D-01
 -4.887D-04  8.059D-01
 -5.702D-04  6.824D-01
 -5.294D-04  8.103D-01
 -6.305D-04  6.641D-01
 -5.719D-04  8.146D-01
 -6.982D-04  6.419D-01
 -6.164D-04  8.189D-01
 -7.755D-04  6.150D-01
 -6.628D-04  8.232D-01
 -8.657D-04  5.823D-01
 -7.113D-04  8.275D-01
 -9.738D-04  5.421D-01
 -7.619D-04  8.318D-01
 -1.108D-03  4.920D-01
 -8.146D-04  8.360D-01
 -1.284D-03  4.281D-01
 -8.696D-04  8.404D-01
 -1.536D-03  3.439D-01
 -9.266D-04  8.449D-01
 -1.954D-03  2.261D-01
 -9.856D-04  8.497D-01
 -2.919D-03  3.944D-02
 -1.046D-03  8.552D-01
 -2.496D-05  7.573D-01
 -3.910D-05  7.581D-01
 -5.238D-05  7.571D-01
 -6.523D-05  7.591D-01
 -7.825D-05  7.566D-01
 -9.085D-05  7.605D-01
 -1.042D-04  7.560D-01
 -1.166D-04  7.623D-01
 -1.305D-04  7.550D-01
 -1.427D-04  7.644D-01
 -1.576D-04  7.538D-01
 -1.694D-04  7.669D-01
 -1.855D-04  7.520D-01
 -1.967D-04  7.697D-01
 -2.146D-04  7.498D-01
 -2.249D-04  7.728D-01
 -2.450D-04  7.469D-01
 -2.539D-04  7.762D-01
 -2.770D-04  7.432D-01
 -2.840D-04  7.797D-01
 -3.107D-04  7.386D-01
 -3.152D-04  7.835D-01
 -3.466D-04  7.329D-01
 -3.476D-04  7.873D-01
 -3.849D-04  7.258D-01
 -3.813D-04  7.913D-01
 -4.260D-04  7.172D-01
 -4.165D-04  7.954D-01
 -4.705D-04  7.068D-01
 -4.531D-04  7.995D-01
 -5.189D-04  6.941D-01
 -4.914D-04  8.036D-01
 -5.721D-04  6.789D-01
 -5.314D-04  8.077D-01
 -6.310D-04  6.606D-01
 -5.731D-04  8.117D-01
 -6.972D-04  6.385D-01
 -6.167D-04  8.158D-01
 -7.726D-04  6.119D-01
 -6.622D-04  8.198D-01
 -8.603D-04  5.794D-01
 -7.097D-04  8.237D-01
 -9.651D-04  5.396D-01
 -7.593D-04  8.277D-01
 -1.095D-03  4.900D-01
 -8.109D-04  8.316D-01
 -1.265D-03  4.267D-01
 -8.646D-04  8.355D-01
 -1.508D-03  3.429D-01
 -9.204D-04  8.396D-01
 -1.909D-03  2.253D-01
 -9.781D-04  8.440D-01
 -2.834D-03  3.759D-02
 -1.037D-03  8.491D-01
 -2.421D-05  7.559D-01
 -3.796D-05  7.554D-01
 -5.076D-05  7.566D-01
 -6.340D-05  7.550D-01
 -7.572D-05  7.577D-01
 -8.841D-05  7.545D-01
 -1.006D-04  7.592D-01
 -1.137D-04  7.537D-01
 -1.257D-04  7.611D-01
 -1.395D-04  7.527D-01
 -1.512D-04  7.633D-01
 -1.660D-04  7.513D-01
 -1.774D-04  7.658D-01
 -1.935D-04  7.494D-01
 -2.042D-04  7.686D-01
 -2.221D-04  7.470D-01
 -2.318D-04  7.716D-01
 -2.521D-04  7.440D-01
 -2.604D-04  7.749D-01
 -2.836D-04  7.402D-01
 -2.900D-04  7.783D-01
 -3.168D-04  7.354D-01
 -3.206D-04  7.819D-01
 -3.521D-04  7.295D-01
 -3.525D-04  7.856D-01
 -3.898D-04  7.223D-01
 -3.857D-04  7.894D-01
 -4.303D-04  7.136D-01
 -4.202D-04  7.932D-01
 -4.740D-04  7.031D-01
 -4.563D-04  7.971D-01
 -5.215D-04  6.904D-01
 -4.939D-04  8.010D-01
 -5.736D-04  6.752D-01
 -5.331D-04  8.048D-01
 -6.312D-04  6.569D-01
 -5.741D-04  8.086D-01
 -6.958D-04  6.350D-01
 -6.168D-04  8.123D-01
 -7.694D-04  6.085D-01
 -6.615D-04  8.160D-01
 -8.547D-04  5.764D-01
 -7.080D-04  8.196D-01
 -9.564D-04  5.369D-01
 -7.566D-04  8.232D-01
 -1.082D-03  4.878D-01
 -8.071D-04  8.268D-01
 -1.247D-03  4.250D-01
 -8.597D-04  8.304D-01
 -1.480D-03  3.418D-01
 -9.142D-04  8.341D-01
 -1.866D-03  2.245D-01
 -9.706D-04  8.381D-01
 -2.752D-03  3.593D-02
 -1.029D-03  8.427D-01
 -2.351D-05  7.536D-01
 -3.682D-05  7.542D-01
 -4.932D-05  7.533D-01
 -6.143D-05  7.551D-01
 -7.365D-05  7.529D-01
 -8.553D-05  7.563D-01
 -9.798D-05  7.523D-01
 -1.097D-04  7.579D-01
 -1.227D-04  7.514D-01
 -1.343D-04  7.598D-01
 -1.480D-04  7.502D-01
 -1.593D-04  7.620D-01
 -1.741D-04  7.487D-01
 -1.849D-04  7.645D-01
 -2.011D-04  7.467D-01
 -2.113D-04  7.673D-01
 -2.293D-04  7.441D-01
 -2.384D-04  7.703D-01
 -2.588D-04  7.409D-01
 -2.665D-04  7.734D-01
 -2.898D-04  7.369D-01
 -2.956D-04  7.767D-01
 -3.225D-04  7.320D-01
 -3.257D-04  7.802D-01
 -3.573D-04  7.259D-01
 -3.571D-04  7.837D-01
 -3.944D-04  7.186D-01
 -3.897D-04  7.873D-01
 -4.342D-04  7.098D-01
 -4.237D-04  7.909D-01
 -4.771D-04  6.991D-01
 -4.591D-04  7.945D-01
 -5.237D-04  6.864D-01
 -4.961D-04  7.980D-01
 -5.747D-04  6.712D-01
 -5.346D-04  8.016D-01
 -6.312D-04  6.530D-01
 -5.749D-04  8.051D-01
 -6.943D-04  6.312D-01
 -6.168D-04  8.085D-01
 -7.659D-04  6.050D-01
 -6.606D-04  8.119D-01
 -8.489D-04  5.731D-01
 -7.062D-04  8.152D-01
 -9.476D-04  5.341D-01
 -7.538D-04  8.185D-01
 -1.069D-03  4.854D-01
 -8.033D-04  8.217D-01
 -1.228D-03  4.232D-01
 -8.547D-04  8.249D-01
 -1.453D-03  3.406D-01
 -9.080D-04  8.283D-01
 -1.823D-03  2.236D-01
 -9.632D-04  8.318D-01
 -2.674D-03  3.443D-02
 -1.020D-03  8.359D-01
 -2.282D-05  7.520D-01
 -3.578D-05  7.515D-01
 -4.785D-05  7.526D-01
 -5.974D-05  7.512D-01
 -7.136D-05  7.536D-01
 -8.327D-05  7.506D-01
 -9.476D-05  7.549D-01
 -1.070D-04  7.499D-01
 -1.184D-04  7.565D-01
 -1.312D-04  7.489D-01
 -1.424D-04  7.585D-01
 -1.560D-04  7.476D-01
 -1.669D-04  7.607D-01
 -1.817D-04  7.459D-01
 -1.921D-04  7.632D-01
 -2.083D-04  7.438D-01
 -2.180D-04  7.658D-01
 -2.360D-04  7.410D-01
 -2.447D-04  7.687D-01
 -2.651D-04  7.377D-01
 -2.723D-04  7.717D-01
 -2.956D-04  7.335D-01
 -3.009D-04  7.749D-01
 -3.279D-04  7.284D-01
 -3.306D-04  7.782D-01
 -3.621D-04  7.222D-01
 -3.614D-04  7.815D-01
 -3.986D-04  7.147D-01
 -3.935D-04  7.848D-01
 -4.377D-04  7.057D-01
 -4.270D-04  7.882D-01
 -4.799D-04  6.950D-01
 -4.618D-04  7.915D-01
 -5.256D-04  6.822D-01
 -4.981D-04  7.949D-01
 -5.756D-04  6.670D-01
 -5.360D-04  7.981D-01
 -6.308D-04  6.489D-01
 -5.755D-04  8.013D-01
 -6.924D-04  6.272D-01
 -6.166D-04  8.045D-01
 -7.623D-04  6.012D-01
 -6.596D-04  8.075D-01
 -8.430D-04  5.696D-01
 -7.043D-04  8.105D-01
 -9.388D-04  5.310D-01
 -7.509D-04  8.134D-01
 -1.057D-03  4.828D-01
 -7.993D-04  8.163D-01
 -1.210D-03  4.212D-01
 -8.496D-04  8.192D-01
 -1.427D-03  3.392D-01
 -9.018D-04  8.221D-01
 -1.783D-03  2.227D-01
 -9.558D-04  8.253D-01
 -2.598D-03  3.305D-02
 -1.011D-03  8.290D-01
 -2.218D-05  7.496D-01
 -3.474D-05  7.502D-01
 -4.653D-05  7.493D-01
 -5.795D-05  7.510D-01
 -6.945D-05  7.489D-01
 -8.067D-05  7.520D-01
 -9.234D-05  7.483D-01
 -1.035D-04  7.534D-01
 -1.156D-04  7.475D-01
 -1.266D-04  7.551D-01
 -1.393D-04  7.463D-01
 -1.501D-04  7.570D-01
 -1.637D-04  7.449D-01
 -1.742D-04  7.592D-01
 -1.889D-04  7.430D-01
 -1.989D-04  7.616D-01
 -2.151D-04  7.407D-01
 -2.243D-04  7.642D-01
 -2.424D-04  7.378D-01
 -2.506D-04  7.670D-01
 -2.710D-04  7.342D-01
 -2.778D-04  7.699D-01
 -3.011D-04  7.298D-01
 -3.059D-04  7.729D-01
 -3.329D-04  7.246D-01
 -3.351D-04  7.759D-01
 -3.666D-04  7.182D-01
 -3.655D-04  7.790D-01
 -4.025D-04  7.106D-01
 -3.971D-04  7.821D-01
 -4.410D-04  7.015D-01
 -4.300D-04  7.853D-01
 -4.824D-04  6.907D-01
 -4.642D-04  7.883D-01
 -5.272D-04  6.778D-01
 -4.999D-04  7.914D-01
 -5.762D-04  6.626D-01
 -5.371D-04  7.944D-01
 -6.302D-04  6.445D-01
 -5.759D-04  7.973D-01
 -6.904D-04  6.230D-01
 -6.163D-04  8.001D-01
 -7.584D-04  5.971D-01
 -6.584D-04  8.028D-01
 -8.369D-04  5.659D-01
 -7.022D-04  8.055D-01
 -9.299D-04  5.276D-01
 -7.479D-04  8.080D-01
 -1.044D-03  4.800D-01
 -7.953D-04  8.106D-01
 -1.192D-03  4.190D-01
 -8.446D-04  8.131D-01
 -1.401D-03  3.377D-01
 -8.956D-04  8.157D-01
 -1.743D-03  2.217D-01
 -9.484D-04  8.185D-01
 -2.525D-03  3.176D-02
 -1.003D-03  8.217D-01
 -2.155D-05  7.479D-01
 -3.379D-05  7.474D-01
 -4.518D-05  7.484D-01
 -5.639D-05  7.471D-01
 -6.737D-05  7.493D-01
 -7.858D-05  7.466D-01
 -8.944D-05  7.504D-01
 -1.009D-04  7.458D-01
 -1.117D-04  7.519D-01
 -1.237D-04  7.449D-01
 -1.343D-04  7.535D-01
 -1.469D-04  7.436D-01
 -1.574D-04  7.555D-01
 -1.709D-04  7.420D-01
 -1.810D-04  7.576D-01
 -1.958D-04  7.400D-01
 -2.053D-04  7.599D-01
 -2.215D-04  7.374D-01
 -2.304D-04  7.624D-01
 -2.485D-04  7.344D-01
 -2.562D-04  7.650D-01
 -2.767D-04  7.306D-01
 -2.829D-04  7.678D-01
 -3.063D-04  7.260D-01
 -3.107D-04  7.706D-01
 -3.376D-04  7.205D-01
 -3.394D-04  7.734D-01
 -3.708D-04  7.140D-01
 -3.693D-04  7.763D-01
 -4.061D-04  7.062D-01
 -4.004D-04  7.792D-01
 -4.439D-04  6.970D-01
 -4.327D-04  7.821D-01
 -4.846D-04  6.861D-01
 -4.664D-04  7.849D-01
 -5.286D-04  6.732D-01
 -5.015D-04  7.876D-01
 -5.765D-04  6.580D-01
 -5.380D-04  7.903D-01
 -6.293D-04  6.400D-01
 -5.761D-04  7.929D-01
 -6.881D-04  6.185D-01
 -6.158D-04  7.954D-01
 -7.544D-04  5.929D-01
 -6.571D-04  7.978D-01
 -8.308D-04  5.619D-01
 -7.001D-04  8.002D-01
 -9.210D-04  5.241D-01
 -7.448D-04  8.024D-01
 -1.032D-03  4.769D-01
 -7.912D-04  8.046D-01
 -1.175D-03  4.165D-01
 -8.394D-04  8.068D-01
 -1.376D-03  3.360D-01
 -8.894D-04  8.090D-01
 -1.704D-03  2.207D-01
 -9.410D-04  8.114D-01
 -2.454D-03  3.054D-02
 -9.939D-04  8.142D-01
 -2.096D-05  7.455D-01
 -3.284D-05  7.460D-01
 -4.396D-05  7.452D-01
 -5.476D-05  7.467D-01
 -6.561D-05  7.447D-01
 -7.622D-05  7.476D-01
 -8.719D-05  7.441D-01
 -9.773D-05  7.488D-01
 -1.090D-04  7.433D-01
 -1.195D-04  7.502D-01
 -1.313D-04  7.421D-01
 -1.417D-04  7.519D-01
 -1.542D-04  7.407D-01
 -1.643D-04  7.538D-01
 -1.778D-04  7.389D-01
 -1.876D-04  7.558D-01
 -2.023D-04  7.367D-01
 -2.115D-04  7.581D-01
 -2.277D-04  7.340D-01
 -2.361D-04  7.604D-01
 -2.542D-04  7.307D-01
 -2.615D-04  7.629D-01
 -2.820D-04  7.267D-01
 -2.878D-04  7.655D-01
 -3.112D-04  7.220D-01
 -3.151D-04  7.681D-01
 -3.420D-04  7.163D-01
 -3.434D-04  7.707D-01
 -3.747D-04  7.096D-01
 -3.729D-04  7.734D-01
 -4.094D-04  7.017D-01
 -4.035D-04  7.760D-01
 -4.466D-04  6.923D-01
 -4.353D-04  7.786D-01
 -4.865D-04  6.813D-01
 -4.684D-04  7.812D-01
 -5.296D-04  6.684D-01
 -5.029D-04  7.836D-01
 -5.766D-04  6.531D-01
 -5.388D-04  7.860D-01
 -6.282D-04  6.351D-01
 -5.762D-04  7.883D-01
 -6.856D-04  6.138D-01
 -6.151D-04  7.905D-01
 -7.502D-04  5.883D-01
 -6.557D-04  7.926D-01
 -8.245D-04  5.577D-01
 -6.978D-04  7.946D-01
 -9.120D-04  5.202D-01
 -7.416D-04  7.965D-01
 -1.019D-03  4.736D-01
 -7.871D-04  7.984D-01
 -1.157D-03  4.139D-01
 -8.343D-04  8.002D-01
 -1.351D-03  3.340D-01
 -8.831D-04  8.021D-01
 -1.667D-03  2.194D-01
 -9.336D-04  8.041D-01
 -2.387D-03  2.935D-02
 -9.854D-04  8.065D-01
 -2.039D-05  7.436D-01
 -3.195D-05  7.432D-01
 -4.273D-05  7.441D-01
 -5.332D-05  7.428D-01
 -6.371D-05  7.448D-01
 -7.427D-05  7.423D-01
 -8.456D-05  7.458D-01
 -9.534D-05  7.415D-01
 -1.056D-04  7.470D-01
 -1.168D-04  7.405D-01
 -1.269D-04  7.485D-01
 -1.386D-04  7.393D-01
 -1.487D-04  7.501D-01
 -1.611D-04  7.377D-01
 -1.709D-04  7.519D-01
 -1.844D-04  7.357D-01
 -1.938D-04  7.539D-01
 -2.084D-04  7.333D-01
 -2.173D-04  7.560D-01
 -2.335D-04  7.304D-01
 -2.415D-04  7.583D-01
 -2.596D-04  7.269D-01
 -2.665D-04  7.606D-01
 -2.870D-04  7.227D-01
 -2.925D-04  7.630D-01
 -3.158D-04  7.177D-01
 -3.193D-04  7.654D-01
 -3.461D-04  7.119D-01
 -3.472D-04  7.678D-01
 -3.783D-04  7.050D-01
 -3.762D-04  7.702D-01
 -4.124D-04  6.969D-01
 -4.063D-04  7.726D-01
 -4.489D-04  6.874D-01
 -4.376D-04  7.749D-01
 -4.881D-04  6.763D-01
 -4.702D-04  7.772D-01
 -5.304D-04  6.633D-01
 -5.041D-04  7.794D-01
 -5.764D-04  6.480D-01
 -5.394D-04  7.815D-01
 -6.269D-04  6.301D-01
 -5.761D-04  7.835D-01
 -6.829D-04  6.088D-01
 -6.143D-04  7.853D-01
 -7.458D-04  5.836D-01
 -6.541D-04  7.871D-01
 -8.181D-04  5.532D-01
 -6.954D-04  7.888D-01
 -9.031D-04  5.161D-01
 -7.383D-04  7.904D-01
 -1.007D-03  4.700D-01
 -7.829D-04  7.919D-01
 -1.140D-03  4.109D-01
 -8.291D-04  7.934D-01
 -1.327D-03  3.319D-01
 -8.769D-04  7.949D-01
 -1.631D-03  2.181D-01
 -9.262D-04  7.966D-01
 -2.322D-03  2.818D-02
 -9.769D-04  7.986D-01
 -1.984D-05  7.412D-01
 -3.108D-05  7.417D-01
 -4.161D-05  7.409D-01
 -5.183D-05  7.422D-01
 -6.207D-05  7.404D-01
 -7.212D-05  7.430D-01
 -8.246D-05  7.397D-01
 -9.246D-05  7.440D-01
 -1.031D-04  7.388D-01
 -1.130D-04  7.452D-01
 -1.241D-04  7.377D-01
 -1.339D-04  7.466D-01
 -1.456D-04  7.362D-01
 -1.553D-04  7.482D-01
 -1.677D-04  7.345D-01
 -1.772D-04  7.500D-01
 -1.906D-04  7.323D-01
 -1.996D-04  7.518D-01
 -2.143D-04  7.297D-01
 -2.228D-04  7.538D-01
 -2.390D-04  7.266D-01
 -2.466D-04  7.559D-01
 -2.647D-04  7.229D-01
 -2.713D-04  7.580D-01
 -2.917D-04  7.185D-01
 -2.969D-04  7.602D-01
 -3.200D-04  7.133D-01
 -3.233D-04  7.624D-01
 -3.499D-04  7.072D-01
 -3.508D-04  7.646D-01
 -3.816D-04  7.001D-01
 -3.793D-04  7.668D-01
 -4.152D-04  6.919D-01
 -4.089D-04  7.689D-01
 -4.511D-04  6.822D-01
 -4.398D-04  7.710D-01
 -4.895D-04  6.710D-01
 -4.718D-04  7.729D-01
 -5.310D-04  6.579D-01
 -5.051D-04  7.748D-01
 -5.760D-04  6.427D-01
 -5.398D-04  7.766D-01
 -6.253D-04  6.248D-01
 -5.759D-04  7.783D-01
 -6.800D-04  6.036D-01
 -6.134D-04  7.799D-01
 -7.413D-04  5.786D-01
 -6.524D-04  7.814D-01
 -8.116D-04  5.485D-01
 -6.929D-04  7.827D-01
 -8.941D-04  5.118D-01
 -7.349D-04  7.840D-01
 -9.945D-04  4.662D-01
 -7.786D-04  7.852D-01
 -1.123D-03  4.078D-01
 -8.238D-04  7.864D-01
 -1.304D-03  3.295D-01
 -8.705D-04  7.875D-01
 -1.596D-03  2.166D-01
 -9.188D-04  7.888D-01
 -2.259D-03  2.699D-02
 -9.684D-04  7.904D-01
 -1.931D-05  7.392D-01
 -3.027D-05  7.388D-01
 -4.047D-05  7.396D-01
 -5.050D-05  7.384D-01
 -6.033D-05  7.402D-01
 -7.031D-05  7.378D-01
 -8.007D-05  7.411D-01
 -9.022D-05  7.370D-01
 -9.994D-05  7.421D-01
 -1.104D-04  7.360D-01
 -1.201D-04  7.433D-01
 -1.310D-04  7.347D-01
 -1.406D-04  7.446D-01
 -1.522D-04  7.330D-01
 -1.616D-04  7.462D-01
 -1.740D-04  7.311D-01
 -1.831D-04  7.478D-01
 -1.965D-04  7.287D-01
 -2.052D-04  7.496D-01
 -2.199D-04  7.259D-01
 -2.280D-04  7.514D-01
 -2.442D-04  7.225D-01
 -2.515D-04  7.533D-01
 -2.696D-04  7.186D-01
 -2.758D-04  7.553D-01
 -2.961D-04  7.140D-01
 -3.010D-04  7.573D-01
 -3.241D-04  7.086D-01
 -3.271D-04  7.592D-01
 -3.535D-04  7.023D-01
 -3.541D-04  7.612D-01
 -3.846D-04  6.951D-01
 -3.822D-04  7.631D-01
 -4.177D-04  6.866D-01
 -4.114D-04  7.650D-01
 -4.529D-04  6.769D-01
 -4.417D-04  7.668D-01
 -4.906D-04  6.655D-01
 -4.732D-04  7.685D-01
 -5.313D-04  6.524D-01
 -5.060D-04  7.701D-01
 -5.754D-04  6.371D-01
 -5.400D-04  7.716D-01
 -6.236D-04  6.192D-01
 -5.755D-04  7.730D-01
 -6.769D-04  5.982D-01
 -6.123D-04  7.742D-01
 -7.367D-04  5.733D-01
 -6.505D-04  7.754D-01
 -8.050D-04  5.435D-01
 -6.902D-04  7.765D-01
 -8.851D-04  5.072D-01
 -7.315D-04  7.774D-01
 -9.824D-04  4.621D-01
 -7.742D-04  7.783D-01
 -1.107D-03  4.044D-01
 -8.184D-04  7.791D-01
 -1.281D-03  3.269D-01
 -8.642D-04  7.799D-01
 -1.562D-03  2.149D-01
 -9.114D-04  7.809D-01
 -2.198D-03  2.576D-02
 -9.599D-04  7.821D-01
 -1.881D-05  7.367D-01
 -2.946D-05  7.371D-01
 -3.943D-05  7.364D-01
 -4.913D-05  7.376D-01
 -5.881D-05  7.359D-01
 -6.835D-05  7.382D-01
 -7.811D-05  7.351D-01
 -8.760D-05  7.391D-01
 -9.759D-05  7.342D-01
 -1.071D-04  7.401D-01
 -1.174D-04  7.330D-01
 -1.268D-04  7.412D-01
 -1.377D-04  7.315D-01
 -1.470D-04  7.425D-01
 -1.585D-04  7.297D-01
 -1.676D-04  7.440D-01
 -1.799D-04  7.275D-01
 -1.888D-04  7.455D-01
 -2.021D-04  7.249D-01
 -2.106D-04  7.471D-01
 -2.251D-04  7.219D-01
 -2.330D-04  7.488D-01
 -2.491D-04  7.183D-01
 -2.562D-04  7.506D-01
 -2.741D-04  7.141D-01
 -2.801D-04  7.523D-01
 -3.003D-04  7.093D-01
 -3.049D-04  7.541D-01
 -3.278D-04  7.037D-01
 -3.306D-04  7.558D-01
 -3.568D-04  6.972D-01
 -3.572D-04  7.575D-01
 -3.874D-04  6.898D-01
 -3.849D-04  7.592D-01
 -4.199D-04  6.812D-01
 -4.136D-04  7.608D-01
 -4.545D-04  6.712D-01
 -4.434D-04  7.623D-01
 -4.915D-04  6.598D-01
 -4.744D-04  7.638D-01
 -5.314D-04  6.466D-01
 -5.067D-04  7.651D-01
 -5.745D-04  6.313D-01
 -5.401D-04  7.663D-01
 -6.216D-04  6.134D-01
 -5.749D-04  7.674D-01
 -6.737D-04  5.925D-01
 -6.110D-04  7.683D-01
 -7.319D-04  5.678D-01
 -6.486D-04  7.692D-01
 -7.984D-04  5.382D-01
 -6.875D-04  7.699D-01
 -8.761D-04  5.024D-01
 -7.279D-04  7.706D-01
 -9.703D-04  4.578D-01
 -7.697D-04  7.711D-01
 -1.091D-03  4.007D-01
 -8.130D-04  7.716D-01
 -1.258D-03  3.241D-01
 -8.578D-04  7.721D-01
 -1.529D-03  2.130D-01
 -9.040D-04  7.727D-01
 -2.140D-03  2.448D-02
 -9.514D-04  7.736D-01
 -1.832D-05  7.347D-01
 -2.871D-05  7.343D-01
 -3.839D-05  7.350D-01
 -4.789D-05  7.338D-01
 -5.722D-05  7.355D-01
 -6.666D-05  7.332D-01
 -7.592D-05  7.362D-01
 -8.550D-05  7.323D-01
 -9.475D-05  7.370D-01
 -1.046D-04  7.312D-01
 -1.138D-04  7.380D-01
 -1.241D-04  7.298D-01
 -1.332D-04  7.391D-01
 -1.440D-04  7.281D-01
 -1.531D-04  7.403D-01
 -1.645D-04  7.261D-01
 -1.734D-04  7.416D-01
 -1.856D-04  7.237D-01
 -1.942D-04  7.430D-01
 -2.075D-04  7.209D-01
 -2.156D-04  7.445D-01
 -2.301D-04  7.177D-01
 -2.377D-04  7.460D-01
 -2.538D-04  7.139D-01
 -2.606D-04  7.476D-01
 -2.784D-04  7.095D-01
 -2.842D-04  7.491D-01
 -3.042D-04  7.044D-01
 -3.086D-04  7.507D-01
 -3.313D-04  6.986D-01
 -3.339D-04  7.522D-01
 -3.598D-04  6.919D-01
 -3.601D-04  7.537D-01
 -3.900D-04  6.842D-01
 -3.874D-04  7.551D-01
 -4.219D-04  6.755D-01
 -4.156D-04  7.564D-01
 -4.559D-04  6.654D-01
 -4.450D-04  7.577D-01
 -4.922D-04  6.538D-01
 -4.755D-04  7.588D-01
 -5.312D-04  6.405D-01
 -5.072D-04  7.598D-01
 -5.734D-04  6.252D-01
 -5.401D-04  7.608D-01
 -6.195D-04  6.074D-01
 -5.742D-04  7.616D-01
 -6.703D-04  5.866D-01
 -6.097D-04  7.622D-01
 -7.270D-04  5.620D-01
 -6.465D-04  7.628D-01
 -7.917D-04  5.327D-01
 -6.846D-04  7.632D-01
 -8.671D-04  4.972D-01
 -7.242D-04  7.635D-01
 -9.584D-04  4.532D-01
 -7.652D-04  7.638D-01
 -1.075D-03  3.968D-01
 -8.076D-04  7.640D-01
 -1.236D-03  3.210D-01
 -8.514D-04  7.641D-01
 -1.497D-03  2.109D-01
 -8.966D-04  7.644D-01
 -2.084D-03  2.312D-02
 -9.429D-04  7.649D-01
 -1.786D-05  7.321D-01
 -2.797D-05  7.325D-01
 -3.743D-05  7.317D-01
 -4.663D-05  7.328D-01
 -5.581D-05  7.311D-01
 -6.486D-05  7.333D-01
 -7.409D-05  7.303D-01
 -8.311D-05  7.340D-01
 -9.253D-05  7.293D-01
 -1.015D-04  7.348D-01
 -1.113D-04  7.280D-01
 -1.203D-04  7.357D-01
 -1.304D-04  7.265D-01
 -1.393D-04  7.368D-01
 -1.500D-04  7.246D-01
 -1.588D-04  7.379D-01
 -1.702D-04  7.224D-01
 -1.788D-04  7.391D-01
 -1.910D-04  7.198D-01
 -1.993D-04  7.404D-01
 -2.125D-04  7.167D-01
 -2.205D-04  7.417D-01
 -2.349D-04  7.132D-01
 -2.422D-04  7.431D-01
 -2.582D-04  7.092D-01
 -2.647D-04  7.444D-01
 -2.825D-04  7.046D-01
 -2.880D-04  7.458D-01
 -3.079D-04  6.993D-01
 -3.121D-04  7.471D-01
 -3.346D-04  6.932D-01
 -3.370D-04  7.484D-01
 -3.626D-04  6.863D-01
 -3.628D-04  7.496D-01
 -3.923D-04  6.785D-01
 -3.897D-04  7.507D-01
 -4.237D-04  6.695D-01
 -4.175D-04  7.518D-01
 -4.570D-04  6.593D-01
 -4.464D-04  7.528D-01
 -4.926D-04  6.476D-01
 -4.764D-04  7.536D-01
 -5.309D-04  6.343D-01
 -5.075D-04  7.544D-01
 -5.722D-04  6.189D-01
 -5.398D-04  7.550D-01
 -6.172D-04  6.011D-01
 -5.734D-04  7.555D-01
 -6.667D-04  5.804D-01
 -6.082D-04  7.559D-01
 -7.220D-04  5.560D-01
 -6.443D-04  7.561D-01
 -7.849D-04  5.270D-01
 -6.817D-04  7.563D-01
 -8.581D-04  4.919D-01
 -7.205D-04  7.563D-01
 -9.465D-04  4.483D-01
 -7.606D-04  7.562D-01
 -1.059D-03  3.926D-01
 -8.021D-04  7.561D-01
 -1.215D-03  3.177D-01
 -8.450D-04  7.560D-01
 -1.466D-03  2.086D-01
 -8.891D-04  7.559D-01
 -2.029D-03  2.167D-02
 -9.344D-04  7.560D-01
 -1.740D-05  7.299D-01
 -2.727D-05  7.295D-01
 -3.646D-05  7.302D-01
 -4.547D-05  7.290D-01
 -5.434D-05  7.306D-01
 -6.328D-05  7.283D-01
 -7.209D-05  7.311D-01
 -8.114D-05  7.274D-01
 -8.994D-05  7.318D-01
 -9.922D-05  7.262D-01
 -1.080D-04  7.325D-01
 -1.176D-04  7.247D-01
 -1.264D-04  7.334D-01
 -1.364D-04  7.230D-01
 -1.451D-04  7.343D-01
 -1.557D-04  7.209D-01
 -1.643D-04  7.354D-01
 -1.756D-04  7.184D-01
 -1.840D-04  7.364D-01
 -1.961D-04  7.156D-01
 -2.042D-04  7.376D-01
 -2.173D-04  7.123D-01
 -2.250D-04  7.387D-01
 -2.394D-04  7.086D-01
 -2.465D-04  7.399D-01
 -2.623D-04  7.043D-01
 -2.687D-04  7.410D-01
 -2.863D-04  6.995D-01
 -2.916D-04  7.422D-01
 -3.113D-04  6.939D-01
 -3.153D-04  7.433D-01
 -3.376D-04  6.877D-01
 -3.399D-04  7.443D-01
 -3.652D-04  6.806D-01
 -3.654D-04  7.453D-01
 -3.944D-04  6.725D-01
 -3.918D-04  7.462D-01
 -4.252D-04  6.634D-01
 -4.192D-04  7.470D-01
 -4.579D-04  6.530D-01
 -4.476D-04  7.477D-01
 -4.928D-04  6.412D-01
 -4.771D-04  7.483D-01
 -5.303D-04  6.278D-01
 -5.077D-04  7.487D-01
 -5.707D-04  6.123D-01
 -5.394D-04  7.491D-01
 -6.147D-04  5.946D-01
 -5.724D-04  7.493D-01
 -6.630D-04  5.739D-01
 -6.065D-04  7.493D-01
 -7.169D-04  5.497D-01
 -6.419D-04  7.493D-01
 -7.780D-04  5.210D-01
 -6.786D-04  7.491D-01
 -8.491D-04  4.862D-01
 -7.166D-04  7.489D-01
 -9.348D-04  4.432D-01
 -7.559D-04  7.485D-01
 -1.044D-03  3.881D-01
 -7.965D-04  7.481D-01
 -1.194D-03  3.141D-01
 -8.385D-04  7.476D-01
 -1.435D-03  2.061D-01
 -8.817D-04  7.472D-01
 -1.977D-03  2.011D-02
 -9.260D-04  7.470D-01
 -1.697D-05  7.273D-01
 -2.658D-05  7.276D-01
 -3.557D-05  7.269D-01
 -4.431D-05  7.279D-01
 -5.302D-05  7.263D-01
 -6.163D-05  7.283D-01
 -7.037D-05  7.254D-01
 -7.895D-05  7.288D-01
 -8.785D-05  7.243D-01
 -9.644D-05  7.294D-01
 -1.056D-04  7.229D-01
 -1.142D-04  7.301D-01
 -1.237D-04  7.212D-01
 -1.322D-04  7.309D-01
 -1.422D-04  7.193D-01
 -1.507D-04  7.317D-01
 -1.612D-04  7.170D-01
 -1.696D-04  7.327D-01
 -1.808D-04  7.143D-01
 -1.890D-04  7.336D-01
 -2.010D-04  7.112D-01
 -2.089D-04  7.346D-01
 -2.219D-04  7.077D-01
 -2.294D-04  7.355D-01
 -2.436D-04  7.038D-01
 -2.506D-04  7.365D-01
 -2.663D-04  6.992D-01
 -2.724D-04  7.375D-01
 -2.899D-04  6.941D-01
 -2.950D-04  7.384D-01
 -3.145D-04  6.884D-01
 -3.184D-04  7.392D-01
 -3.404D-04  6.819D-01
 -3.426D-04  7.400D-01
 -3.676D-04  6.745D-01
 -3.677D-04  7.408D-01
 -3.962D-04  6.663D-01
 -3.937D-04  7.414D-01
 -4.265D-04  6.570D-01
 -4.207D-04  7.419D-01
 -4.586D-04  6.465D-01
 -4.486D-04  7.423D-01
 -4.929D-04  6.346D-01
 -4.776D-04  7.427D-01
 -5.296D-04  6.210D-01
 -5.077D-04  7.428D-01
 -5.691D-04  6.056D-01
 -5.389D-04  7.429D-01
 -6.121D-04  5.878D-01
 -5.712D-04  7.428D-01
 -6.592D-04  5.673D-01
 -6.048D-04  7.426D-01
 -7.117D-04  5.432D-01
 -6.395D-04  7.423D-01
 -7.711D-04  5.147D-01
 -6.755D-04  7.418D-01
 -8.402D-04  4.803D-01
 -7.127D-04  7.413D-01
 -9.232D-04  4.378D-01
 -7.512D-04  7.406D-01
 -1.028D-03  3.834D-01
 -7.909D-04  7.399D-01
 -1.174D-03  3.102D-01
 -8.319D-04  7.391D-01
 -1.406D-03  2.033D-01
 -8.742D-04  7.384D-01
 -1.927D-03  1.841D-02
 -9.175D-04  7.379D-01
