 -5.132D-03  7.850D-01
 -2.911D-03  7.808D-01
 -4.632D-03  7.755D-01
 -1.305D-03  7.811D-01
 -3.766D-03  7.650D-01
 -4.257D-03  7.630D-01
 -8.809D-04  7.749D-01
 -1.538D-03  7.588D-01
 -4.508D-03  7.489D-01
 -3.936D-03  7.473D-01
 -5.431D-04  7.726D-01
 -1.211D-03  7.446D-01
 -1.684D-03  7.363D-01
 -5.129D-03  7.312D-01
 -3.653D-03  7.285D-01
 -4.009D-04  7.647D-01
 -7.086D-04  7.336D-01
 -1.522D-03  7.176D-01
 -1.763D-03  7.118D-01
 -5.638D-03  7.115D-01
 -3.398D-03  7.064D-01
 -2.821D-04  7.607D-01
 -5.690D-04  7.156D-01
 -8.392D-04  6.988D-01
 -1.801D-03  6.908D-01
 -1.795D-03  6.845D-01
 -6.050D-03  6.898D-01
 -3.165D-03  6.808D-01
 -2.198D-04  7.514D-01
 -3.863D-04  7.005D-01
 -7.326D-04  6.754D-01
 -9.353D-04  6.639D-01
 -2.047D-03  6.628D-01
 -1.793D-03  6.541D-01
 -6.375D-03  6.661D-01
 -2.952D-03  6.515D-01
 -1.664D-04  7.458D-01
 -3.168D-04  6.791D-01
 -4.770D-04  6.509D-01
 -8.845D-04  6.378D-01
 -1.001D-03  6.270D-01
 -2.258D-03  6.333D-01
 -1.767D-03  6.201D-01
 -6.627D-03  6.404D-01
 -2.754D-03  6.185D-01
 -1.345D-04  7.355D-01
 -2.331D-04  6.602D-01
 -4.134D-04  6.228D-01
 -5.508D-04  6.036D-01
 -1.022D-03  6.001D-01
 -1.042D-03  5.870D-01
 -2.438D-03  6.020D-01
 -1.725D-03  5.823D-01
 -6.814D-03  6.128D-01
 -2.571D-03  5.815D-01
 -1.067D-04  7.288D-01
 -1.946D-04  6.355D-01
 -2.946D-04  5.925D-01
 -5.048D-04  5.720D-01
 -6.074D-04  5.551D-01
 -1.143D-03  5.615D-01
 -1.062D-03  5.433D-01
 -2.587D-03  5.688D-01
 -1.670D-03  5.404D-01
 -6.944D-03  5.834D-01
 -2.399D-03  5.401D-01
 -8.858D-05  7.177D-01
 -1.505D-04  6.130D-01
 -2.555D-04  5.595D-01
 -3.473D-04  5.299D-01
 -5.885D-04  5.227D-01
 -6.483D-04  5.037D-01
 -1.248D-03  5.212D-01
 -1.066D-03  4.953D-01
 -2.707D-03  5.337D-01
 -1.606D-03  4.938D-01
 -7.024D-03  5.522D-01
 -2.237D-03  4.940D-01
 -7.256D-05  7.101D-01
 -1.274D-04  5.852D-01
 -1.924D-04  5.230D-01
 -3.137D-04  4.926D-01
 -3.900D-04  4.673D-01
 -6.633D-04  4.729D-01
 -6.752D-04  4.482D-01
 -1.338D-03  4.791D-01
 -1.057D-03  4.425D-01
 -2.802D-03  4.968D-01
 -1.537D-03  4.421D-01
 -7.061D-03  5.195D-01
 -2.085D-03  4.426D-01
 -6.144D-05  6.986D-01
 -1.020D-04  5.593D-01
 -1.673D-04  4.848D-01
 -2.295D-04  4.415D-01
 -3.674D-04  4.286D-01
 -4.228D-04  4.016D-01
 -7.289D-04  4.216D-01
 -6.900D-04  3.876D-01
 -1.412D-03  4.350D-01
 -1.038D-03  3.841D-01
 -2.872D-03  4.579D-01
 -1.464D-03  3.848D-01
 -7.060D-03  4.852D-01
 -1.941D-03  3.855D-01
 -5.154D-05  6.905D-01
 -8.727D-05  5.285D-01
 -1.307D-04  4.416D-01
 -2.057D-04  3.974D-01
 -2.605D-04  3.607D-01
 -4.157D-04  3.646D-01
 -4.463D-04  3.311D-01
 -7.850D-04  3.683D-01
 -6.945D-04  3.209D-01
 -1.472D-03  3.887D-01
 -1.010D-03  3.192D-01
 -2.921D-03  4.173D-01
 -1.389D-03  3.209D-01
 -7.025D-03  4.495D-01
 -1.805D-03  3.217D-01
 -4.433D-05  6.788D-01
 -7.155D-05  4.992D-01
 -1.140D-04  3.978D-01
 -1.567D-04  3.356D-01
 -2.413D-04  3.144D-01
 -2.850D-04  2.763D-01
 -4.580D-04  2.989D-01
 -4.612D-04  2.538D-01
 -8.319D-04  3.124D-01
 -6.903D-04  2.468D-01
 -1.519D-03  3.402D-01
 -9.752D-04  2.469D-01
 -2.950D-03  3.748D-01
 -1.312D-03  2.496D-01
 -6.962D-03  4.126D-01
 -1.676D-03  2.504D-01
 -3.786D-05  6.703D-01
 -6.178D-05  4.655D-01
 -9.141D-05  3.468D-01
 -1.398D-04  2.835D-01
 -1.787D-04  2.306D-01
 -2.732D-04  2.314D-01
 -3.031D-04  1.853D-01
 -4.942D-04  2.305D-01
 -4.686D-04  1.682D-01
 -8.700D-04  2.538D-01
 -6.789D-04  1.640D-01
 -1.553D-03  2.893D-01
 -9.358D-04  1.658D-01
 -2.961D-03  3.306D-01
 -1.235D-03  1.694D-01
 -6.874D-03  3.743D-01
 -1.553D-03  1.700D-01
 -3.298D-05  6.587D-01
 -5.156D-05  4.328D-01
 -7.993D-05  2.963D-01
 -1.095D-04  2.082D-01
 -1.637D-04  1.745D-01
 -1.964D-04  1.203D-01
 -3.010D-04  1.458D-01
 -3.153D-04  8.469D-02
 -5.244D-04  1.585D-01
 -4.694D-04  7.204D-02
 -8.997D-04  1.919D-01
 -6.615D-04  7.049D-02
 -1.575D-03  2.360D-01
 -8.926D-04  7.405D-02
 -2.957D-03  2.846D-01
 -1.158D-03  7.864D-02
 -6.764D-03  3.350D-01
 -1.436D-03  7.898D-02
 -2.858D-05  6.503D-01
 -4.484D-05  3.962D-01
 -6.527D-05  2.361D-01
 -9.744D-05  1.457D-01
 -1.250D-04  6.928D-02
 -1.850D-04  6.451D-02
 -2.097D-04 -2.896D-04
 -3.247D-04  5.575D-02
 -3.220D-04 -2.861D-02
 -5.486D-04  8.210D-02
 -4.645D-04 -3.729D-02
 -9.215D-04  1.266D-01
 -6.393D-04 -3.616D-02
 -1.587D-03  1.801D-01
 -8.467D-04 -3.066D-02
 -2.938D-03  2.369D-01
 -1.082D-03 -2.499D-02
 -6.636D-03  2.946D-01
 -1.325D-03 -2.516D-02
 -2.514D-05  6.390D-01
 -3.794D-05  3.600D-01
 -5.719D-05  1.773D-01
 -7.780D-05  5.230D-02
 -1.136D-04 -6.238D-04
 -1.374D-04 -7.928D-02
 -2.035D-04 -5.058D-02
 -2.187D-04 -1.363D-01
 -3.441D-04 -4.038D-02
 -3.237D-04 -1.586D-01
 -5.673D-04  6.106D-04
 -4.547D-04 -1.634D-01
 -9.360D-04  5.746D-02
 -6.131D-04 -1.594D-01
 -1.590D-03  1.214D-01
 -7.988D-04 -1.516D-01
 -2.907D-03  1.874D-01
 -1.007D-03 -1.447D-01
 -6.492D-03  2.532D-01
 -1.220D-03 -1.457D-01
 -2.204D-05  6.306D-01
 -3.318D-05  3.203D-01
 -4.733D-05  1.054D-01
 -6.905D-05 -2.458D-02
 -8.850D-05 -1.368D-01
 -1.278D-04 -1.515D-01
 -1.467D-04 -2.460D-01
 -2.189D-04 -1.742D-01
 -2.237D-04 -2.937D-01
 -3.594D-04 -1.442D-01
 -3.212D-04 -3.107D-01
 -5.806D-04 -8.687D-02
 -4.409D-04 -3.114D-01
 -9.437D-04 -1.602D-02
 -5.840D-04 -3.039D-01
 -1.584D-03  5.990D-02
 -7.498D-04 -2.935D-01
 -2.866D-03  1.360D-01
 -9.338D-04 -2.851D-01
 -6.335D-03  2.108D-01
 -1.120D-03 -2.872D-01
 -1.957D-05  6.198D-01
 -2.837D-05  2.803D-01
 -4.152D-05  3.600D-02
 -5.588D-05 -1.435D-01
 -7.986D-05 -2.277D-01
 -9.703D-05 -3.463D-01
 -1.399D-04 -3.140D-01
 -1.530D-04 -4.410D-01
 -2.313D-04 -3.096D-01
 -2.251D-04 -4.813D-01
 -3.709D-04 -2.577D-01
 -3.150D-04 -4.928D-01
 -5.890D-04 -1.814D-01
 -4.239D-04 -4.888D-01
 -9.453D-04 -9.433D-02
 -5.526D-04 -4.770D-01
 -1.570D-03 -4.780D-03
 -7.003D-04 -4.632D-01
 -2.815D-03  8.278D-02
 -8.626D-04 -4.529D-01
 -6.168D-03  1.675D-01
 -1.025D-03 -4.566D-01
 -1.732D-05  6.118D-01
 -2.493D-05  2.372D-01
 -3.470D-05 -5.139D-02
 -4.947D-05 -2.417D-01
 -6.312D-05 -4.126D-01
 -8.928D-05 -4.461D-01
 -1.033D-04 -5.931D-01
 -1.499D-04 -4.952D-01
 -1.563D-04 -6.783D-01
 -2.408D-04 -4.609D-01
 -2.234D-04 -7.121D-01
 -3.786D-04 -3.829D-01
 -3.057D-04 -7.175D-01
 -5.929D-04 -2.841D-01
 -4.043D-04 -7.073D-01
 -9.412D-04 -1.781D-01
 -5.197D-04 -6.898D-01
 -1.549D-03 -7.290D-02
 -6.509D-04 -6.712D-01
 -2.756D-03  2.758D-02
 -7.938D-04 -6.584D-01
 -5.992D-03  1.233D-01
 -9.352D-04 -6.645D-01
 -1.549D-05  6.016D-01
 -2.150D-05  1.930D-01
 -3.046D-05 -1.356D-01
 -4.041D-05 -3.999D-01
 -5.662D-05 -5.387D-01
 -6.882D-05 -7.306D-01
 -9.718D-05 -6.943D-01
 -1.075D-04 -9.015D-01
 -1.577D-04 -7.036D-01
 -1.571D-04 -9.762D-01
 -2.476D-04 -6.331D-01
 -2.187D-04 -9.893D-01
 -3.830D-04 -5.229D-01
 -2.936D-04 -9.851D-01
 -5.926D-04 -3.967D-01
 -3.825D-04 -9.712D-01
 -9.322D-04 -2.682D-01
 -4.858D-04 -9.527D-01
 -1.523D-03 -1.448D-01
 -6.024D-04 -9.335D-01
 -2.690D-03 -2.969D-02
 -7.280D-04 -9.182D-01
 -5.810D-03  7.822D-02
 -8.500D-04 -9.154D-01
 -1.382D-05  5.940D-01
 -1.896D-05  1.459D-01
 -2.563D-05 -2.447D-01
 -3.567D-05 -5.329D-01
 -4.518D-05 -8.105D-01
 -6.278D-05 -8.837D-01
 -7.260D-05 -1.075D+00
 -1.036D-04 -9.913D-01
 -1.083D-04 -1.167D+00
 -1.635D-04 -9.512D-01
 -1.536D-04 -1.205D+00
 -2.518D-04 -8.333D-01
 -2.093D-04 -1.212D+00
 -3.842D-04 -6.816D-01
 -2.764D-04 -1.201D+00
 -5.887D-04 -5.212D-01
 -3.554D-04 -1.180D+00
 -9.187D-04 -3.655D-01
 -4.464D-04 -1.155D+00
 -1.491D-03 -2.210D-01
 -5.483D-04 -1.131D+00
 -2.618D-03 -8.919D-02
 -6.572D-04 -1.112D+00
 -5.623D-03  3.228D-02
 -7.615D-04 -1.111D+00
 -1.244D-05  5.846D-01
 -1.646D-05  9.694D-02
 -2.250D-05 -3.505D-01
 -2.932D-05 -7.581D-01
 -4.033D-05 -1.006D+00
 -4.833D-05 -1.200D+00
 -6.715D-05 -1.181D+00
 -7.378D-05 -1.375D+00
 -1.071D-04 -1.206D+00
 -1.065D-04 -1.434D+00
 -1.659D-04 -1.148D+00
 -1.474D-04 -1.453D+00
 -2.532D-04 -1.046D+00
 -1.973D-04 -1.450D+00
 -3.827D-04 -8.644D-01
 -2.567D-04 -1.433D+00
 -5.814D-04 -6.602D-01
 -3.264D-04 -1.409D+00
 -9.014D-04 -4.714D-01
 -4.061D-04 -1.382D+00
 -1.455D-03 -3.019D-01
 -4.946D-04 -1.355D+00
 -2.542D-03 -1.511D-01
 -5.884D-04 -1.334D+00
 -5.432D-03 -1.455D-02
 -6.767D-04 -1.327D+00
 -1.118D-05  5.775D-01
 -1.456D-05  4.521D-02
 -1.902D-05 -4.926D-01
 -2.581D-05 -9.557D-01
 -3.191D-05 -1.263D+00
 -4.338D-05 -1.355D+00
 -4.956D-05 -1.535D+00
 -6.972D-05 -1.453D+00
 -7.283D-05 -1.660D+00
 -1.086D-04 -1.438D+00
 -1.024D-04 -1.716D+00
 -1.659D-04 -1.359D+00
 -1.388D-04 -1.728D+00
 -2.506D-04 -1.214D+00
 -1.828D-04 -1.716D+00
 -3.782D-04 -1.057D+00
 -2.351D-04 -1.689D+00
 -5.713D-04 -8.176D-01
 -2.958D-04 -1.654D+00
 -8.807D-04 -5.874D-01
 -3.648D-04 -1.617D+00
 -1.415D-03 -3.882D-01
 -4.411D-04 -1.582D+00
 -2.462D-03 -2.156D-01
 -5.210D-04 -1.556D+00
 -5.240D-03 -6.229D-02
 -5.950D-04 -1.550D+00
 -1.012D-05  5.688D-01
 -1.270D-05 -9.571D-03
 -1.669D-05 -6.327D-01
 -2.111D-05 -1.192D+00
 -2.801D-05 -1.435D+00
 -3.300D-05 -1.673D+00
 -4.512D-05 -1.669D+00
 -4.929D-05 -1.902D+00
 -7.064D-05 -1.721D+00
 -7.045D-05 -2.014D+00
 -1.082D-04 -1.662D+00
 -9.690D-05 -2.058D+00
 -1.635D-04 -1.545D+00
 -1.292D-04 -2.059D+00
 -2.456D-04 -1.404D+00
 -1.678D-04 -2.033D+00
 -3.689D-04 -1.207D+00
 -2.133D-04 -1.993D+00
 -5.588D-04 -9.984D-01
 -2.658D-04 -1.946D+00
 -8.572D-04 -7.157D-01
 -3.252D-04 -1.898D+00
 -1.372D-03 -4.808D-01
 -3.902D-04 -1.854D+00
 -2.379D-03 -2.830D-01
 -4.579D-04 -1.821D+00
 -5.047D-03 -1.110D-01
 -5.196D-04 -1.813D+00
 -9.154D-06  5.624D-01
 -1.127D-05 -6.706D-02
 -1.415D-05 -8.291D-01
 -1.833D-05 -1.377D+00
 -2.195D-05 -1.729D+00
 -2.919D-05 -1.856D+00
 -3.308D-05 -2.153D+00
 -4.588D-05 -2.034D+00
 -4.774D-05 -2.337D+00
 -7.046D-05 -2.030D+00
 -6.485D-05 -2.127D+00
 -1.064D-04 -1.921D+00
 -8.683D-05 -2.064D+00
 -1.592D-04 -1.765D+00
 -1.142D-04 -2.068D+00
 -2.381D-04 -1.572D+00
 -1.477D-04 -2.112D+00
 -3.574D-04 -1.382D+00
 -1.880D-04 -2.185D+00
 -5.413D-04 -1.145D+00
 -2.354D-04 -2.278D+00
 -8.314D-04 -8.591D-01
 -2.876D-04 -2.292D+00
 -1.326D-03 -5.806D-01
 -3.426D-04 -2.227D+00
 -2.294D-03 -3.536D-01
 -3.993D-04 -2.181D+00
 -4.854D-03 -1.607D-01
 -4.505D-04 -2.174D+00
 -8.329D-06  5.546D-01
 -9.871D-06 -1.290D-01
 -1.241D-05 -1.030D+00
 -1.483D-05 -1.614D+00
 -1.904D-05 -1.941D+00
 -2.212D-05 -2.373D+00
 -2.978D-05 -2.401D+00
 -2.971D-05 -1.804D+00
 -4.464D-05 -2.204D+00
 -4.041D-05 -1.617D+00
 -6.874D-05 -2.343D+00
 -5.443D-05 -1.552D+00
 -1.034D-04 -2.247D+00
 -7.211D-05 -1.535D+00
 -1.538D-04 -2.006D+00
 -9.382D-05 -1.543D+00
 -2.288D-04 -1.774D+00
 -1.200D-04 -1.566D+00
 -3.434D-04 -1.533D+00
 -1.513D-04 -1.603D+00
 -5.207D-04 -1.289D+00
 -1.879D-04 -1.648D+00
 -8.038D-04 -1.021D+00
 -2.294D-04 -1.696D+00
 -1.279D-03 -6.890D-01
 -2.746D-04 -1.735D+00
 -2.208D-03 -4.278D-01
 -3.203D-04 -1.749D+00
 -4.662D-03 -2.114D-01
 -3.575D-04 -1.698D+00
 -7.573D-06  5.488D-01
 -8.772D-06 -1.938D-01
 -1.045D-05 -1.218D+00
 -1.273D-05 -1.826D+00
 -1.484D-05 -2.403D+00
 -1.826D-05 -1.993D+00
 -1.876D-05 -1.549D+00
 -2.628D-05 -1.655D+00
 -2.514D-05 -1.012D+00
 -3.959D-05 -1.635D+00
 -3.368D-05 -7.354D-01
 -6.079D-05 -1.758D+00
 -4.470D-05 -6.378D-01
 -9.475D-05 -2.050D+00
 -5.854D-05 -6.323D-01
 -1.472D-04 -2.322D+00
 -7.560D-05 -6.823D-01
 -2.186D-04 -1.989D+00
 -9.626D-05 -7.686D-01
 -3.275D-04 -1.705D+00
 -1.208D-04 -8.784D-01
 -4.981D-04 -1.446D+00
 -1.494D-04 -1.001D+00
 -7.716D-04 -1.158D+00
 -1.817D-04 -1.123D+00
 -1.230D-03 -8.075D-01
 -2.167D-04 -1.225D+00
 -2.120D-03 -5.061D-01
 -2.517D-04 -1.271D+00
 -4.472D-03 -2.633D-01
 -2.792D-04 -1.182D+00
 -6.921D-06  5.419D-01
 -7.709D-06 -2.649D-01
 -9.054D-06 -1.395D+00
 -1.024D-05 -2.170D+00
 -1.184D-05 -1.902D+00
 -1.209D-05 -1.260D+00
 -1.580D-05 -1.141D+00
 -1.542D-05 -3.239D-01
 -2.297D-05 -7.979D-01
 -2.050D-05  1.118D-02
 -3.475D-05 -8.987D-01
 -2.750D-05  2.416D-01
 -5.368D-05 -1.297D+00
 -3.626D-05  3.080D-01
 -8.342D-05 -1.647D+00
 -4.701D-05  2.816D-01
 -1.324D-04 -2.032D+00
 -6.000D-05  1.965D-01
 -2.073D-04 -2.264D+00
 -7.542D-05  7.235D-02
 -3.106D-04 -1.894D+00
 -9.380D-05 -4.060D-02
 -4.734D-04 -1.584D+00
 -1.154D-04 -1.296D-01
 -7.362D-04 -1.285D+00
 -1.397D-04 -2.155D-01
 -1.180D-03 -9.384D-01
 -1.658D-04 -2.846D-01
 -2.033D-03 -5.890D-01
 -1.915D-04 -3.124D-01
 -4.285D-03 -3.164D-01
 -2.114D-04 -2.449D-01
 -6.324D-06  5.368D-01
 -6.860D-06 -3.394D-01
 -7.568D-06 -1.588D+00
 -8.574D-06 -2.299D+00
 -8.187D-06 -1.249D+00
 -9.706D-06 -6.343D-01
 -9.724D-06  2.054D-01
 -1.330D-05 -4.179D-02
 -1.286D-05  9.591D-01
 -1.970D-05  1.001D-01
 -1.712D-05  1.264D+00
 -2.973D-05 -1.207D-01
 -2.258D-05  1.383D+00
 -4.604D-05 -4.723D-01
 -2.944D-05  1.401D+00
 -7.297D-05 -1.077D+00
 -3.788D-05  1.358D+00
 -1.162D-04 -1.670D+00
 -4.811D-05  1.276D+00
 -1.895D-04 -2.206D+00
 -6.027D-05  1.168D+00
 -2.932D-04 -2.112D+00
 -7.448D-05  1.046D+00
 -4.473D-04 -1.743D+00
 -9.090D-05  9.133D-01
 -6.997D-04 -1.429D+00
 -1.093D-04  7.864D-01
 -1.130D-03 -1.085D+00
 -1.289D-04  6.864D-01
 -1.946D-03 -6.772D-01
 -1.480D-04  6.456D-01
 -4.102D-03 -3.709D-01
 -1.627D-04  7.372D-01
 -5.804D-06  5.307D-01
 -6.043D-06 -4.226D-01
 -6.491D-06 -1.779D+00
 -6.174D-06 -1.688D+00
 -6.393D-06 -5.546D-01
 -6.355D-06  6.126D-01
 -8.132D-06  8.053D-01
 -8.068D-06  1.667D+00
 -1.159D-05  1.219D+00
 -1.112D-05  2.163D+00
 -1.718D-05  1.175D+00
 -1.487D-05  2.386D+00
 -2.601D-05  8.515D-01
 -1.956D-05  2.456D+00
 -3.987D-05  2.721D-01
 -2.525D-05  2.446D+00
 -6.235D-05 -3.755D-01
 -3.207D-05  2.385D+00
 -1.015D-04 -1.169D+00
 -4.020D-05  2.283D+00
 -1.658D-04 -1.808D+00
 -4.967D-05  2.160D+00
 -2.755D-04 -2.390D+00
 -6.049D-05  2.025D+00
 -4.212D-04 -1.913D+00
 -7.256D-05  1.890D+00
 -6.616D-04 -1.552D+00
 -8.570D-05  1.766D+00
 -1.076D-03 -1.202D+00
 -9.952D-05  1.670D+00
 -1.859D-03 -7.716D-01
 -1.133D-04  1.634D+00
 -3.921D-03 -4.268D-01
 -1.250D-04  1.725D+00
 -5.326D-06  5.263D-01
 -5.383D-06 -5.101D-01
 -5.394D-06 -2.032D+00
 -4.852D-06 -1.214D+00
 -4.382D-06  5.553D-01
 -5.096D-06  1.271D+00
 -5.382D-06  2.256D+00
 -7.200D-06  2.111D+00
 -7.194D-06  2.959D+00
 -1.052D-05  2.294D+00
 -1.009D-05  3.218D+00
 -1.550D-05  2.118D+00
 -1.363D-05  3.325D+00
 -2.267D-05  1.702D+00
 -1.779D-05  3.350D+00
 -3.447D-05  1.133D+00
 -2.266D-05  3.324D+00
 -5.402D-05  3.437D-01
 -2.825D-05  3.264D+00
 -8.661D-05 -4.959D-01
 -3.457D-05  3.185D+00
 -1.456D-04 -1.560D+00
 -4.155D-05  3.095D+00
 -2.455D-04 -2.127D+00
 -4.949D-05  2.993D+00
 -3.948D-04 -2.109D+00
 -5.958D-05  2.865D+00
 -6.228D-04 -1.685D+00
 -7.058D-05  2.750D+00
 -1.019D-03 -1.314D+00
 -8.210D-05  2.664D+00
 -1.774D-03 -8.732D-01
 -9.326D-05  2.634D+00
 -3.745D-03 -4.844D-01
 -1.018D-04  2.721D+00
 -4.906D-06  5.211D-01
 -4.751D-06 -6.100D-01
 -4.599D-06 -2.316D+00
 -3.410D-06 -2.756D-01
 -3.434D-06  1.290D+00
 -3.605D-06  2.560D+00
 -4.560D-06  2.793D+00
 -5.154D-06  3.491D+00
 -6.784D-06  3.188D+00
 -7.146D-06  3.925D+00
 -9.913D-06  3.194D+00
 -9.525D-06  4.145D+00
 -1.388D-05  3.002D+00
 -1.282D-05  4.170D+00
 -2.067D-05  2.553D+00
 -1.652D-05  4.170D+00
 -3.061D-05  1.916D+00
 -2.060D-05  4.154D+00
 -4.653D-05  1.130D+00
 -2.541D-05  4.095D+00
 -7.458D-05  1.202D-01
 -3.134D-05  3.987D+00
 -1.250D-04 -8.476D-01
 -3.809D-05  3.870D+00
 -2.144D-04 -1.793D+00
 -4.565D-05  3.751D+00
 -3.687D-04 -2.351D+00
 -5.393D-05  3.638D+00
 -5.837D-04 -1.836D+00
 -6.279D-05  3.541D+00
 -9.634D-04 -1.437D+00
 -7.201D-05  3.470D+00
 -1.690D-03 -9.832D-01
 -8.115D-05  3.447D+00
 -3.574D-03 -5.439D-01
 -8.908D-05  3.524D+00
 -4.520D-06  5.173D-01
 -4.234D-06 -7.161D-01
 -3.596D-06 -2.054D+00
 -2.667D-06  4.876D-01
 -2.520D-06  2.449D+00
 -3.063D-06  3.137D+00
 -3.519D-06  3.942D+00
 -4.624D-06  3.873D+00
 -5.462D-06  4.342D+00
 -6.679D-06  4.088D+00
 -7.776D-06  4.542D+00
 -9.700D-06  3.976D+00
 -1.046D-05  4.646D+00
 -1.397D-05  3.669D+00
 -1.362D-05  4.679D+00
 -1.952D-05  3.248D+00
 -1.732D-05  4.663D+00
 -2.743D-05  2.684D+00
 -2.159D-05  4.615D+00
 -4.115D-05  1.858D+00
 -2.643D-05  4.550D+00
 -6.444D-05  8.903D-01
 -3.182D-05  4.476D+00
 -1.066D-04 -2.994D-01
 -3.771D-05  4.400D+00
 -1.879D-04 -1.517D+00
 -4.401D-05  4.329D+00
 -3.344D-04 -2.303D+00
 -5.067D-05  4.267D+00
 -5.461D-04 -1.989D+00
 -5.761D-05  4.217D+00
 -9.071D-04 -1.551D+00
 -6.483D-05  4.183D+00
 -1.608D-03 -1.103D+00
 -7.245D-05  4.174D+00
 -3.407D-03 -6.053D-01
 -8.057D-05  4.212D+00
 -4.178D-06  5.129D-01
 -3.742D-06 -8.400D-01
 -2.840D-06 -1.697D+00
 -1.894D-06  1.511D+00
 -2.093D-06  3.099D+00
 -2.446D-06  4.138D+00
 -3.328D-06  4.244D+00
 -3.988D-06  4.746D+00
 -5.212D-06  4.521D+00
 -6.557D-06  4.717D+00
 -7.567D-06  4.557D+00
 -9.509D-06  4.719D+00
 -1.059D-05  4.425D+00
 -1.282D-05  4.729D+00
 -1.414D-05  4.221D+00
 -1.652D-05  4.729D+00
 -1.855D-05  3.909D+00
 -2.062D-05  4.722D+00
 -2.615D-05  3.301D+00
 -2.506D-05  4.711D+00
 -3.681D-05  2.580D+00
 -2.978D-05  4.703D+00
 -5.556D-05  1.557D+00
 -3.469D-05  4.701D+00
 -9.246D-05  3.772D-01
 -3.969D-05  4.707D+00
 -1.612D-04 -8.671D-01
 -4.470D-05  4.725D+00
 -2.919D-04 -1.943D+00
 -4.966D-05  4.753D+00
 -5.087D-04 -2.171D+00
 -5.500D-05  4.771D+00
 -8.510D-04 -1.661D+00
 -6.258D-05  4.708D+00
 -1.525D-03 -1.219D+00
 -6.998D-05  4.692D+00
 -3.245D-03 -6.691D-01
 -7.618D-05  4.769D+00
 -3.863D-06  5.099D-01
 -3.336D-06 -9.738D-01
 -2.142D-06 -1.045D+00
 -1.565D-06  2.294D+00
 -1.688D-06  4.028D+00
 -2.376D-06  4.413D+00
 -3.242D-06  4.704D+00
 -4.179D-06  4.701D+00
 -5.477D-06  4.812D+00
 -6.587D-06  4.698D+00
 -9.327D-06  4.458D+00
 -9.241D-06  4.691D+00
 -1.368D-05  4.299D+00
 -1.192D-05  4.698D+00
 -1.834D-05  4.246D+00
 -1.458D-05  4.685D+00
 -2.319D-05  4.250D+00
 -1.942D-05  4.303D+00
 -2.809D-05  4.293D+00
 -2.443D-05  3.930D+00
 -3.291D-05  4.365D+00
 -3.437D-05  3.177D+00
 -3.750D-05  4.463D+00
 -5.017D-05  2.261D+00
 -4.172D-05  4.584D+00
 -7.948D-05  1.053D+00
 -4.548D-05  4.727D+00
 -1.378D-04 -3.584D-01
 -5.055D-05  4.781D+00
 -2.561D-04 -1.715D+00
 -5.747D-05  4.741D+00
 -4.730D-04 -2.392D+00
 -6.463D-05  4.713D+00
 -7.958D-04 -1.785D+00
 -7.209D-05  4.697D+00
 -1.440D-03 -1.308D+00
 -8.003D-05  4.693D+00
 -3.089D-03 -7.354D-01
 -8.869D-05  4.714D+00
 -3.583D-06  5.062D-01
 -2.951D-06 -1.135D+00
 -1.655D-06 -3.959D-01
 -1.240D-06  3.180D+00
 -1.629D-06  4.345D+00
 -2.417D-06  4.687D+00
 -3.321D-06  4.737D+00
 -5.501D-06  4.219D+00
 -6.252D-06  4.436D+00
 -9.935D-06  3.843D+00
 -9.521D-06  4.337D+00
 -1.500D-05  3.695D+00
 -1.223D-05  4.484D+00
 -2.064D-05  3.634D+00
 -1.407D-05  4.775D+00
 -2.675D-05  3.618D+00
 -1.756D-05  4.667D+00
 -3.323D-05  3.629D+00
 -1.963D-05  4.731D+00
 -3.998D-05  3.660D+00
 -2.546D-05  4.278D+00
 -4.687D-05  3.706D+00
 -3.239D-05  3.750D+00
 -5.381D-05  3.763D+00
 -4.425D-05  2.901D+00
 -6.070D-05  3.831D+00
 -6.968D-05  1.690D+00
 -6.748D-05  3.907D+00
 -1.194D-04  2.634D-01
 -7.414D-05  3.987D+00
 -2.219D-04 -1.226D+00
 -8.078D-05  4.068D+00
 -4.294D-04 -2.379D+00
 -8.766D-05  4.142D+00
 -7.425D-04 -1.914D+00
 -9.539D-05  4.195D+00
 -1.358D-03 -1.405D+00
 -1.052D-04  4.202D+00
 -2.937D-03 -8.045D-01
 -1.203D-04  4.117D+00
 -3.324D-06  5.038D-01
 -2.616D-06 -1.241D+00
 -1.249D-06  4.534D-01
 -1.068D-06  3.797D+00
 -1.608D-06  4.670D+00
 -2.502D-06  4.697D+00
 -4.809D-06  3.882D+00
 -6.272D-06  3.857D+00
 -9.413D-06  3.470D+00
 -1.040D-05  3.676D+00
 -1.483D-05  3.314D+00
 -1.459D-05  3.684D+00
 -2.102D-05  3.245D+00
 -1.837D-05  3.810D+00
 -2.789D-05  3.218D+00
 -2.106D-05  4.062D+00
 -3.537D-05  3.215D+00
 -2.155D-05  4.519D+00
 -4.336D-05  3.228D+00
 -2.355D-05  4.656D+00
 -5.177D-05  3.252D+00
 -2.509D-05  4.720D+00
 -6.051D-05  3.285D+00
 -3.231D-05  4.153D+00
 -6.948D-05  3.325D+00
 -4.302D-05  3.398D+00
 -7.861D-05  3.370D+00
 -6.232D-05  2.335D+00
 -8.786D-05  3.419D+00
 -1.029D-04  9.069D-01
 -9.724D-05  3.471D+00
 -1.901D-04 -6.872D-01
 -1.068D-04  3.520D+00
 -3.752D-04 -2.035D+00
 -1.169D-04  3.564D+00
 -6.912D-04 -2.052D+00
 -1.280D-04  3.594D+00
 -1.277D-03 -1.511D+00
 -1.411D-04  3.596D+00
 -2.791D-03 -8.770D-01
 -1.590D-04  3.541D+00
 -3.092D-06  5.009D-01
 -2.297D-06 -1.362D+00
 -9.746D-07  1.199D+00
 -9.759D-07  4.339D+00
 -1.639D-06  4.755D+00
 -3.672D-06  3.755D+00
 -5.442D-06  3.550D+00
 -8.223D-06  3.228D+00
 -9.931D-06  3.294D+00
 -1.373D-05  3.049D+00
 -1.488D-05  3.239D+00
 -2.015D-05  2.970D+00
 -1.997D-05  3.277D+00
 -2.742D-05  2.934D+00
 -2.475D-05  3.387D+00
 -3.549D-05  2.922D+00
 -2.858D-05  3.577D+00
 -4.426D-05  2.925D+00
 -3.052D-05  3.885D+00
 -5.366D-05  2.937D+00
 -2.908D-05  4.423D+00
 -6.361D-05  2.957D+00
 -2.985D-05  4.621D+00
 -7.403D-05  2.982D+00
 -3.230D-05  4.528D+00
 -8.483D-05  3.011D+00
 -3.905D-05  3.980D+00
 -9.596D-05  3.044D+00
 -5.574D-05  2.913D+00
 -1.074D-04  3.080D+00
 -8.902D-05  1.495D+00
 -1.191D-04  3.115D+00
 -1.627D-04 -2.550D-01
 -1.313D-04  3.149D+00
 -3.295D-04 -1.805D+00
 -1.440D-04  3.178D+00
 -6.413D-04 -2.213D+00
 -1.579D-04  3.197D+00
 -1.198D-03 -1.601D+00
 -1.738D-04  3.197D+00
 -2.650D-03 -9.531D-01
 -1.943D-04  3.157D+00
 -2.877D-06  4.991D-01
 -2.029D-06 -1.488D+00
 -7.671D-07  2.065D+00
 -9.187D-07  4.679D+00
 -2.330D-06  3.893D+00
 -4.172D-06  3.419D+00
 -6.661D-06  3.078D+00
 -8.705D-06  3.050D+00
 -1.204D-05  2.857D+00
 -1.397D-05  2.948D+00
 -1.846D-05  2.764D+00
 -1.975D-05  2.941D+00
 -2.586D-05  2.721D+00
 -2.571D-05  2.989D+00
 -3.420D-05  2.702D+00
 -3.143D-05  3.085D+00
 -4.340D-05  2.697D+00
 -3.630D-05  3.238D+00
 -5.340D-05  2.702D+00
 -3.947D-05  3.472D+00
 -6.413D-05  2.713D+00
 -3.967D-05  3.843D+00
 -7.550D-05  2.729D+00
 -3.473D-05  4.521D+00
 -8.746D-05  2.749D+00
 -3.578D-05  4.587D+00
 -9.993D-05  2.772D+00
 -4.092D-05  4.229D+00
 -1.129D-04  2.797D+00
 -5.340D-05  3.391D+00
 -1.262D-04  2.823D+00
 -7.999D-05  2.115D+00
 -1.401D-04  2.849D+00
 -1.419D-04  4.072D-01
 -1.545D-04  2.874D+00
 -2.876D-04 -1.460D+00
 -1.696D-04  2.895D+00
 -5.949D-04 -2.403D+00
 -1.859D-04  2.907D+00
 -1.121D-03 -1.691D+00
 -2.043D-04  2.905D+00
 -2.515D-03 -1.033D+00
 -2.270D-04  2.874D+00
 -2.684D-06  4.969D-01
 -1.774D-06 -1.595D+00
 -6.206D-07  2.766D+00
 -9.845D-07  4.707D+00
 -2.719D-06  3.495D+00
 -4.938D-06  3.020D+00
 -7.070D-06  2.899D+00
 -1.004D-05  2.719D+00
 -1.235D-05  2.746D+00
 -1.627D-05  2.606D+00
 -1.839D-05  2.705D+00
 -2.358D-05  2.553D+00
 -2.497D-05  2.718D+00
 -3.195D-05  2.528D+00
 -3.179D-05  2.768D+00
 -4.130D-05  2.518D+00
 -3.840D-05  2.854D+00
 -5.159D-05  2.518D+00
 -4.425D-05  2.982D+00
 -6.274D-05  2.523D+00
 -4.853D-05  3.170D+00
 -7.471D-05  2.533D+00
 -5.010D-05  3.452D+00
 -8.741D-05  2.546D+00
 -4.718D-05  3.918D+00
 -1.008D-04  2.562D+00
 -3.903D-05  4.657D+00
 -1.148D-04  2.580D+00
 -3.939D-05  4.643D+00
 -1.294D-04  2.600D+00
 -4.840D-05  3.936D+00
 -1.445D-04  2.620D+00
 -7.031D-05  2.687D+00
 -1.602D-04  2.640D+00
 -1.224D-04  9.798D-01
 -1.766D-04  2.658D+00
 -2.473D-04 -9.246D-01
 -1.938D-04  2.673D+00
 -5.470D-04 -2.532D+00
 -2.123D-04  2.682D+00
 -1.047D-03 -1.790D+00
 -2.329D-04  2.678D+00
 -2.385D-03 -1.119D+00
 -2.575D-04  2.653D+00
 -2.505D-06  4.956D-01
 -1.559D-06 -1.713D+00
 -5.386D-07  3.427D+00
 -1.245D-06  4.122D+00
 -3.208D-06  3.097D+00
 -5.268D-06  2.832D+00
 -7.909D-06  2.630D+00
 -1.033D-05  2.603D+00
 -1.381D-05  2.484D+00
 -1.635D-05  2.532D+00
 -2.087D-05  2.420D+00
 -2.316D-05  2.521D+00
 -2.907D-05  2.388D+00
 -3.053D-05  2.543D+00
 -3.836D-05  2.374D+00
 -3.815D-05  2.592D+00
 -4.868D-05  2.369D+00
 -4.563D-05  2.668D+00
 -6.000D-05  2.370D+00
 -5.240D-05  2.778D+00
 -7.225D-05  2.375D+00
 -5.772D-05  2.934D+00
 -8.536D-05  2.384D+00
 -6.051D-05  3.161D+00
 -9.929D-05  2.395D+00
 -5.920D-05  3.514D+00
 -1.140D-04  2.408D+00
 -5.114D-05  4.139D+00
 -1.294D-04  2.423D+00
 -4.559D-05  4.540D+00
 -1.454D-04  2.438D+00
 -5.025D-05  4.169D+00
 -1.622D-04  2.454D+00
 -6.702D-05  3.140D+00
 -1.796D-04  2.469D+00
 -1.073D-04  1.538D+00
 -1.977D-04  2.483D+00
 -2.132D-04 -4.964D-01
 -2.168D-04  2.494D+00
 -4.791D-04 -2.186D+00
 -2.372D-04  2.499D+00
 -9.756D-04 -1.894D+00
 -2.597D-04  2.496D+00
 -2.260D-03 -1.209D+00
 -2.860D-04  2.473D+00
 -2.343D-06  4.940D-01
 -1.358D-06 -1.843D+00
 -4.627D-07  4.007D+00
 -1.577D-06  3.538D+00
 -3.467D-06  2.882D+00
 -5.796D-06  2.595D+00
 -8.164D-06  2.510D+00
 -1.125D-05  2.393D+00
 -1.395D-05  2.403D+00
 -1.794D-05  2.312D+00
 -2.070D-05  2.370D+00
 -2.582D-05  2.273D+00
 -2.825D-05  2.373D+00
 -3.487D-05  2.254D+00
 -3.637D-05  2.400D+00
 -4.505D-05  2.245D+00
 -4.478D-05  2.446D+00
 -5.631D-05  2.243D+00
 -5.308D-05  2.515D+00
 -6.859D-05  2.245D+00
 -6.073D-05  2.611D+00
 -8.186D-05  2.250D+00
 -6.701D-05  2.744D+00
 -9.605D-05  2.258D+00
 -7.093D-05  2.932D+00
 -1.111D-04  2.267D+00
 -7.102D-05  3.214D+00
 -1.270D-04  2.278D+00
 -6.503D-05  3.676D+00
 -1.437D-04  2.289D+00
 -4.845D-05  4.637D+00
 -1.611D-04  2.302D+00
 -4.829D-05  4.554D+00
 -1.792D-04  2.314D+00
 -6.174D-05  3.632D+00
 -1.981D-04  2.326D+00
 -9.608D-05  2.108D+00
 -2.179D-04  2.336D+00
 -1.850D-04  1.985D-02
 -2.386D-04  2.344D+00
 -4.220D-04 -1.945D+00
 -2.607D-04  2.348D+00
 -9.083D-04 -1.997D+00
 -2.848D-04  2.343D+00
 -2.139D-03 -1.298D+00
 -3.126D-04  2.324D+00
 -2.192D-06  4.933D-01
 -1.190D-06 -1.977D+00
 -4.387D-07  4.399D+00
 -1.784D-06  3.217D+00
 -3.804D-06  2.648D+00
 -6.006D-06  2.469D+00
 -8.737D-06  2.332D+00
 -1.140D-05  2.308D+00
 -1.494D-05  2.226D+00
 -1.789D-05  2.254D+00
 -2.240D-05  2.178D+00
 -2.535D-05  2.241D+00
 -3.108D-05  2.153D+00
 -3.362D-05  2.251D+00
 -4.096D-05  2.141D+00
 -4.248D-05  2.279D+00
 -5.198D-05  2.136D+00
 -5.163D-05  2.323D+00
 -6.412D-05  2.135D+00
 -6.070D-05  2.385D+00
 -7.732D-05  2.138D+00
 -6.918D-05  2.469D+00
 -9.154D-05  2.142D+00
 -7.638D-05  2.585D+00
 -1.067D-04  2.149D+00
 -8.134D-05  2.745D+00
 -1.228D-04  2.156D+00
 -8.271D-05  2.977D+00
 -1.398D-04  2.165D+00
 -7.844D-05  3.341D+00
 -1.577D-04  2.175D+00
 -6.502D-05  4.007D+00
 -1.763D-04  2.184D+00
 -5.445D-05  4.489D+00
 -1.957D-04  2.194D+00
 -6.026D-05  3.972D+00
 -2.160D-04  2.203D+00
 -8.425D-05  2.645D+00
 -2.371D-04  2.211D+00
 -1.608D-04  5.903D-01
 -2.593D-04  2.217D+00
 -3.722D-04 -1.780D+00
 -2.829D-04  2.219D+00
 -8.436D-04 -2.112D+00
 -3.085D-04  2.214D+00
 -2.017D-03 -1.363D+00
 -3.375D-04  2.197D+00
 -2.055D-06  4.922D-01
 -1.032D-06 -2.144D+00
 -4.382D-07  4.561D+00
 -2.011D-06  2.919D+00
 -3.975D-06  2.506D+00
 -6.364D-06  2.308D+00
 -8.876D-06  2.243D+00
 -1.202D-05  2.160D+00
 -1.496D-05  2.162D+00
 -1.896D-05  2.098D+00
 -2.214D-05  2.135D+00
 -2.717D-05  2.068D+00
 -3.029D-05  2.133D+00
 -3.662D-05  2.052D+00
 -3.925D-05  2.147D+00
 -4.728D-05  2.044D+00
 -4.880D-05  2.175D+00
 -5.911D-05  2.041D+00
 -5.866D-05  2.216D+00
 -7.208D-05  2.041D+00
 -6.847D-05  2.272D+00
 -8.613D-05  2.044D+00
 -7.774D-05  2.348D+00
 -1.012D-04  2.048D+00
 -8.580D-05  2.449D+00
 -1.173D-04  2.053D+00
 -9.173D-05  2.587D+00
 -1.344D-04  2.060D+00
 -9.427D-05  2.784D+00
 -1.524D-04  2.067D+00
 -9.153D-05  3.082D+00
 -1.713D-04  2.075D+00
 -8.045D-05  3.588D+00
 -1.910D-04  2.082D+00
 -5.755D-05  4.573D+00
 -2.116D-04  2.090D+00
 -5.971D-05  4.265D+00
 -2.331D-04  2.097D+00
 -8.041D-05  3.063D+00
 -2.555D-04  2.103D+00
 -1.385D-04  1.097D+00
 -2.790D-04  2.107D+00
 -3.231D-04 -1.286D+00
 -3.038D-04  2.107D+00
 -7.814D-04 -2.243D+00
 -3.306D-04  2.102D+00
 -1.901D-03 -1.431D+00
 -3.608D-04  2.086D+00
 -1.928D-06  4.920D-01
 -9.035D-07 -2.335D+00
 -4.506D-07  4.649D+00
 -2.152D-06  2.727D+00
 -4.204D-06  2.347D+00
 -6.485D-06  2.216D+00
 -9.254D-06  2.115D+00
 -1.206D-05  2.093D+00
 -1.562D-05  2.033D+00
 -1.882D-05  2.049D+00
 -2.328D-05  1.995D+00
 -2.666D-05  2.037D+00
 -3.222D-05  1.975D+00
 -3.547D-05  2.041D+00
 -4.241D-05  1.965D+00
 -4.509D-05  2.057D+00
 -5.381D-05  1.960D+00
 -5.530D-05  2.084D+00
 -6.640D-05  1.958D+00
 -6.584D-05  2.123D+00
 -8.015D-05  1.958D+00
 -7.635D-05  2.174D+00
 -9.500D-05  1.961D+00
 -8.635D-05  2.241D+00
 -1.109D-04  1.964D+00
 -9.521D-05  2.331D+00
 -1.279D-04  1.969D+00
 -1.021D-04  2.452D+00
 -1.458D-04  1.974D+00
 -1.057D-04  2.622D+00
 -1.647D-04  1.980D+00
 -1.043D-04  2.872D+00
 -1.845D-04  1.986D+00
 -9.521D-05  3.276D+00
 -2.053D-04  1.992D+00
 -7.326D-05  4.074D+00
 -2.269D-04  1.998D+00
 -6.027D-05  4.473D+00
 -2.494D-04  2.003D+00
 -7.403D-05  3.523D+00
 -2.729D-04  2.008D+00
 -1.239D-04  1.631D+00
 -2.975D-04  2.010D+00
 -2.804D-04 -8.464D-01
 -3.235D-04  2.010D+00
 -7.250D-04 -2.391D+00
 -3.514D-04  2.004D+00
 -1.790D-03 -1.503D+00
 -3.825D-04  1.989D+00
 -1.811D-06  4.915D-01
 -7.566D-07 -2.178D+00
 -5.764D-07  4.018D+00
 -2.309D-06  2.537D+00
 -4.309D-06  2.244D+00
 -6.718D-06  2.098D+00
 -9.305D-06  2.045D+00
 -1.246D-05  1.982D+00
 -1.554D-05  1.981D+00
 -1.951D-05  1.933D+00
 -2.295D-05  1.957D+00
 -2.787D-05  1.909D+00
 -3.143D-05  1.953D+00
 -3.751D-05  1.895D+00
 -4.087D-05  1.961D+00
 -4.839D-05  1.888D+00
 -5.112D-05  1.978D+00
 -6.051D-05  1.885D+00
 -6.196D-05  2.004D+00
 -7.381D-05  1.884D+00
 -7.313D-05  2.039D+00
 -8.828D-05  1.884D+00
 -8.429D-05  2.086D+00
 -1.039D-04  1.886D+00
 -9.499D-05  2.147D+00
 -1.206D-04  1.889D+00
 -1.046D-04  2.227D+00
 -1.383D-04  1.893D+00
 -1.123D-04  2.335D+00
 -1.570D-04  1.897D+00
 -1.170D-04  2.483D+00
 -1.767D-04  1.902D+00
 -1.169D-04  2.696D+00
 -1.974D-04  1.907D+00
 -1.095D-04  3.031D+00
 -2.190D-04  1.911D+00
 -9.047D-05  3.638D+00
 -2.415D-04  1.916D+00
 -6.629D-05  4.435D+00
 -2.650D-04  1.920D+00
 -7.104D-05  3.869D+00
 -2.895D-04  1.923D+00
 -1.108D-04  2.141D+00
 -3.151D-04  1.924D+00
 -2.424D-04 -4.737D-01
 -3.420D-04  1.922D+00
 -6.717D-04 -2.564D+00
 -3.709D-04  1.917D+00
 -1.683D-03 -1.579D+00
 -4.027D-04  1.903D+00
 -1.703D-06  4.916D-01
 -6.262D-07 -1.857D+00
 -7.039D-07  3.513D+00
 -2.403D-06  2.405D+00
 -4.459D-06  2.128D+00
 -6.771D-06  2.025D+00
 -9.539D-06  1.947D+00
 -1.242D-05  1.927D+00
 -1.595D-05  1.882D+00
 -1.929D-05  1.891D+00
 -2.367D-05  1.851D+00
 -2.732D-05  1.879D+00
 -3.270D-05  1.834D+00
 -3.642D-05  1.880D+00
 -4.300D-05  1.825D+00
 -4.646D-05  1.890D+00
 -5.455D-05  1.820D+00
 -5.729D-05  1.907D+00
 -6.733D-05  1.817D+00
 -6.873D-05  1.932D+00
 -8.131D-05  1.817D+00
 -8.050D-05  1.965D+00
 -9.645D-05  1.817D+00
 -9.227D-05  2.007D+00
 -1.127D-04  1.819D+00
 -1.036D-04  2.063D+00
 -1.301D-04  1.821D+00
 -1.139D-04  2.135D+00
 -1.485D-04  1.824D+00
 -1.224D-04  2.231D+00
 -1.680D-04  1.828D+00
 -1.280D-04  2.361D+00
 -1.885D-04  1.831D+00
 -1.291D-04  2.547D+00
 -2.099D-04  1.835D+00
 -1.233D-04  2.830D+00
 -2.323D-04  1.838D+00
 -1.067D-04  3.316D+00
 -2.556D-04  1.842D+00
 -7.096D-05  4.439D+00
 -2.799D-04  1.844D+00
 -7.062D-05  4.127D+00
 -3.052D-04  1.846D+00
 -9.780D-05  2.630D+00
 -3.316D-04  1.846D+00
 -2.121D-04  4.285D-02
 -3.594D-04  1.844D+00
 -6.022D-04 -2.416D+00
 -3.890D-04  1.838D+00
 -1.580D-03 -1.640D+00
 -4.215D-04  1.825D+00
 -1.604D-06  4.916D-01
 -5.159D-07 -1.622D+00
 -7.954D-07  3.194D+00
 -2.508D-06  2.270D+00
 -4.514D-06  2.048D+00
 -6.911D-06  1.934D+00
 -9.524D-06  1.890D+00
 -1.265D-05  1.841D+00
 -1.580D-05  1.837D+00
 -1.971D-05  1.801D+00
 -2.328D-05  1.817D+00
 -2.808D-05  1.780D+00
 -3.191D-05  1.811D+00
 -3.774D-05  1.769D+00
 -4.159D-05  1.815D+00
 -4.867D-05  1.762D+00
 -5.220D-05  1.826D+00
 -6.085D-05  1.758D+00
 -6.359D-05  1.843D+00
 -7.426D-05  1.756D+00
 -7.558D-05  1.866D+00
 -8.886D-05  1.756D+00
 -8.791D-05  1.897D+00
 -1.046D-04  1.757D+00
 -1.003D-04  1.936D+00
 -1.215D-04  1.758D+00
 -1.122D-04  1.987D+00
 -1.395D-04  1.760D+00
 -1.232D-04  2.052D+00
 -1.586D-04  1.762D+00
 -1.324D-04  2.138D+00
 -1.787D-04  1.764D+00
 -1.389D-04  2.254D+00
 -1.998D-04  1.767D+00
 -1.411D-04  2.417D+00
 -2.219D-04  1.770D+00
 -1.367D-04  2.661D+00
 -2.450D-04  1.772D+00
 -1.222D-04  3.063D+00
 -2.690D-04  1.774D+00
 -9.080D-05  3.888D+00
 -2.940D-04  1.776D+00
 -6.794D-05  4.437D+00
 -3.201D-04  1.777D+00
 -9.347D-05  3.013D+00
 -3.472D-04  1.776D+00
 -1.857D-04  5.436D-01
 -3.757D-04  1.773D+00
 -5.332D-04 -2.157D+00
 -4.060D-04  1.767D+00
 -1.482D-03 -1.700D+00
 -4.390D-04  1.755D+00
 -1.511D-06  4.922D-01
 -4.222D-07 -1.110D+00
 -8.837D-07  2.921D+00
 -2.566D-06  2.171D+00
 -4.603D-06  1.958D+00
 -6.913D-06  1.874D+00
 -9.649D-06  1.813D+00
 -1.255D-05  1.795D+00
 -1.602D-05  1.759D+00
 -1.942D-05  1.764D+00
 -2.371D-05  1.733D+00
 -2.750D-05  1.752D+00
 -3.269D-05  1.718D+00
 -3.669D-05  1.751D+00
 -4.296D-05  1.710D+00
 -4.692D-05  1.757D+00
 -5.449D-05  1.705D+00
 -5.807D-05  1.768D+00
 -6.726D-05  1.702D+00
 -6.999D-05  1.784D+00
 -8.125D-05  1.701D+00
 -8.249D-05  1.806D+00
 -9.643D-05  1.700D+00
 -9.534D-05  1.835D+00
 -1.128D-04  1.701D+00
 -1.082D-04  1.871D+00
 -1.302D-04  1.702D+00
 -1.207D-04  1.917D+00
 -1.488D-04  1.703D+00
 -1.323D-04  1.977D+00
 -1.685D-04  1.705D+00
 -1.423D-04  2.054D+00
 -1.891D-04  1.706D+00
 -1.495D-04  2.158D+00
 -2.109D-04  1.708D+00
 -1.527D-04  2.303D+00
 -2.335D-04  1.710D+00
 -1.497D-04  2.516D+00
 -2.572D-04  1.712D+00
 -1.371D-04  2.856D+00
 -2.819D-04  1.713D+00
 -1.090D-04  3.504D+00
 -3.075D-04  1.713D+00
 -7.544D-05  4.350D+00
 -3.341D-04  1.713D+00
 -8.574D-05  3.444D+00
 -3.619D-04  1.712D+00
 -1.608D-04  1.004D+00
 -3.910D-04  1.709D+00
 -4.739D-04 -1.966D+00
 -4.218D-04  1.702D+00
 -1.388D-03 -1.764D+00
 -4.552D-04  1.690D+00
 -1.426D-06  4.926D-01
 -3.431D-07 -5.924D-01
 -9.473D-07  2.725D+00
 -2.633D-06  2.069D+00
 -4.620D-06  1.893D+00
 -6.983D-06  1.802D+00
 -9.584D-06  1.765D+00
 -1.265D-05  1.725D+00
 -1.581D-05  1.720D+00
 -1.964D-05  1.691D+00
 -2.327D-05  1.702D+00
 -2.792D-05  1.673D+00
 -3.190D-05  1.696D+00
 -3.749D-05  1.663D+00
 -4.164D-05  1.697D+00
 -4.833D-05  1.657D+00
 -5.238D-05  1.703D+00
 -6.042D-05  1.653D+00
 -6.403D-05  1.715D+00
 -7.375D-05  1.651D+00
 -7.644D-05  1.730D+00
 -8.828D-05  1.650D+00
 -8.943D-05  1.751D+00
 -1.040D-04  1.649D+00
 -1.028D-04  1.777D+00
 -1.209D-04  1.649D+00
 -1.161D-04  1.811D+00
 -1.388D-04  1.650D+00
 -1.292D-04  1.853D+00
 -1.579D-04  1.650D+00
 -1.413D-04  1.908D+00
 -1.781D-04  1.651D+00
 -1.519D-04  1.978D+00
 -1.993D-04  1.653D+00
 -1.599D-04  2.072D+00
 -2.215D-04  1.654D+00
 -1.641D-04  2.201D+00
 -2.447D-04  1.655D+00
 -1.623D-04  2.389D+00
 -2.689D-04  1.655D+00
 -1.514D-04  2.682D+00
 -2.941D-04  1.656D+00
 -1.260D-04  3.212D+00
 -3.202D-04  1.656D+00
 -7.816D-05  4.431D+00
 -3.474D-04  1.655D+00
 -8.199D-05  3.766D+00
 -3.757D-04  1.653D+00
 -1.442D-04  1.491D+00
 -4.052D-04  1.649D+00
 -4.203D-04 -1.823D+00
 -4.364D-04  1.642D+00
 -1.298D-03 -1.832D+00
 -4.701D-04  1.631D+00
 -1.347D-06  4.935D-01
 -2.796D-07 -1.394D-01
 -1.009D-06  2.545D+00
 -2.664D-06  1.991D+00
 -4.664D-06  1.821D+00
 -6.946D-06  1.752D+00
 -9.629D-06  1.701D+00
 -1.250D-05  1.685D+00
 -1.590D-05  1.656D+00
 -1.931D-05  1.658D+00
 -2.347D-05  1.633D+00
 -2.732D-05  1.647D+00
 -3.232D-05  1.621D+00
 -3.648D-05  1.645D+00
 -4.245D-05  1.613D+00
 -4.672D-05  1.647D+00
 -5.383D-05  1.608D+00
 -5.795D-05  1.655D+00
 -6.645D-05  1.605D+00
 -7.007D-05  1.665D+00
 -8.029D-05  1.603D+00
 -8.294D-05  1.680D+00
 -9.531D-05  1.602D+00
 -9.637D-05  1.700D+00
 -1.115D-04  1.601D+00
 -1.101D-04  1.724D+00
 -1.289D-04  1.601D+00
 -1.240D-04  1.755D+00
 -1.473D-04  1.601D+00
 -1.375D-04  1.794D+00
 -1.669D-04  1.602D+00
 -1.502D-04  1.844D+00
 -1.875D-04  1.602D+00
 -1.613D-04  1.908D+00
 -2.091D-04  1.603D+00
 -1.701D-04  1.994D+00
 -2.318D-04  1.603D+00
 -1.751D-04  2.110D+00
 -2.555D-04  1.603D+00
 -1.744D-04  2.277D+00
 -2.801D-04  1.603D+00
 -1.651D-04  2.532D+00
 -3.057D-04  1.603D+00
 -1.422D-04  2.977D+00
 -3.323D-04  1.602D+00
 -9.526D-05  4.006D+00
 -3.599D-04  1.601D+00
 -8.129D-05  4.000D+00
 -3.886D-04  1.598D+00
 -1.298D-04  1.952D+00
 -4.185D-04  1.594D+00
 -3.678D-04 -1.365D+00
 -4.500D-04  1.587D+00
 -1.213D-03 -1.897D+00
 -4.839D-04  1.576D+00
 -1.273D-06  4.943D-01
 -2.312D-07  5.014D-01
 -1.053D-06  2.408D+00
 -2.702D-06  1.911D+00
 -4.652D-06  1.767D+00
 -6.963D-06  1.691D+00
 -9.526D-06  1.660D+00
 -1.252D-05  1.627D+00
 -1.566D-05  1.621D+00
 -1.937D-05  1.598D+00
 -2.301D-05  1.605D+00
 -2.750D-05  1.582D+00
 -3.154D-05  1.598D+00
 -3.689D-05  1.573D+00
 -4.120D-05  1.598D+00
 -4.754D-05  1.567D+00
 -5.191D-05  1.602D+00
 -5.943D-05  1.563D+00
 -6.361D-05  1.609D+00
 -7.254D-05  1.561D+00
 -7.616D-05  1.620D+00
 -8.685D-05  1.559D+00
 -8.945D-05  1.634D+00
 -1.023D-04  1.558D+00
 -1.033D-04  1.652D+00
 -1.190D-04  1.557D+00
 -1.175D-04  1.675D+00
 -1.368D-04  1.557D+00
 -1.317D-04  1.703D+00
 -1.556D-04  1.556D+00
 -1.457D-04  1.739D+00
 -1.756D-04  1.556D+00
 -1.588D-04  1.785D+00
 -1.966D-04  1.556D+00
 -1.705D-04  1.844D+00
 -2.187D-04  1.556D+00
 -1.799D-04  1.922D+00
 -2.417D-04  1.556D+00
 -1.857D-04  2.027D+00
 -2.657D-04  1.556D+00
 -1.861D-04  2.176D+00
 -2.908D-04  1.555D+00
 -1.783D-04  2.402D+00
 -3.167D-04  1.554D+00
 -1.576D-04  2.783D+00
 -3.437D-04  1.553D+00
 -1.149D-04  3.589D+00
 -3.716D-04  1.550D+00
 -7.668D-05  4.335D+00
 -4.006D-04  1.547D+00
 -1.145D-04  2.406D+00
 -4.309D-04  1.542D+00
 -3.232D-04 -9.841D-01
 -4.626D-04  1.535D+00
 -1.133D-03 -1.961D+00
 -4.966D-04  1.524D+00
 -1.205D-06  4.955D-01
 -1.901D-07  1.047D+00
 -1.095D-06  2.278D+00
 -2.711D-06  1.847D+00
 -4.662D-06  1.707D+00
 -6.898D-06  1.648D+00
 -9.511D-06  1.606D+00
 -1.234D-05  1.591D+00
 -1.564D-05  1.567D+00
 -1.901D-05  1.568D+00
 -2.304D-05  1.548D+00
 -2.688D-05  1.558D+00
 -3.170D-05  1.536D+00
 -3.591D-05  1.554D+00
 -4.160D-05  1.529D+00
 -4.604D-05  1.555D+00
 -5.275D-05  1.525D+00
 -5.720D-05  1.560D+00
 -6.511D-05  1.522D+00
 -6.932D-05  1.567D+00
 -7.867D-05  1.519D+00
 -8.228D-05  1.577D+00
 -9.342D-05  1.518D+00
 -9.595D-05  1.590D+00
 -1.093D-04  1.516D+00
 -1.102D-04  1.607D+00
 -1.264D-04  1.515D+00
 -1.247D-04  1.628D+00
 -1.445D-04  1.515D+00
 -1.393D-04  1.655D+00
 -1.638D-04  1.514D+00
 -1.537D-04  1.688D+00
 -1.841D-04  1.513D+00
 -1.673D-04  1.730D+00
 -2.055D-04  1.513D+00
 -1.795D-04  1.784D+00
 -2.279D-04  1.512D+00
 -1.895D-04  1.855D+00
 -2.512D-04  1.512D+00
 -1.960D-04  1.951D+00
 -2.756D-04  1.511D+00
 -1.974D-04  2.086D+00
 -3.009D-04  1.509D+00
 -1.909D-04  2.287D+00
 -3.272D-04  1.508D+00
 -1.722D-04  2.617D+00
 -3.544D-04  1.506D+00
 -1.331D-04  3.277D+00
 -3.826D-04  1.503D+00
 -8.409D-05  4.256D+00
 -4.118D-04  1.499D+00
 -1.082D-04  2.767D+00
 -4.423D-04  1.494D+00
 -2.825D-04 -6.477D-01
 -4.742D-04  1.487D+00
 -1.057D-03 -2.028D+00
 -5.083D-04  1.476D+00
 -1.141D-06  4.966D-01
 -1.599D-07  1.618D+00
 -1.123D-06  2.175D+00
 -2.727D-06  1.781D+00
 -4.629D-06  1.661D+00
 -6.875D-06  1.598D+00
 -9.382D-06  1.570D+00
 -1.229D-05  1.542D+00
 -1.537D-05  1.536D+00
 -1.896D-05  1.517D+00
 -2.256D-05  1.521D+00
 -2.688D-05  1.503D+00
 -3.092D-05  1.515D+00
 -3.604D-05  1.495D+00
 -4.041D-05  1.514D+00
 -4.643D-05  1.489D+00
 -5.098D-05  1.516D+00
 -5.803D-05  1.485D+00
 -6.256D-05  1.520D+00
 -7.084D-05  1.483D+00
 -7.506D-05  1.527D+00
 -8.482D-05  1.480D+00
 -8.839D-05  1.537D+00
 -9.997D-05  1.479D+00
 -1.024D-04  1.549D+00
 -1.163D-04  1.477D+00
 -1.170D-04  1.565D+00
 -1.337D-04  1.476D+00
 -1.319D-04  1.585D+00
 -1.522D-04  1.475D+00
 -1.468D-04  1.609D+00
 -1.718D-04  1.474D+00
 -1.615D-04  1.640D+00
 -1.924D-04  1.473D+00
 -1.755D-04  1.679D+00
 -2.141D-04  1.472D+00
 -1.882D-04  1.729D+00
 -2.367D-04  1.471D+00
 -1.987D-04  1.794D+00
 -2.604D-04  1.470D+00
 -2.060D-04  1.881D+00
 -2.850D-04  1.468D+00
 -2.083D-04  2.003D+00
 -3.105D-04  1.467D+00
 -2.030D-04  2.183D+00
 -3.370D-04  1.464D+00
 -1.862D-04  2.474D+00
 -3.645D-04  1.462D+00
 -1.502D-04  3.028D+00
 -3.929D-04  1.459D+00
 -8.772D-05  4.295D+00
 -4.223D-04  1.455D+00
 -1.006D-04  3.145D+00
 -4.529D-04  1.449D+00
 -2.480D-04 -2.455D-01
 -4.849D-04  1.442D+00
 -9.845D-04 -2.101D+00
 -5.189D-04  1.431D+00
 -1.082D-06  4.981D-01
 -1.373D-07  2.141D+00
 -1.150D-06  2.075D+00
 -2.720D-06  1.728D+00
 -4.613D-06  1.610D+00
 -6.790D-06  1.560D+00
 -9.322D-06  1.524D+00
 -1.208D-05  1.510D+00
 -1.527D-05  1.490D+00
 -1.858D-05  1.489D+00
 -2.246D-05  1.473D+00
 -2.626D-05  1.480D+00
 -3.088D-05  1.463D+00
 -3.509D-05  1.476D+00
 -4.051D-05  1.456D+00
 -4.501D-05  1.476D+00
 -5.135D-05  1.452D+00
 -5.599D-05  1.478D+00
 -6.339D-05  1.448D+00
 -6.796D-05  1.483D+00
 -7.660D-05  1.446D+00
 -8.082D-05  1.490D+00
 -9.096D-05  1.444D+00
 -9.450D-05  1.499D+00
 -1.065D-04  1.442D+00
 -1.088D-04  1.511D+00
 -1.231D-04  1.440D+00
 -1.237D-04  1.525D+00
 -1.408D-04  1.439D+00
 -1.389D-04  1.544D+00
 -1.597D-04  1.438D+00
 -1.542D-04  1.566D+00
 -1.795D-04  1.436D+00
 -1.692D-04  1.595D+00
 -2.004D-04  1.435D+00
 -1.836D-04  1.631D+00
 -2.223D-04  1.433D+00
 -1.966D-04  1.677D+00
 -2.452D-04  1.432D+00
 -2.077D-04  1.737D+00
 -2.691D-04  1.430D+00
 -2.155D-04  1.817D+00
 -2.939D-04  1.428D+00
 -2.187D-04  1.928D+00
 -3.197D-04  1.426D+00
 -2.146D-04  2.090D+00
 -3.463D-04  1.423D+00
 -1.995D-04  2.348D+00
 -3.739D-04  1.420D+00
 -1.662D-04  2.823D+00
 -4.025D-04  1.417D+00
 -9.842D-05  4.094D+00
 -4.320D-04  1.412D+00
 -9.062D-05  3.567D+00
 -4.626D-04  1.406D+00
 -2.201D-04  2.056D-01
 -4.947D-04  1.399D+00
 -9.161D-04 -2.178D+00
 -5.286D-04  1.388D+00
 -1.027D-06  4.995D-01
 -1.163D-07  2.671D+00
 -1.166D-06  1.994D+00
 -2.719D-06  1.672D+00
 -4.564D-06  1.570D+00
 -6.738D-06  1.516D+00
 -9.174D-06  1.491D+00
 -1.198D-05  1.468D+00
 -1.498D-05  1.462D+00
 -1.845D-05  1.446D+00
 -2.197D-05  1.448D+00
 -2.613D-05  1.433D+00
 -3.011D-05  1.442D+00
 -3.501D-05  1.426D+00
 -3.937D-05  1.440D+00
 -4.509D-05  1.420D+00
 -4.971D-05  1.441D+00
 -5.635D-05  1.417D+00
 -6.107D-05  1.443D+00
 -6.878D-05  1.414D+00
 -7.338D-05  1.448D+00
 -8.236D-05  1.411D+00
 -8.658D-05  1.454D+00
 -9.708D-05  1.409D+00
 -1.006D-04  1.463D+00
 -1.129D-04  1.407D+00
 -1.152D-04  1.474D+00
 -1.299D-04  1.405D+00
 -1.304D-04  1.488D+00
 -1.479D-04  1.404D+00
 -1.458D-04  1.505D+00
 -1.670D-04  1.402D+00
 -1.614D-04  1.526D+00
 -1.871D-04  1.400D+00
 -1.767D-04  1.552D+00
 -2.082D-04  1.399D+00
 -1.913D-04  1.585D+00
 -2.303D-04  1.397D+00
 -2.048D-04  1.628D+00
 -2.534D-04  1.395D+00
 -2.163D-04  1.683D+00
 -2.775D-04  1.393D+00
 -2.247D-04  1.757D+00
 -3.024D-04  1.390D+00
 -2.287D-04  1.858D+00
 -3.283D-04  1.388D+00
 -2.257D-04  2.006D+00
 -3.551D-04  1.385D+00
 -2.121D-04  2.236D+00
 -3.828D-04  1.381D+00
 -1.814D-04  2.649D+00
 -4.114D-04  1.377D+00
 -1.191D-04  3.650D+00
 -4.410D-04  1.372D+00
 -9.170D-05  3.731D+00
 -4.716D-04  1.366D+00
 -1.938D-04  6.201D-01
 -5.036D-04  1.358D+00
 -8.534D-04 -2.261D+00
 -5.374D-04  1.348D+00
 -9.746D-07  5.012D-01
 -1.057D-07  3.090D+00
 -1.182D-06  1.914D+00
 -2.700D-06  1.626D+00
 -4.529D-06  1.526D+00
 -6.637D-06  1.482D+00
 -9.082D-06  1.452D+00
 -1.176D-05  1.439D+00
 -1.484D-05  1.422D+00
 -1.806D-05  1.420D+00
 -2.179D-05  1.407D+00
 -2.551D-05  1.411D+00
 -2.994D-05  1.397D+00
 -3.409D-05  1.407D+00
 -3.926D-05  1.391D+00
 -4.375D-05  1.406D+00
 -4.975D-05  1.387D+00
 -5.447D-05  1.407D+00
 -6.140D-05  1.383D+00
 -6.618D-05  1.410D+00
 -7.420D-05  1.381D+00
 -7.882D-05  1.415D+00
 -8.813D-05  1.378D+00
 -9.232D-05  1.421D+00
 -1.032D-04  1.376D+00
 -1.066D-04  1.429D+00
 -1.193D-04  1.374D+00
 -1.215D-04  1.439D+00
 -1.365D-04  1.372D+00
 -1.369D-04  1.452D+00
 -1.548D-04  1.370D+00
 -1.526D-04  1.467D+00
 -1.741D-04  1.368D+00
 -1.684D-04  1.487D+00
 -1.944D-04  1.366D+00
 -1.840D-04  1.511D+00
 -2.157D-04  1.364D+00
 -1.989D-04  1.542D+00
 -2.380D-04  1.362D+00
 -2.127D-04  1.582D+00
 -2.612D-04  1.360D+00
 -2.246D-04  1.633D+00
 -2.854D-04  1.357D+00
 -2.336D-04  1.700D+00
 -3.105D-04  1.354D+00
 -2.382D-04  1.794D+00
 -3.364D-04  1.351D+00
 -2.362D-04  1.928D+00
 -3.633D-04  1.347D+00
 -2.241D-04  2.136D+00
 -3.910D-04  1.344D+00
 -1.957D-04  2.499D+00
 -4.196D-04  1.339D+00
 -1.379D-04  3.321D+00
 -4.492D-04  1.334D+00
 -8.871D-05  3.982D+00
 -4.798D-04  1.327D+00
 -1.695D-04  1.023D+00
 -5.117D-04  1.319D+00
 -7.938D-04 -2.351D+00
 -5.453D-04  1.309D+00
 -9.264D-07  5.028D-01
 -9.149D-08  3.587D+00
 -1.189D-06  1.847D+00
 -2.686D-06  1.579D+00
 -4.469D-06  1.491D+00
 -6.565D-06  1.444D+00
 -8.921D-06  1.422D+00
 -1.163D-05  1.402D+00
 -1.454D-05  1.396D+00
 -1.787D-05  1.382D+00
 -2.130D-05  1.384D+00
 -2.528D-05  1.371D+00
 -2.918D-05  1.377D+00
 -3.386D-05  1.364D+00
 -3.816D-05  1.375D+00
 -4.360D-05  1.359D+00
 -4.821D-05  1.374D+00
 -5.448D-05  1.355D+00
 -5.927D-05  1.376D+00
 -6.649D-05  1.352D+00
 -7.131D-05  1.379D+00
 -7.962D-05  1.349D+00
 -8.425D-05  1.383D+00
 -9.386D-05  1.347D+00
 -9.803D-05  1.389D+00
 -1.092D-04  1.345D+00
 -1.125D-04  1.396D+00
 -1.256D-04  1.342D+00
 -1.277D-04  1.406D+00
 -1.430D-04  1.340D+00
 -1.433D-04  1.417D+00
 -1.615D-04  1.338D+00
 -1.592D-04  1.432D+00
 -1.810D-04  1.336D+00
 -1.752D-04  1.450D+00
 -2.015D-04  1.334D+00
 -1.910D-04  1.473D+00
 -2.230D-04  1.331D+00
 -2.062D-04  1.501D+00
 -2.454D-04  1.328D+00
 -2.203D-04  1.538D+00
 -2.687D-04  1.326D+00
 -2.325D-04  1.585D+00
 -2.930D-04  1.323D+00
 -2.420D-04  1.648D+00
 -3.181D-04  1.320D+00
 -2.473D-04  1.734D+00
 -3.441D-04  1.316D+00
 -2.463D-04  1.856D+00
 -3.710D-04  1.312D+00
 -2.356D-04  2.045D+00
 -3.987D-04  1.308D+00
 -2.092D-04  2.367D+00
 -4.273D-04  1.303D+00
 -1.554D-04  3.061D+00
 -4.568D-04  1.297D+00
 -8.674D-05  4.185D+00
 -4.873D-04  1.290D+00
 -1.549D-04  1.444D+00
 -5.190D-04  1.282D+00
 -7.373D-04 -2.450D+00
 -5.523D-04  1.272D+00
 -8.811D-07  5.048D-01
 -8.791D-08  3.835D+00
 -1.195D-06  1.781D+00
 -2.659D-06  1.539D+00
 -4.420D-06  1.452D+00
 -6.454D-06  1.414D+00
 -8.807D-06  1.387D+00
 -1.140D-05  1.375D+00
 -1.435D-05  1.361D+00
 -1.748D-05  1.359D+00
 -2.105D-05  1.347D+00
 -2.467D-05  1.350D+00
 -2.890D-05  1.338D+00
 -3.297D-05  1.346D+00
 -3.789D-05  1.333D+00
 -4.233D-05  1.344D+00
 -4.801D-05  1.328D+00
 -5.272D-05  1.344D+00
 -5.925D-05  1.325D+00
 -6.411D-05  1.346D+00
 -7.159D-05  1.322D+00
 -7.644D-05  1.349D+00
 -8.503D-05  1.319D+00
 -8.965D-05  1.353D+00
 -9.955D-05  1.317D+00
 -1.037D-04  1.358D+00
 -1.151D-04  1.315D+00
 -1.184D-04  1.365D+00
 -1.318D-04  1.312D+00
 -1.338D-04  1.373D+00
 -1.494D-04  1.310D+00
 -1.496D-04  1.384D+00
 -1.681D-04  1.307D+00
 -1.657D-04  1.398D+00
 -1.878D-04  1.305D+00
 -1.819D-04  1.415D+00
 -2.084D-04  1.302D+00
 -1.978D-04  1.436D+00
 -2.300D-04  1.299D+00
 -2.132D-04  1.462D+00
 -2.525D-04  1.296D+00
 -2.276D-04  1.496D+00
 -2.759D-04  1.293D+00
 -2.402D-04  1.540D+00
 -3.001D-04  1.290D+00
 -2.501D-04  1.598D+00
 -3.253D-04  1.286D+00
 -2.560D-04  1.677D+00
 -3.513D-04  1.282D+00
 -2.558D-04  1.790D+00
 -3.781D-04  1.278D+00
 -2.464D-04  1.961D+00
 -4.058D-04  1.273D+00
 -2.220D-04  2.250D+00
 -4.343D-04  1.268D+00
 -1.716D-04  2.847D+00
 -4.637D-04  1.262D+00
 -9.336D-05  4.122D+00
 -4.941D-04  1.255D+00
 -1.402D-04  1.838D+00
 -5.256D-04  1.247D+00
 -6.837D-04 -2.561D+00
 -5.586D-04  1.236D+00
 -8.388D-07  5.066D-01
 -8.165D-08  4.157D+00
 -1.195D-06  1.724D+00
 -2.635D-06  1.497D+00
 -4.351D-06  1.421D+00
 -6.366D-06  1.380D+00
 -8.637D-06  1.360D+00
 -1.124D-05  1.342D+00
 -1.405D-05  1.337D+00
 -1.724D-05  1.325D+00
 -2.056D-05  1.325D+00
 -2.438D-05  1.315D+00
 -2.817D-05  1.319D+00
 -3.263D-05  1.308D+00
 -3.684D-05  1.316D+00
 -4.200D-05  1.303D+00
 -4.656D-05  1.315D+00
 -5.248D-05  1.299D+00
 -5.728D-05  1.316D+00
 -6.405D-05  1.296D+00
 -6.896D-05  1.317D+00
 -7.670D-05  1.293D+00
 -8.156D-05  1.320D+00
 -9.042D-05  1.291D+00
 -9.502D-05  1.323D+00
 -1.052D-04  1.288D+00
 -1.093D-04  1.328D+00
 -1.210D-04  1.286D+00
 -1.242D-04  1.335D+00
 -1.378D-04  1.283D+00
 -1.397D-04  1.343D+00
 -1.557D-04  1.280D+00
 -1.557D-04  1.353D+00
 -1.745D-04  1.278D+00
 -1.720D-04  1.365D+00
 -1.943D-04  1.275D+00
 -1.883D-04  1.381D+00
 -2.150D-04  1.272D+00
 -2.044D-04  1.400D+00
 -2.367D-04  1.269D+00
 -2.200D-04  1.425D+00
 -2.592D-04  1.266D+00
 -2.346D-04  1.456D+00
 -2.826D-04  1.262D+00
 -2.474D-04  1.497D+00
 -3.069D-04  1.258D+00
 -2.578D-04  1.551D+00
 -3.321D-04  1.254D+00
 -2.642D-04  1.624D+00
 -3.580D-04  1.250D+00
 -2.649D-04  1.728D+00
 -3.848D-04  1.246D+00
 -2.566D-04  1.885D+00
 -4.124D-04  1.240D+00
 -2.340D-04  2.145D+00
 -4.408D-04  1.235D+00
 -1.868D-04  2.666D+00
 -4.700D-04  1.228D+00
 -9.566D-05  4.179D+00
 -5.002D-04  1.221D+00
 -1.248D-04  2.235D+00
 -5.315D-04  1.213D+00
 -6.244D-04 -2.481D+00
 -5.642D-04  1.202D+00
 -7.990D-07  5.087D-01
 -8.214D-08  4.235D+00
 -1.195D-06  1.669D+00
 -2.601D-06  1.461D+00
 -4.292D-06  1.386D+00
 -6.248D-06  1.352D+00
 -8.507D-06  1.328D+00
 -1.100D-05  1.318D+00
 -1.384D-05  1.305D+00
 -1.685D-05  1.303D+00
 -2.027D-05  1.293D+00
 -2.378D-05  1.295D+00
 -2.782D-05  1.285D+00
 -3.177D-05  1.290D+00
 -3.646D-05  1.279D+00
 -4.080D-05  1.288D+00
 -4.618D-05  1.275D+00
 -5.084D-05  1.288D+00
 -5.699D-05  1.272D+00
 -6.186D-05  1.288D+00
 -6.886D-05  1.269D+00
 -7.381D-05  1.290D+00
 -8.179D-05  1.266D+00
 -8.666D-05  1.292D+00
 -9.576D-05  1.263D+00
 -1.003D-04  1.295D+00
 -1.108D-04  1.260D+00
 -1.148D-04  1.300D+00
 -1.268D-04  1.258D+00
 -1.299D-04  1.306D+00
 -1.438D-04  1.255D+00
 -1.456D-04  1.313D+00
 -1.618D-04  1.252D+00
 -1.617D-04  1.322D+00
 -1.807D-04  1.249D+00
 -1.781D-04  1.334D+00
 -2.006D-04  1.246D+00
 -1.945D-04  1.348D+00
 -2.214D-04  1.243D+00
 -2.108D-04  1.366D+00
 -2.431D-04  1.240D+00
 -2.265D-04  1.389D+00
 -2.656D-04  1.236D+00
 -2.413D-04  1.418D+00
 -2.891D-04  1.232D+00
 -2.544D-04  1.456D+00
 -3.133D-04  1.228D+00
 -2.651D-04  1.506D+00
 -3.384D-04  1.224D+00
 -2.720D-04  1.574D+00
 -3.643D-04  1.219D+00
 -2.734D-04  1.670D+00
 -3.910D-04  1.214D+00
 -2.662D-04  1.814D+00
 -4.184D-04  1.209D+00
 -2.454D-04  2.050D+00
 -4.467D-04  1.203D+00
 -2.011D-04  2.510D+00
 -4.758D-04  1.196D+00
 -1.079D-04  3.933D+00
 -5.057D-04  1.189D+00
 -1.177D-04  2.552D+00
 -5.367D-04  1.180D+00
 -5.624D-04 -2.272D+00
 -5.690D-04  1.169D+00
 -7.618D-07  5.108D-01
 -8.438D-08  4.251D+00
 -1.189D-06  1.620D+00
 -2.570D-06  1.425D+00
 -4.218D-06  1.357D+00
 -6.151D-06  1.321D+00
 -8.333D-06  1.304D+00
 -1.082D-05  1.288D+00
 -1.353D-05  1.283D+00
 -1.659D-05  1.272D+00
 -1.979D-05  1.272D+00
 -2.343D-05  1.263D+00
 -2.710D-05  1.266D+00
 -3.136D-05  1.257D+00
 -3.545D-05  1.263D+00
 -4.036D-05  1.252D+00
 -4.481D-05  1.262D+00
 -5.041D-05  1.249D+00
 -5.515D-05  1.261D+00
 -6.152D-05  1.245D+00
 -6.645D-05  1.262D+00
 -7.367D-05  1.242D+00
 -7.865D-05  1.263D+00
 -8.685D-05  1.239D+00
 -9.171D-05  1.265D+00
 -1.010D-04  1.237D+00
 -1.056D-04  1.268D+00
 -1.162D-04  1.234D+00
 -1.202D-04  1.272D+00
 -1.324D-04  1.231D+00
 -1.354D-04  1.278D+00
 -1.496D-04  1.228D+00
 -1.512D-04  1.284D+00
 -1.677D-04  1.225D+00
 -1.675D-04  1.293D+00
 -1.867D-04  1.222D+00
 -1.840D-04  1.303D+00
 -2.067D-04  1.218D+00
 -2.005D-04  1.317D+00
 -2.275D-04  1.215D+00
 -2.169D-04  1.334D+00
 -2.492D-04  1.211D+00
 -2.328D-04  1.355D+00
 -2.718D-04  1.207D+00
 -2.477D-04  1.382D+00
 -2.952D-04  1.203D+00
 -2.610D-04  1.417D+00
 -3.194D-04  1.199D+00
 -2.720D-04  1.464D+00
 -3.444D-04  1.194D+00
 -2.794D-04  1.527D+00
 -3.702D-04  1.189D+00
 -2.815D-04  1.616D+00
 -3.967D-04  1.184D+00
 -2.753D-04  1.748D+00
 -4.240D-04  1.178D+00
 -2.561D-04  1.964D+00
 -4.520D-04  1.172D+00
 -2.144D-04  2.373D+00
 -4.809D-04  1.165D+00
 -1.276D-04  3.530D+00
 -5.106D-04  1.157D+00
 -1.101D-04  2.877D+00
 -5.412D-04  1.148D+00
 -5.067D-04 -2.099D+00
 -5.732D-04  1.138D+00
 -7.267D-07  5.130D-01
 -9.167D-08  4.066D+00
 -1.184D-06  1.572D+00
 -2.532D-06  1.392D+00
 -4.152D-06  1.326D+00
 -6.029D-06  1.296D+00
 -8.192D-06  1.275D+00
 -1.059D-05  1.265D+00
 -1.330D-05  1.254D+00
 -1.620D-05  1.251D+00
 -1.947D-05  1.243D+00
 -2.285D-05  1.244D+00
 -2.670D-05  1.236D+00
 -3.053D-05  1.240D+00
 -3.499D-05  1.230D+00
 -3.921D-05  1.237D+00
 -4.432D-05  1.226D+00
 -4.887D-05  1.236D+00
 -5.468D-05  1.223D+00
 -5.949D-05  1.236D+00
 -6.607D-05  1.220D+00
 -7.103D-05  1.236D+00
 -7.847D-05  1.217D+00
 -8.345D-05  1.237D+00
 -9.187D-05  1.214D+00
 -9.671D-05  1.239D+00
 -1.063D-04  1.211D+00
 -1.107D-04  1.242D+00
 -1.216D-04  1.208D+00
 -1.255D-04  1.246D+00
 -1.380D-04  1.205D+00
 -1.409D-04  1.251D+00
 -1.552D-04  1.202D+00
 -1.568D-04  1.257D+00
 -1.734D-04  1.198D+00
 -1.731D-04  1.264D+00
 -1.925D-04  1.195D+00
 -1.897D-04  1.274D+00
 -2.125D-04  1.191D+00
 -2.063D-04  1.286D+00
 -2.334D-04  1.188D+00
 -2.228D-04  1.302D+00
 -2.551D-04  1.184D+00
 -2.387D-04  1.322D+00
 -2.776D-04  1.179D+00
 -2.538D-04  1.347D+00
 -3.009D-04  1.175D+00
 -2.673D-04  1.380D+00
 -3.251D-04  1.170D+00
 -2.786D-04  1.423D+00
 -3.499D-04  1.165D+00
 -2.864D-04  1.482D+00
 -3.756D-04  1.160D+00
 -2.891D-04  1.564D+00
 -4.019D-04  1.154D+00
 -2.839D-04  1.687D+00
 -4.290D-04  1.148D+00
 -2.661D-04  1.884D+00
 -4.569D-04  1.142D+00
 -2.270D-04  2.252D+00
 -4.855D-04  1.135D+00
 -1.454D-04  3.223D+00
 -5.149D-04  1.127D+00
 -1.006D-04  3.233D+00
 -5.452D-04  1.118D+00
 -4.561D-04 -1.954D+00
 -5.767D-04  1.107D+00
 -6.939D-07  5.152D-01
 -1.092D-07  3.594D+00
 -1.174D-06  1.529D+00
 -2.496D-06  1.359D+00
 -4.074D-06  1.300D+00
 -5.924D-06  1.268D+00
 -8.017D-06  1.252D+00
 -1.040D-05  1.238D+00
 -1.299D-05  1.233D+00
 -1.592D-05  1.224D+00
 -1.900D-05  1.223D+00
 -2.248D-05  1.215D+00
 -2.601D-05  1.218D+00
 -3.007D-05  1.210D+00
 -3.403D-05  1.215D+00
 -3.869D-05  1.205D+00
 -4.302D-05  1.213D+00
 -4.832D-05  1.202D+00
 -5.296D-05  1.212D+00
 -5.897D-05  1.198D+00
 -6.384D-05  1.211D+00
 -7.061D-05  1.195D+00
 -7.560D-05  1.212D+00
 -8.324D-05  1.192D+00
 -8.822D-05  1.213D+00
 -9.684D-05  1.189D+00
 -1.017D-04  1.214D+00
 -1.114D-04  1.186D+00
 -1.158D-04  1.217D+00
 -1.269D-04  1.183D+00
 -1.307D-04  1.220D+00
 -1.434D-04  1.180D+00
 -1.462D-04  1.224D+00
 -1.607D-04  1.176D+00
 -1.622D-04  1.230D+00
 -1.790D-04  1.173D+00
 -1.786D-04  1.237D+00
 -1.981D-04  1.169D+00
 -1.952D-04  1.246D+00
 -2.181D-04  1.165D+00
 -2.119D-04  1.257D+00
 -2.390D-04  1.161D+00
 -2.284D-04  1.272D+00
 -2.606D-04  1.157D+00
 -2.444D-04  1.290D+00
 -2.831D-04  1.153D+00
 -2.596D-04  1.313D+00
 -3.064D-04  1.148D+00
 -2.733D-04  1.344D+00
 -3.304D-04  1.143D+00
 -2.848D-04  1.384D+00
 -3.551D-04  1.138D+00
 -2.930D-04  1.439D+00
 -3.806D-04  1.132D+00
 -2.962D-04  1.516D+00
 -4.067D-04  1.126D+00
 -2.919D-04  1.629D+00
 -4.336D-04  1.120D+00
 -2.756D-04  1.810D+00
 -4.612D-04  1.113D+00
 -2.387D-04  2.143D+00
 -4.895D-04  1.105D+00
 -1.618D-04  2.977D+00
 -5.186D-04  1.097D+00
 -9.747D-05  3.454D+00
 -5.485D-04  1.088D+00
 -4.115D-04 -1.830D+00
 -5.797D-04  1.077D+00
