 -3.541D-03  7.864D-01
 -3.281D-03  7.804D-01
 -3.620D-03  7.859D-01
 -1.354D-03  7.888D-01
 -4.531D-03  7.728D-01
 -3.468D-03  7.846D-01
 -1.219D-03  7.811D-01
 -1.663D-03  7.873D-01
 -5.436D-03  7.629D-01
 -3.277D-03  7.828D-01
 -7.575D-04  7.906D-01
 -1.738D-03  7.718D-01
 -1.802D-03  7.853D-01
 -6.134D-03  7.509D-01
 -3.090D-03  7.806D-01
 -6.818D-04  7.823D-01
 -9.933D-04  7.887D-01
 -2.147D-03  7.602D-01
 -1.862D-03  7.828D-01
 -6.683D-03  7.369D-01
 -2.918D-03  7.782D-01
 -4.982D-04  7.920D-01
 -9.792D-04  7.723D-01
 -1.134D-03  7.863D-01
 -2.490D-03  7.466D-01
 -1.880D-03  7.802D-01
 -7.114D-03  7.210D-01
 -2.762D-03  7.758D-01
 -4.511D-04  7.837D-01
 -6.762D-04  7.900D-01
 -1.218D-03  7.601D-01
 -1.223D-03  7.837D-01
 -2.780D-03  7.314D-01
 -1.873D-03  7.775D-01
 -7.450D-03  7.035D-01
 -2.621D-03  7.736D-01
 -3.584D-04  7.931D-01
 -6.508D-04  7.738D-01
 -7.946D-04  7.877D-01
 -1.423D-03  7.460D-01
 -1.280D-03  7.811D-01
 -3.026D-03  7.147D-01
 -1.852D-03  7.750D-01
 -7.706D-03  6.845D-01
 -2.494D-03  7.717D-01
 -3.268D-04  7.851D-01
 -4.974D-04  7.912D-01
 -8.117D-04  7.618D-01
 -8.787D-04  7.852D-01
 -1.601D-03  7.306D-01
 -1.315D-03  7.786D-01
 -3.233D-03  6.968D-01
 -1.822D-03  7.729D-01
 -7.895D-03  6.641D-01
 -2.379D-03  7.703D-01
 -2.730D-04  7.939D-01
 -4.735D-04  7.758D-01
 -5.955D-04  7.891D-01
 -9.505D-04  7.481D-01
 -9.399D-04  7.828D-01
 -1.756D-03  7.140D-01
 -1.335D-03  7.764D-01
 -3.405D-03  6.778D-01
 -1.787D-03  7.712D-01
 -8.027D-03  6.427D-01
 -2.275D-03  7.694D-01
 -2.507D-04  7.864D-01
 -3.849D-04  7.923D-01
 -5.920D-04  7.645D-01
 -6.695D-04  7.869D-01
 -1.073D-03  7.333D-01
 -9.844D-04  7.807D-01
 -1.892D-03  6.965D-01
 -1.344D-03  7.746D-01
 -3.546D-03  6.581D-01
 -1.749D-03  7.701D-01
 -8.109D-03  6.202D-01
 -2.180D-03  7.693D-01
 -2.165D-04  7.945D-01
 -3.647D-04  7.779D-01
 -4.671D-04  7.905D-01
 -6.943D-04  7.518D-01
 -7.267D-04  7.849D-01
 -1.181D-03  7.176D-01
 -1.016D-03  7.789D-01
 -2.008D-03  6.784D-01
 -1.344D-03  7.734D-01
 -3.659D-03  6.377D-01
 -1.710D-03  7.697D-01
 -8.148D-03  5.970D-01
 -2.094D-03  7.700D-01
 -2.000D-04  7.876D-01
 -3.088D-04  7.931D-01
 -4.571D-04  7.677D-01
 -5.314D-04  7.887D-01
 -7.847D-04  7.381D-01
 -7.712D-04  7.832D-01
 -1.276D-03  7.013D-01
 -1.039D-03  7.776D-01
 -2.108D-03  6.600D-01
 -1.339D-03  7.728D-01
 -3.748D-03  6.168D-01
 -1.671D-03  7.701D-01
 -8.150D-03  5.732D-01
 -2.015D-03  7.714D-01
 -1.767D-04  7.948D-01
 -2.921D-04  7.800D-01
 -3.786D-04  7.916D-01
 -5.370D-04  7.563D-01
 -5.830D-04  7.871D-01
 -8.652D-04  7.239D-01
 -8.061D-04  7.820D-01
 -1.360D-03  6.847D-01
 -1.054D-03  7.770D-01
 -2.192D-03  6.412D-01
 -1.330D-03  7.730D-01
 -3.813D-03  5.957D-01
 -1.632D-03  7.712D-01
 -8.120D-03  5.489D-01
 -1.942D-03  7.738D-01
 -1.642D-04  7.885D-01
 -2.545D-04  7.937D-01
 -3.671D-04  7.709D-01
 -4.347D-04  7.903D-01
 -6.077D-04  7.441D-01
 -6.249D-04  7.859D-01
 -9.369D-04  7.092D-01
 -8.331D-04  7.813D-01
 -1.433D-03  6.680D-01
 -1.064D-03  7.770D-01
 -2.261D-03  6.225D-01
 -1.318D-03  7.740D-01
 -3.859D-03  5.745D-01
 -1.594D-03  7.732D-01
 -8.062D-03  5.244D-01
 -1.876D-03  7.770D-01
 -1.476D-04  7.949D-01
 -2.408D-04  7.819D-01
 -3.146D-04  7.925D-01
 -4.320D-04  7.609D-01
 -4.809D-04  7.891D-01
 -6.708D-04  7.315D-01
 -6.590D-04  7.852D-01
 -1.001D-03  6.945D-01
 -8.540D-04  7.812D-01
 -1.496D-03  6.514D-01
 -1.069D-03  7.777D-01
 -2.317D-03  6.039D-01
 -1.305D-03  7.757D-01
 -3.887D-03  5.534D-01
 -1.558D-03  7.760D-01
 -7.980D-03  4.997D-01
 -1.815D-03  7.810D-01
 -1.378D-04  7.892D-01
 -2.142D-04  7.940D-01
 -3.033D-04  7.740D-01
 -3.638D-04  7.916D-01
 -4.896D-04  7.503D-01
 -5.193D-04  7.884D-01
 -7.274D-04  7.187D-01
 -6.869D-04  7.849D-01
 -1.057D-03  6.799D-01
 -8.700D-04  7.817D-01
 -1.551D-03  6.350D-01
 -1.071D-03  7.792D-01
 -2.361D-03  5.855D-01
 -1.289D-03  7.781D-01
 -3.899D-03  5.324D-01
 -1.523D-03  7.796D-01
 -7.879D-03  4.751D-01
 -1.759D-03  7.857D-01
 -1.255D-04  7.948D-01
 -2.028D-04  7.835D-01
 -2.665D-04  7.932D-01
 -3.577D-04  7.654D-01
 -4.052D-04  7.908D-01
 -5.411D-04  7.395D-01
 -5.516D-04  7.881D-01
 -7.781D-04  7.060D-01
 -7.096D-04  7.853D-01
 -1.107D-03  6.655D-01
 -8.819D-04  7.829D-01
 -1.596D-03  6.190D-01
 -1.070D-03  7.813D-01
 -2.395D-03  5.675D-01
 -1.273D-03  7.813D-01
 -3.897D-03  5.117D-01
 -1.489D-03  7.839D-01
 -7.760D-03  4.506D-01
 -1.707D-03  7.912D-01
 -1.177D-04  7.897D-01
 -1.833D-04  7.941D-01
 -2.562D-04  7.767D-01
 -3.101D-04  7.925D-01
 -4.060D-04  7.563D-01
 -4.403D-04  7.905D-01
 -5.875D-04  7.285D-01
 -5.787D-04  7.883D-01
 -8.234D-04  6.935D-01
 -7.282D-04  7.862D-01
 -1.150D-03  6.516D-01
 -8.905D-04  7.847D-01
 -1.634D-03  6.035D-01
 -1.067D-03  7.841D-01
 -2.418D-03  5.500D-01
 -1.257D-03  7.852D-01
 -3.883D-03  4.915D-01
 -1.458D-03  7.889D-01
 -7.626D-03  4.264D-01
 -1.660D-03  7.972D-01
 -1.083D-04  7.944D-01
 -1.738D-04  7.847D-01
 -2.294D-04  7.935D-01
 -3.027D-04  7.694D-01
 -3.473D-04  7.921D-01
 -4.493D-04  7.471D-01
 -4.703D-04  7.906D-01
 -6.293D-04  7.177D-01
 -6.016D-04  7.890D-01
 -8.637D-04  6.814D-01
 -7.432D-04  7.877D-01
 -1.187D-03  6.382D-01
 -8.966D-04  7.871D-01
 -1.665D-03  5.886D-01
 -1.062D-03  7.876D-01
 -2.433D-03  5.331D-01
 -1.240D-03  7.897D-01
 -3.859D-03  4.718D-01
 -1.428D-03  7.944D-01
 -7.481D-03  4.026D-01
 -1.616D-03  8.038D-01
 -1.020D-04  7.898D-01
 -1.590D-04  7.939D-01
 -2.201D-04  7.790D-01
 -2.682D-04  7.931D-01
 -3.441D-04  7.618D-01
 -3.793D-04  7.921D-01
 -4.885D-04  7.379D-01
 -4.962D-04  7.911D-01
 -6.669D-04  7.073D-01
 -6.210D-04  7.902D-01
 -8.993D-04  6.697D-01
 -7.554D-04  7.898D-01
 -1.219D-03  6.254D-01
 -9.005D-04  7.901D-01
 -1.689D-03  5.744D-01
 -1.057D-03  7.916D-01
 -2.440D-03  5.169D-01
 -1.224D-03  7.947D-01
 -3.825D-03  4.527D-01
 -1.399D-03  8.004D-01
 -7.326D-03  3.793D-01
 -1.575D-03  8.107D-01
 -9.462D-05  7.938D-01
 -1.510D-04  7.856D-01
 -1.999D-04  7.934D-01
 -2.606D-04  7.728D-01
 -3.018D-04  7.930D-01
 -3.814D-04  7.540D-01
 -4.071D-04  7.924D-01
 -5.239D-04  7.289D-01
 -5.184D-04  7.920D-01
 -7.006D-04  6.972D-01
 -6.374D-04  7.920D-01
 -9.307D-04  6.587D-01
 -7.652D-04  7.924D-01
 -1.246D-03  6.132D-01
 -9.028D-04  7.936D-01
 -1.707D-03  5.608D-01
 -1.051D-03  7.960D-01
 -2.440D-03  5.014D-01
 -1.208D-03  8.001D-01
 -3.784D-03  4.344D-01
 -1.372D-03  8.067D-01
 -7.164D-03  3.565D-01
 -1.537D-03  8.179D-01
 -8.938D-05  7.897D-01
 -1.395D-04  7.934D-01
 -1.917D-04  7.808D-01
 -2.348D-04  7.932D-01
 -2.967D-04  7.664D-01
 -3.310D-04  7.931D-01
 -4.152D-04  7.464D-01
 -4.314D-04  7.932D-01
 -5.559D-04  7.203D-01
 -5.377D-04  7.935D-01
 -7.308D-04  6.877D-01
 -6.512D-04  7.942D-01
 -9.582D-04  6.483D-01
 -7.730D-04  7.954D-01
 -1.269D-03  6.018D-01
 -9.037D-04  7.976D-01
 -1.720D-03  5.481D-01
 -1.044D-03  8.009D-01
 -2.434D-03  4.867D-01
 -1.192D-03  8.058D-01
 -3.736D-03  4.168D-01
 -1.347D-03  8.133D-01
 -6.995D-03  3.344D-01
 -1.503D-03  8.253D-01
 -8.349D-05  7.930D-01
 -1.328D-04  7.861D-01
 -1.761D-04  7.931D-01
 -2.274D-04  7.756D-01
 -2.653D-04  7.933D-01
 -3.294D-04  7.600D-01
 -3.568D-04  7.937D-01
 -4.459D-04  7.390D-01
 -4.527D-04  7.943D-01
 -5.849D-04  7.120D-01
 -5.544D-04  7.953D-01
 -7.577D-04  6.787D-01
 -6.629D-04  7.968D-01
 -9.819D-04  6.385D-01
 -7.791D-04  7.989D-01
 -1.287D-03  5.912D-01
 -9.035D-04  8.019D-01
 -1.728D-03  5.362D-01
 -1.036D-03  8.060D-01
 -2.422D-03  4.729D-01
 -1.177D-03  8.118D-01
 -3.682D-03  4.000D-01
 -1.324D-03  8.200D-01
 -6.822D-03  3.130D-01
 -1.470D-03  8.327D-01
 -7.911D-05  7.893D-01
 -1.236D-04  7.926D-01
 -1.689D-04  7.820D-01
 -2.077D-04  7.930D-01
 -2.595D-04  7.702D-01
 -2.921D-04  7.936D-01
 -3.591D-04  7.537D-01
 -3.795D-04  7.946D-01
 -4.738D-04  7.318D-01
 -4.714D-04  7.958D-01
 -6.111D-04  7.042D-01
 -5.689D-04  7.975D-01
 -7.816D-04  6.703D-01
 -6.728D-04  7.997D-01
 -1.002D-03  6.295D-01
 -7.839D-04  8.026D-01
 -1.302D-03  5.813D-01
 -9.025D-04  8.064D-01
 -1.732D-03  5.250D-01
 -1.029D-03  8.114D-01
 -2.406D-03  4.599D-01
 -1.162D-03  8.179D-01
 -3.624D-03  3.841D-01
 -1.301D-03  8.268D-01
 -6.647D-03  2.925D-01
 -1.440D-03  8.400D-01
 -7.432D-05  7.919D-01
 -1.178D-04  7.861D-01
 -1.566D-04  7.924D-01
 -2.008D-04  7.776D-01
 -2.354D-04  7.932D-01
 -2.885D-04  7.649D-01
 -3.159D-04  7.943D-01
 -3.862D-04  7.476D-01
 -3.997D-04  7.958D-01
 -4.992D-04  7.251D-01
 -4.880D-04  7.977D-01
 -6.346D-04  6.970D-01
 -5.815D-04  8.000D-01
 -8.027D-04  6.625D-01
 -6.812D-04  8.030D-01
 -1.020D-03  6.212D-01
 -7.875D-04  8.066D-01
 -1.313D-03  5.722D-01
 -9.009D-04  8.112D-01
 -1.732D-03  5.147D-01
 -1.021D-03  8.168D-01
 -2.386D-03  4.478D-01
 -1.148D-03  8.240D-01
 -3.561D-03  3.691D-01
 -1.280D-03  8.336D-01
 -6.470D-03  2.727D-01
 -1.413D-03  8.472D-01
 -7.062D-05  7.885D-01
 -1.104D-04  7.916D-01
 -1.502D-04  7.827D-01
 -1.852D-04  7.924D-01
 -2.294D-04  7.732D-01
 -2.600D-04  7.936D-01
 -3.149D-04  7.597D-01
 -3.371D-04  7.952D-01
 -4.109D-04  7.418D-01
 -4.177D-04  7.973D-01
 -5.223D-04  7.188D-01
 -5.026D-04  7.998D-01
 -6.558D-04  6.903D-01
 -5.925D-04  8.028D-01
 -8.213D-04  6.554D-01
 -6.883D-04  8.065D-01
 -1.034D-03  6.135D-01
 -7.902D-04  8.108D-01
 -1.321D-03  5.638D-01
 -8.987D-04  8.160D-01
 -1.729D-03  5.053D-01
 -1.014D-03  8.223D-01
 -2.362D-03  4.365D-01
 -1.135D-03  8.301D-01
 -3.496D-03  3.550D-01
 -1.261D-03  8.401D-01
 -6.292D-03  2.538D-01
 -1.387D-03  8.541D-01
 -6.666D-05  7.906D-01
 -1.054D-04  7.858D-01
 -1.403D-04  7.914D-01
 -1.789D-04  7.790D-01
 -2.106D-04  7.926D-01
 -2.554D-04  7.687D-01
 -2.821D-04  7.943D-01
 -3.391D-04  7.547D-01
 -3.562D-04  7.964D-01
 -4.335D-04  7.363D-01
 -4.337D-04  7.991D-01
 -5.432D-04  7.130D-01
 -5.155D-04  8.022D-01
 -6.747D-04  6.841D-01
 -6.022D-04  8.058D-01
 -8.374D-04  6.489D-01
 -6.942D-04  8.101D-01
 -1.046D-03  6.066D-01
 -7.921D-04  8.151D-01
 -1.326D-03  5.562D-01
 -8.961D-04  8.209D-01
 -1.723D-03  4.967D-01
 -1.006D-03  8.277D-01
 -2.336D-03  4.262D-01
 -1.122D-03  8.360D-01
 -3.429D-03  3.418D-01
 -1.242D-03  8.465D-01
 -6.114D-03  2.358D-01
 -1.363D-03  8.607D-01
 -6.350D-05  7.875D-01
 -9.932D-05  7.903D-01
 -1.347D-04  7.829D-01
 -1.665D-04  7.914D-01
 -2.048D-04  7.753D-01
 -2.333D-04  7.931D-01
 -2.792D-04  7.644D-01
 -3.020D-04  7.952D-01
 -3.612D-04  7.499D-01
 -3.733D-04  7.979D-01
 -4.541D-04  7.312D-01
 -4.481D-04  8.011D-01
 -5.622D-04  7.076D-01
 -5.270D-04  8.047D-01
 -6.916D-04  6.785D-01
 -6.106D-04  8.090D-01
 -8.514D-04  6.430D-01
 -6.992D-04  8.138D-01
 -1.056D-03  6.003D-01
 -7.934D-04  8.193D-01
 -1.328D-03  5.494D-01
 -8.933D-04  8.257D-01
 -1.714D-03  4.888D-01
 -9.989D-04  8.330D-01
 -2.307D-03  4.167D-01
 -1.110D-03  8.418D-01
 -3.360D-03  3.295D-01
 -1.225D-03  8.525D-01
 -5.938D-03  2.187D-01
 -1.341D-03  8.668D-01
 -6.018D-05  7.891D-01
 -9.501D-05  7.852D-01
 -1.266D-04  7.901D-01
 -1.607D-04  7.797D-01
 -1.898D-04  7.917D-01
 -2.283D-04  7.716D-01
 -2.538D-04  7.937D-01
 -3.011D-04  7.603D-01
 -3.199D-04  7.964D-01
 -3.816D-04  7.454D-01
 -3.887D-04  7.995D-01
 -4.730D-04  7.264D-01
 -4.610D-04  8.032D-01
 -5.794D-04  7.027D-01
 -5.372D-04  8.074D-01
 -7.067D-04  6.734D-01
 -6.179D-04  8.122D-01
 -8.634D-04  6.377D-01
 -7.035D-04  8.176D-01
 -1.063D-03  5.947D-01
 -7.942D-04  8.236D-01
 -1.329D-03  5.432D-01
 -8.903D-04  8.304D-01
 -1.703D-03  4.817D-01
 -9.917D-04  8.381D-01
 -2.276D-03  4.080D-01
 -1.098D-03  8.472D-01
 -3.289D-03  3.182D-01
 -1.208D-03  8.582D-01
 -5.764D-03  2.026D-01
 -1.320D-03  8.725D-01
 -5.746D-05  7.863D-01
 -8.990D-05  7.887D-01
 -1.216D-04  7.826D-01
 -1.506D-04  7.901D-01
 -1.842D-04  7.766D-01
 -2.108D-04  7.921D-01
 -2.500D-04  7.680D-01
 -2.724D-04  7.946D-01
 -3.212D-04  7.564D-01
 -3.361D-04  7.977D-01
 -4.003D-04  7.412D-01
 -4.027D-04  8.014D-01
 -4.903D-04  7.221D-01
 -4.726D-04  8.055D-01
 -5.950D-04  6.982D-01
 -5.464D-04  8.102D-01
 -7.200D-04  6.687D-01
 -6.244D-04  8.155D-01
 -8.736D-04  6.329D-01
 -7.070D-04  8.213D-01
 -1.069D-03  5.897D-01
 -7.945D-04  8.277D-01
 -1.327D-03  5.377D-01
 -8.871D-04  8.349D-01
 -1.690D-03  4.754D-01
 -9.847D-04  8.429D-01
 -2.243D-03  4.002D-01
 -1.087D-03  8.522D-01
 -3.218D-03  3.077D-01
 -1.193D-03  8.634D-01
 -5.592D-03  1.873D-01
 -1.300D-03  8.777D-01
 -5.464D-05  7.874D-01
 -8.615D-05  7.842D-01
 -1.149D-04  7.885D-01
 -1.453D-04  7.799D-01
 -1.721D-04  7.903D-01
 -2.057D-04  7.735D-01
 -2.299D-04  7.927D-01
 -2.699D-04  7.645D-01
 -2.893D-04  7.957D-01
 -3.397D-04  7.526D-01
 -3.509D-04  7.992D-01
 -4.175D-04  7.374D-01
 -4.154D-04  8.033D-01
 -5.060D-04  7.181D-01
 -4.831D-04  8.079D-01
 -6.090D-04  6.941D-01
 -5.546D-04  8.130D-01
 -7.317D-04  6.646D-01
 -6.301D-04  8.187D-01
 -8.821D-04  6.287D-01
 -7.099D-04  8.248D-01
 -1.073D-03  5.852D-01
 -7.945D-04  8.316D-01
 -1.324D-03  5.329D-01
 -8.838D-04  8.391D-01
 -1.675D-03  4.697D-01
 -9.779D-04  8.474D-01
 -2.209D-03  3.931D-01
 -1.076D-03  8.569D-01
 -3.147D-03  2.981D-01
 -1.179D-03  8.681D-01
 -5.423D-03  1.730D-01
 -1.282D-03  8.824D-01
 -5.229D-05  7.847D-01
 -8.183D-05  7.870D-01
 -1.105D-04  7.819D-01
 -1.370D-04  7.885D-01
 -1.669D-04  7.772D-01
 -1.916D-04  7.906D-01
 -2.255D-04  7.704D-01
 -2.472D-04  7.934D-01
 -2.883D-04  7.612D-01
 -3.047D-04  7.968D-01
 -3.569D-04  7.492D-01
 -3.644D-04  8.008D-01
 -4.333D-04  7.338D-01
 -4.269D-04  8.053D-01
 -5.204D-04  7.144D-01
 -4.926D-04  8.103D-01
 -6.216D-04  6.904D-01
 -5.619D-04  8.158D-01
 -7.419D-04  6.608D-01
 -6.350D-04  8.218D-01
 -8.891D-04  6.249D-01
 -7.124D-04  8.283D-01
 -1.075D-03  5.813D-01
 -7.942D-04  8.353D-01
 -1.319D-03  5.286D-01
 -8.805D-04  8.430D-01
 -1.659D-03  4.647D-01
 -9.713D-04  8.515D-01
 -2.174D-03  3.868D-01
 -1.066D-03  8.611D-01
 -3.076D-03  2.894D-01
 -1.165D-03  8.723D-01
 -5.257D-03  1.596D-01
 -1.265D-03  8.864D-01
 -4.987D-05  7.855D-01
 -7.853D-05  7.828D-01
 -1.048D-04  7.867D-01
 -1.322D-04  7.795D-01
 -1.569D-04  7.886D-01
 -1.866D-04  7.745D-01
 -2.093D-04  7.911D-01
 -2.438D-04  7.675D-01
 -2.631D-04  7.943D-01
 -3.053D-04  7.581D-01
 -3.188D-04  7.981D-01
 -3.727D-04  7.459D-01
 -3.767D-04  8.024D-01
 -4.479D-04  7.305D-01
 -4.374D-04  8.073D-01
 -5.335D-04  7.111D-01
 -5.012D-04  8.126D-01
 -6.328D-04  6.870D-01
 -5.685D-04  8.184D-01
 -7.509D-04  6.575D-01
 -6.394D-04  8.247D-01
 -8.947D-04  6.215D-01
 -7.144D-04  8.315D-01
 -1.076D-03  5.778D-01
 -7.936D-04  8.387D-01
 -1.313D-03  5.248D-01
 -8.771D-04  8.466D-01
 -1.642D-03  4.604D-01
 -9.649D-04  8.553D-01
 -2.138D-03  3.812D-01
 -1.057D-03  8.649D-01
 -3.005D-03  2.814D-01
 -1.152D-03  8.760D-01
 -5.095D-03  1.472D-01
 -1.248D-03  8.899D-01
 -4.781D-05  7.830D-01
 -7.484D-05  7.850D-01
 -1.009D-04  7.807D-01
 -1.252D-04  7.866D-01
 -1.520D-04  7.771D-01
 -1.750D-04  7.888D-01
 -2.048D-04  7.718D-01
 -2.256D-04  7.918D-01
 -2.607D-04  7.646D-01
 -2.777D-04  7.953D-01
 -3.210D-04  7.551D-01
 -3.317D-04  7.994D-01
 -3.873D-04  7.429D-01
 -3.880D-04  8.041D-01
 -4.612D-04  7.274D-01
 -4.470D-04  8.093D-01
 -5.454D-04  7.080D-01
 -5.091D-04  8.149D-01
 -6.429D-04  6.840D-01
 -5.744D-04  8.210D-01
 -7.585D-04  6.545D-01
 -6.433D-04  8.275D-01
 -8.991D-04  6.185D-01
 -7.161D-04  8.344D-01
 -1.075D-03  5.747D-01
 -7.928D-04  8.418D-01
 -1.306D-03  5.215D-01
 -8.737D-04  8.498D-01
 -1.624D-03  4.565D-01
 -9.587D-04  8.585D-01
 -2.102D-03  3.762D-01
 -1.048D-03  8.681D-01
 -2.934D-03  2.743D-01
 -1.140D-03  8.791D-01
 -4.937D-03  1.356D-01
 -1.233D-03  8.927D-01
 -4.572D-05  7.833D-01
 -7.194D-05  7.812D-01
 -9.604D-05  7.846D-01
 -1.209D-04  7.786D-01
 -1.437D-04  7.866D-01
 -1.702D-04  7.747D-01
 -1.916D-04  7.892D-01
 -2.217D-04  7.693D-01
 -2.405D-04  7.925D-01
 -2.764D-04  7.619D-01
 -2.911D-04  7.964D-01
 -3.356D-04  7.523D-01
 -3.436D-04  8.008D-01
 -4.008D-04  7.401D-01
 -3.984D-04  8.057D-01
 -4.735D-04  7.245D-01
 -4.558D-04  8.112D-01
 -5.562D-04  7.051D-01
 -5.162D-04  8.170D-01
 -6.519D-04  6.812D-01
 -5.797D-04  8.233D-01
 -7.651D-04  6.517D-01
 -6.467D-04  8.300D-01
 -9.023D-04  6.158D-01
 -7.174D-04  8.371D-01
 -1.074D-03  5.720D-01
 -7.919D-04  8.446D-01
 -1.297D-03  5.186D-01
 -8.703D-04  8.526D-01
 -1.605D-03  4.532D-01
 -9.527D-04  8.613D-01
 -2.066D-03  3.719D-01
 -1.039D-03  8.708D-01
 -2.865D-03  2.679D-01
 -1.128D-03  8.817D-01
 -4.783D-03  1.248D-01
 -1.219D-03  8.949D-01
 -4.391D-05  7.810D-01
 -6.875D-05  7.827D-01
 -9.256D-05  7.793D-01
 -1.150D-04  7.844D-01
 -1.392D-04  7.765D-01
 -1.606D-04  7.867D-01
 -1.871D-04  7.724D-01
 -2.068D-04  7.897D-01
 -2.373D-04  7.668D-01
 -2.543D-04  7.933D-01
 -2.910D-04  7.594D-01
 -3.035D-04  7.974D-01
 -3.492D-04  7.497D-01
 -3.546D-04  8.021D-01
 -4.132D-04  7.374D-01
 -4.079D-04  8.073D-01
 -4.848D-04  7.219D-01
 -4.639D-04  8.130D-01
 -5.660D-04  7.025D-01
 -5.226D-04  8.190D-01
 -6.598D-04  6.786D-01
 -5.845D-04  8.254D-01
 -7.706D-04  6.493D-01
 -6.497D-04  8.322D-01
 -9.045D-04  6.134D-01
 -7.184D-04  8.394D-01
 -1.072D-03  5.696D-01
 -7.908D-04  8.470D-01
 -1.288D-03  5.161D-01
 -8.669D-04  8.550D-01
 -1.585D-03  4.503D-01
 -9.469D-04  8.636D-01
 -2.029D-03  3.681D-01
 -1.030D-03  8.730D-01
 -2.797D-03  2.621D-01
 -1.117D-03  8.836D-01
 -4.633D-03  1.149D-01
 -1.205D-03  8.965D-01
 -4.209D-05  7.810D-01
 -6.618D-05  7.792D-01
 -8.838D-05  7.823D-01
 -1.111D-04  7.773D-01
 -1.322D-04  7.843D-01
 -1.561D-04  7.743D-01
 -1.761D-04  7.869D-01
 -2.027D-04  7.701D-01
 -2.209D-04  7.902D-01
 -2.519D-04  7.644D-01
 -2.671D-04  7.941D-01
 -3.046D-04  7.569D-01
 -3.149D-04  7.985D-01
 -3.618D-04  7.472D-01
 -3.647D-04  8.034D-01
 -4.248D-04  7.349D-01
 -4.167D-04  8.088D-01
 -4.951D-04  7.193D-01
 -4.713D-04  8.146D-01
 -5.748D-04  7.001D-01
 -5.285D-04  8.208D-01
 -6.668D-04  6.762D-01
 -5.888D-04  8.273D-01
 -7.752D-04  6.470D-01
 -6.523D-04  8.342D-01
 -9.058D-04  6.112D-01
 -7.192D-04  8.414D-01
 -1.068D-03  5.675D-01
 -7.896D-04  8.489D-01
 -1.278D-03  5.139D-01
 -8.636D-04  8.569D-01
 -1.565D-03  4.478D-01
 -9.412D-04  8.654D-01
 -1.993D-03  3.648D-01
 -1.022D-03  8.746D-01
 -2.729D-03  2.571D-01
 -1.106D-03  8.850D-01
 -4.488D-03  1.058D-01
 -1.192D-03  8.974D-01
 -4.049D-05  7.787D-01
 -6.341D-05  7.803D-01
 -8.527D-05  7.774D-01
 -1.060D-04  7.819D-01
 -1.281D-04  7.753D-01
 -1.479D-04  7.842D-01
 -1.717D-04  7.722D-01
 -1.904D-04  7.872D-01
 -2.173D-04  7.679D-01
 -2.340D-04  7.907D-01
 -2.655D-04  7.621D-01
 -2.789D-04  7.949D-01
 -3.173D-04  7.545D-01
 -3.255D-04  7.995D-01
 -3.735D-04  7.448D-01
 -3.741D-04  8.046D-01
 -4.354D-04  7.324D-01
 -4.248D-04  8.102D-01
 -5.045D-04  7.170D-01
 -4.780D-04  8.161D-01
 -5.828D-04  6.977D-01
 -5.339D-04  8.224D-01
 -6.730D-04  6.740D-01
 -5.927D-04  8.289D-01
 -7.789D-04  6.449D-01
 -6.546D-04  8.358D-01
 -9.063D-04  6.092D-01
 -7.197D-04  8.430D-01
 -1.064D-03  5.656D-01
 -7.882D-04  8.505D-01
 -1.268D-03  5.120D-01
 -8.602D-04  8.584D-01
 -1.545D-03  4.457D-01
 -9.357D-04  8.667D-01
 -1.957D-03  3.620D-01
 -1.014D-03  8.757D-01
 -2.663D-03  2.526D-01
 -1.096D-03  8.858D-01
 -4.347D-03  9.748D-02
 -1.179D-03  8.978D-01
 -3.889D-05  7.785D-01
 -6.111D-05  7.770D-01
 -8.164D-05  7.797D-01
 -1.025D-04  7.756D-01
 -1.220D-04  7.817D-01
 -1.438D-04  7.733D-01
 -1.625D-04  7.843D-01
 -1.863D-04  7.701D-01
 -2.037D-04  7.875D-01
 -2.309D-04  7.657D-01
 -2.461D-04  7.913D-01
 -2.782D-04  7.598D-01
 -2.899D-04  7.956D-01
 -3.291D-04  7.522D-01
 -3.353D-04  8.004D-01
 -3.844D-04  7.424D-01
 -3.828D-04  8.057D-01
 -4.453D-04  7.301D-01
 -4.323D-04  8.114D-01
 -5.132D-04  7.147D-01
 -4.843D-04  8.174D-01
 -5.900D-04  6.955D-01
 -5.389D-04  8.237D-01
 -6.783D-04  6.719D-01
 -5.962D-04  8.303D-01
 -7.818D-04  6.429D-01
 -6.566D-04  8.371D-01
 -9.060D-04  6.074D-01
 -7.201D-04  8.442D-01
 -1.059D-03  5.639D-01
 -7.868D-04  8.516D-01
 -1.257D-03  5.104D-01
 -8.569D-04  8.593D-01
 -1.524D-03  4.439D-01
 -9.303D-04  8.675D-01
 -1.921D-03  3.596D-01
 -1.007D-03  8.763D-01
 -2.599D-03  2.487D-01
 -1.086D-03  8.860D-01
 -4.210D-03  8.987D-02
 -1.167D-03  8.975D-01
 -3.747D-05  7.763D-01
 -5.868D-05  7.777D-01
 -7.885D-05  7.753D-01
 -9.805D-05  7.793D-01
 -1.183D-04  7.737D-01
 -1.368D-04  7.815D-01
 -1.583D-04  7.713D-01
 -1.760D-04  7.844D-01
 -1.999D-04  7.680D-01
 -2.161D-04  7.878D-01
 -2.436D-04  7.635D-01
 -2.574D-04  7.918D-01
 -2.901D-04  7.576D-01
 -3.001D-04  7.963D-01
 -3.401D-04  7.499D-01
 -3.445D-04  8.013D-01
 -3.945D-04  7.401D-01
 -3.908D-04  8.066D-01
 -4.543D-04  7.278D-01
 -4.393D-04  8.124D-01
 -5.210D-04  7.124D-01
 -4.901D-04  8.184D-01
 -5.964D-04  6.933D-01
 -5.434D-04  8.247D-01
 -6.829D-04  6.698D-01
 -5.994D-04  8.313D-01
 -7.840D-04  6.410D-01
 -6.583D-04  8.380D-01
 -9.050D-04  6.056D-01
 -7.202D-04  8.450D-01
 -1.054D-03  5.623D-01
 -7.853D-04  8.523D-01
 -1.245D-03  5.089D-01
 -8.535D-04  8.599D-01
 -1.504D-03  4.423D-01
 -9.250D-04  8.678D-01
 -1.885D-03  3.575D-01
 -9.995D-04  8.763D-01
 -2.536D-03  2.453D-01
 -1.077D-03  8.857D-01
 -4.078D-03  8.297D-02
 -1.156D-03  8.967D-01
 -3.606D-05  7.758D-01
 -5.663D-05  7.746D-01
 -7.567D-05  7.770D-01
 -9.488D-05  7.735D-01
 -1.131D-04  7.789D-01
 -1.329D-04  7.718D-01
 -1.505D-04  7.814D-01
 -1.720D-04  7.693D-01
 -1.886D-04  7.845D-01
 -2.126D-04  7.659D-01
 -2.276D-04  7.881D-01
 -2.555D-04  7.613D-01
 -2.679D-04  7.923D-01
 -3.012D-04  7.554D-01
 -3.096D-04  7.969D-01
 -3.503D-04  7.477D-01
 -3.530D-04  8.020D-01
 -4.038D-04  7.379D-01
 -3.983D-04  8.074D-01
 -4.627D-04  7.255D-01
 -4.457D-04  8.132D-01
 -5.282D-04  7.102D-01
 -4.954D-04  8.192D-01
 -6.021D-04  6.912D-01
 -5.475D-04  8.254D-01
 -6.868D-04  6.678D-01
 -6.022D-04  8.319D-01
 -7.855D-04  6.391D-01
 -6.598D-04  8.386D-01
 -9.034D-04  6.040D-01
 -7.202D-04  8.455D-01
 -1.048D-03  5.608D-01
 -7.837D-04  8.525D-01
 -1.233D-03  5.076D-01
 -8.502D-04  8.599D-01
 -1.483D-03  4.410D-01
 -9.198D-04  8.676D-01
 -1.850D-03  3.558D-01
 -9.924D-04  8.758D-01
 -2.474D-03  2.423D-01
 -1.068D-03  8.848D-01
 -3.951D-03  7.671D-02
 -1.144D-03  8.953D-01
 -3.479D-05  7.736D-01
 -5.448D-05  7.749D-01
 -7.315D-05  7.729D-01
 -9.100D-05  7.764D-01
 -1.096D-04  7.716D-01
 -1.269D-04  7.785D-01
 -1.466D-04  7.698D-01
 -1.632D-04  7.812D-01
 -1.847D-04  7.673D-01
 -2.002D-04  7.845D-01
 -2.245D-04  7.638D-01
 -2.383D-04  7.884D-01
 -2.666D-04  7.592D-01
 -2.777D-04  7.927D-01
 -3.115D-04  7.531D-01
 -3.185D-04  7.974D-01
 -3.599D-04  7.454D-01
 -3.609D-04  8.025D-01
 -4.125D-04  7.356D-01
 -4.053D-04  8.080D-01
 -4.704D-04  7.233D-01
 -4.517D-04  8.137D-01
 -5.347D-04  7.079D-01
 -5.003D-04  8.197D-01
 -6.072D-04  6.890D-01
 -5.513D-04  8.259D-01
 -6.900D-04  6.657D-01
 -6.048D-04  8.322D-01
 -7.865D-04  6.372D-01
 -6.610D-04  8.388D-01
 -9.013D-04  6.023D-01
 -7.200D-04  8.455D-01
 -1.042D-03  5.594D-01
 -7.819D-04  8.524D-01
 -1.221D-03  5.063D-01
 -8.468D-04  8.595D-01
 -1.462D-03  4.398D-01
 -9.147D-04  8.669D-01
 -1.815D-03  3.543D-01
 -9.855D-04  8.747D-01
 -2.414D-03  2.398D-01
 -1.059D-03  8.833D-01
 -3.828D-03  7.107D-02
 -1.134D-03  8.934D-01
 -3.353D-05  7.729D-01
 -5.264D-05  7.719D-01
 -7.036D-05  7.741D-01
 -8.813D-05  7.711D-01
 -1.051D-04  7.758D-01
 -1.233D-04  7.698D-01
 -1.398D-04  7.782D-01
 -1.593D-04  7.679D-01
 -1.751D-04  7.811D-01
 -1.966D-04  7.652D-01
 -2.112D-04  7.846D-01
 -2.357D-04  7.617D-01
 -2.484D-04  7.885D-01
 -2.771D-04  7.570D-01
 -2.868D-04  7.929D-01
 -3.212D-04  7.509D-01
 -3.268D-04  7.977D-01
 -3.688D-04  7.431D-01
 -3.684D-04  8.029D-01
 -4.206D-04  7.333D-01
 -4.118D-04  8.083D-01
 -4.775D-04  7.210D-01
 -4.572D-04  8.140D-01
 -5.406D-04  7.057D-01
 -5.048D-04  8.199D-01
 -6.117D-04  6.868D-01
 -5.547D-04  8.260D-01
 -6.927D-04  6.637D-01
 -6.070D-04  8.322D-01
 -7.868D-04  6.354D-01
 -6.620D-04  8.386D-01
 -8.986D-04  6.007D-01
 -7.197D-04  8.451D-01
 -1.035D-03  5.580D-01
 -7.801D-04  8.517D-01
 -1.209D-03  5.051D-01
 -8.435D-04  8.586D-01
 -1.441D-03  4.387D-01
 -9.097D-04  8.657D-01
 -1.781D-03  3.531D-01
 -9.787D-04  8.732D-01
 -2.356D-03  2.376D-01
 -1.050D-03  8.814D-01
 -3.709D-03  6.601D-02
 -1.123D-03  8.909D-01
 -3.239D-05  7.707D-01
 -5.074D-05  7.719D-01
 -6.808D-05  7.702D-01
 -8.472D-05  7.733D-01
 -1.019D-04  7.692D-01
 -1.181D-04  7.753D-01
 -1.361D-04  7.679D-01
 -1.518D-04  7.779D-01
 -1.713D-04  7.659D-01
 -1.862D-04  7.810D-01
 -2.078D-04  7.632D-01
 -2.214D-04  7.846D-01
 -2.462D-04  7.595D-01
 -2.578D-04  7.886D-01
 -2.869D-04  7.548D-01
 -2.954D-04  7.931D-01
 -3.303D-04  7.486D-01
 -3.345D-04  7.979D-01
 -3.772D-04  7.408D-01
 -3.753D-04  8.030D-01
 -4.281D-04  7.309D-01
 -4.178D-04  8.084D-01
 -4.840D-04  7.186D-01
 -4.623D-04  8.140D-01
 -5.460D-04  7.033D-01
 -5.089D-04  8.198D-01
 -6.156D-04  6.846D-01
 -5.578D-04  8.257D-01
 -6.948D-04  6.616D-01
 -6.090D-04  8.318D-01
 -7.867D-04  6.334D-01
 -6.628D-04  8.380D-01
 -8.955D-04  5.990D-01
 -7.192D-04  8.442D-01
 -1.028D-03  5.566D-01
 -7.783D-04  8.506D-01
 -1.196D-03  5.040D-01
 -8.401D-04  8.572D-01
 -1.420D-03  4.377D-01
 -9.047D-04  8.640D-01
 -1.747D-03  3.520D-01
 -9.720D-04  8.712D-01
 -2.299D-03  2.358D-01
 -1.042D-03  8.789D-01
 -3.594D-03  6.147D-02
 -1.113D-03  8.879D-01
 -3.127D-05  7.699D-01
 -4.907D-05  7.690D-01
 -6.560D-05  7.709D-01
 -8.210D-05  7.684D-01
 -9.794D-05  7.726D-01
 -1.148D-04  7.674D-01
 -1.303D-04  7.748D-01
 -1.481D-04  7.659D-01
 -1.630D-04  7.775D-01
 -1.825D-04  7.638D-01
 -1.966D-04  7.808D-01
 -2.184D-04  7.610D-01
 -2.310D-04  7.845D-01
 -2.561D-04  7.573D-01
 -2.666D-04  7.886D-01
 -2.961D-04  7.525D-01
 -3.035D-04  7.931D-01
 -3.389D-04  7.463D-01
 -3.418D-04  7.979D-01
 -3.849D-04  7.384D-01
 -3.817D-04  8.030D-01
 -4.350D-04  7.285D-01
 -4.235D-04  8.083D-01
 -4.899D-04  7.161D-01
 -4.671D-04  8.138D-01
 -5.508D-04  7.009D-01
 -5.128D-04  8.194D-01
 -6.190D-04  6.822D-01
 -5.606D-04  8.252D-01
 -6.965D-04  6.594D-01
 -6.108D-04  8.310D-01
 -7.861D-04  6.314D-01
 -6.634D-04  8.370D-01
 -8.920D-04  5.972D-01
 -7.185D-04  8.430D-01
 -1.021D-03  5.551D-01
 -7.763D-04  8.492D-01
 -1.183D-03  5.028D-01
 -8.367D-04  8.554D-01
 -1.400D-03  4.368D-01
 -8.998D-04  8.619D-01
 -1.714D-03  3.511D-01
 -9.655D-04  8.687D-01
 -2.244D-03  2.342D-01
 -1.034D-03  8.760D-01
 -3.484D-03  5.743D-02
 -1.103D-03  8.845D-01
 -3.024D-05  7.677D-01
 -4.737D-05  7.687D-01
 -6.353D-05  7.672D-01
 -7.908D-05  7.700D-01
 -9.506D-05  7.665D-01
 -1.102D-04  7.719D-01
 -1.268D-04  7.654D-01
 -1.416D-04  7.743D-01
 -1.593D-04  7.639D-01
 -1.736D-04  7.771D-01
 -1.931D-04  7.617D-01
 -2.063D-04  7.805D-01
 -2.283D-04  7.589D-01
 -2.400D-04  7.843D-01
 -2.654D-04  7.551D-01
 -2.749D-04  7.884D-01
 -3.047D-04  7.501D-01
 -3.110D-04  7.929D-01
 -3.468D-04  7.438D-01
 -3.486D-04  7.977D-01
 -3.922D-04  7.359D-01
 -3.878D-04  8.027D-01
 -4.414D-04  7.259D-01
 -4.287D-04  8.079D-01
 -4.954D-04  7.136D-01
 -4.715D-04  8.132D-01
 -5.550D-04  6.984D-01
 -5.163D-04  8.187D-01
 -6.219D-04  6.798D-01
 -5.632D-04  8.243D-01
 -6.977D-04  6.570D-01
 -6.123D-04  8.299D-01
 -7.851D-04  6.293D-01
 -6.638D-04  8.356D-01
 -8.882D-04  5.953D-01
 -7.178D-04  8.414D-01
 -1.013D-03  5.536D-01
 -7.742D-04  8.472D-01
 -1.170D-03  5.016D-01
 -8.333D-04  8.532D-01
 -1.379D-03  4.359D-01
 -8.949D-04  8.593D-01
 -1.682D-03  3.502D-01
 -9.590D-04  8.657D-01
 -2.190D-03  2.329D-01
 -1.025D-03  8.727D-01
 -3.378D-03  5.383D-02
 -1.094D-03  8.806D-01
 -2.923D-05  7.666D-01
 -4.587D-05  7.659D-01
 -6.132D-05  7.676D-01
 -7.669D-05  7.654D-01
 -9.153D-05  7.691D-01
 -1.071D-04  7.646D-01
 -1.217D-04  7.712D-01
 -1.381D-04  7.634D-01
 -1.522D-04  7.737D-01
 -1.699D-04  7.618D-01
 -1.834D-04  7.767D-01
 -2.030D-04  7.596D-01
 -2.155D-04  7.801D-01
 -2.376D-04  7.566D-01
 -2.485D-04  7.839D-01
 -2.741D-04  7.527D-01
 -2.827D-04  7.881D-01
 -3.129D-04  7.477D-01
 -3.181D-04  7.925D-01
 -3.543D-04  7.413D-01
 -3.550D-04  7.972D-01
 -3.989D-04  7.332D-01
 -3.935D-04  8.021D-01
 -4.473D-04  7.232D-01
 -4.336D-04  8.072D-01
 -5.003D-04  7.109D-01
 -4.756D-04  8.124D-01
 -5.589D-04  6.957D-01
 -5.195D-04  8.177D-01
 -6.243D-04  6.772D-01
 -5.655D-04  8.230D-01
 -6.984D-04  6.546D-01
 -6.136D-04  8.284D-01
 -7.837D-04  6.271D-01
 -6.641D-04  8.339D-01
 -8.840D-04  5.934D-01
 -7.169D-04  8.394D-01
 -1.005D-03  5.519D-01
 -7.721D-04  8.449D-01
 -1.157D-03  5.003D-01
 -8.298D-04  8.506D-01
 -1.359D-03  4.349D-01
 -8.900D-04  8.563D-01
 -1.651D-03  3.495D-01
 -9.527D-04  8.623D-01
 -2.138D-03  2.318D-01
 -1.018D-03  8.688D-01
 -3.275D-03  5.065D-02
 -1.084D-03  8.763D-01
 -2.831D-05  7.644D-01
 -4.434D-05  7.653D-01
 -5.944D-05  7.641D-01
 -7.400D-05  7.665D-01
 -8.889D-05  7.635D-01
 -1.031D-04  7.683D-01
 -1.185D-04  7.626D-01
 -1.324D-04  7.704D-01
 -1.487D-04  7.614D-01
 -1.622D-04  7.731D-01
 -1.799D-04  7.597D-01
 -1.927D-04  7.762D-01
 -2.124D-04  7.573D-01
 -2.241D-04  7.796D-01
 -2.464D-04  7.542D-01
 -2.565D-04  7.835D-01
 -2.823D-04  7.502D-01
 -2.900D-04  7.876D-01
 -3.205D-04  7.451D-01
 -3.248D-04  7.919D-01
 -3.613D-04  7.386D-01
 -3.610D-04  7.965D-01
 -4.052D-04  7.305D-01
 -3.987D-04  8.013D-01
 -4.528D-04  7.204D-01
 -4.382D-04  8.062D-01
 -5.048D-04  7.080D-01
 -4.793D-04  8.112D-01
 -5.622D-04  6.929D-01
 -5.224D-04  8.163D-01
 -6.263D-04  6.745D-01
 -5.675D-04  8.215D-01
 -6.987D-04  6.520D-01
 -6.147D-04  8.266D-01
 -7.819D-04  6.247D-01
 -6.641D-04  8.318D-01
 -8.795D-04  5.913D-01
 -7.158D-04  8.370D-01
 -9.972D-04  5.502D-01
 -7.699D-04  8.422D-01
 -1.144D-03  4.990D-01
 -8.263D-04  8.475D-01
 -1.339D-03  4.339D-01
 -8.852D-04  8.529D-01
 -1.620D-03  3.487D-01
 -9.464D-04  8.586D-01
 -2.088D-03  2.308D-01
 -1.010D-03  8.646D-01
 -3.177D-03  4.783D-02
 -1.075D-03  8.716D-01
 -2.739D-05  7.632D-01
 -4.297D-05  7.626D-01
 -5.745D-05  7.641D-01
 -7.182D-05  7.622D-01
 -8.574D-05  7.655D-01
 -1.003D-04  7.615D-01
 -1.139D-04  7.674D-01
 -1.291D-04  7.606D-01
 -1.425D-04  7.697D-01
 -1.587D-04  7.592D-01
 -1.716D-04  7.724D-01
 -1.893D-04  7.574D-01
 -2.015D-04  7.755D-01
 -2.213D-04  7.550D-01
 -2.322D-04  7.790D-01
 -2.547D-04  7.518D-01
 -2.640D-04  7.828D-01
 -2.901D-04  7.476D-01
 -2.969D-04  7.869D-01
 -3.276D-04  7.424D-01
 -3.311D-04  7.912D-01
 -3.678D-04  7.358D-01
 -3.666D-04  7.956D-01
 -4.110D-04  7.276D-01
 -4.037D-04  8.003D-01
 -4.578D-04  7.175D-01
 -4.424D-04  8.050D-01
 -5.089D-04  7.051D-01
 -4.828D-04  8.098D-01
 -5.652D-04  6.899D-01
 -5.251D-04  8.146D-01
 -6.279D-04  6.716D-01
 -5.694D-04  8.195D-01
 -6.987D-04  6.492D-01
 -6.156D-04  8.244D-01
 -7.798D-04  6.221D-01
 -6.640D-04  8.293D-01
 -8.748D-04  5.890D-01
 -7.147D-04  8.342D-01
 -9.890D-04  5.483D-01
 -7.675D-04  8.391D-01
 -1.132D-03  4.975D-01
 -8.228D-04  8.441D-01
 -1.320D-03  4.329D-01
 -8.803D-04  8.491D-01
 -1.589D-03  3.480D-01
 -9.401D-04  8.544D-01
 -2.039D-03  2.299D-01
 -1.002D-03  8.600D-01
 -3.082D-03  4.534D-02
 -1.066D-03  8.665D-01
 -2.655D-05  7.610D-01
 -4.159D-05  7.618D-01
 -5.574D-05  7.607D-01
 -6.941D-05  7.629D-01
 -8.331D-05  7.602D-01
 -9.668D-05  7.645D-01
 -1.110D-04  7.595D-01
 -1.241D-04  7.664D-01
 -1.391D-04  7.584D-01
 -1.520D-04  7.689D-01
 -1.682D-04  7.570D-01
 -1.805D-04  7.716D-01
 -1.982D-04  7.551D-01
 -2.097D-04  7.748D-01
 -2.296D-04  7.525D-01
 -2.399D-04  7.783D-01
 -2.626D-04  7.492D-01
 -2.711D-04  7.820D-01
 -2.974D-04  7.449D-01
 -3.034D-04  7.860D-01
 -3.344D-04  7.395D-01
 -3.370D-04  7.901D-01
 -3.739D-04  7.328D-01
 -3.719D-04  7.945D-01
 -4.164D-04  7.245D-01
 -4.083D-04  7.989D-01
 -4.624D-04  7.143D-01
 -4.463D-04  8.035D-01
 -5.125D-04  7.019D-01
 -4.860D-04  8.080D-01
 -5.678D-04  6.868D-01
 -5.276D-04  8.127D-01
 -6.292D-04  6.685D-01
 -5.710D-04  8.173D-01
 -6.983D-04  6.463D-01
 -6.163D-04  8.219D-01
 -7.774D-04  6.194D-01
 -6.638D-04  8.265D-01
 -8.698D-04  5.866D-01
 -7.134D-04  8.311D-01
 -9.806D-04  5.462D-01
 -7.651D-04  8.357D-01
 -1.119D-03  4.958D-01
 -8.192D-04  8.403D-01
 -1.300D-03  4.317D-01
 -8.754D-04  8.450D-01
 -1.560D-03  3.472D-01
 -9.339D-04  8.498D-01
 -1.991D-03  2.291D-01
 -9.944D-04  8.550D-01
 -2.990D-03  4.313D-02
 -1.057D-03  8.610D-01
 -2.573D-05  7.596D-01
 -4.035D-05  7.591D-01
 -5.395D-05  7.604D-01
 -6.741D-05  7.587D-01
 -8.049D-05  7.617D-01
 -9.405D-05  7.582D-01
 -1.069D-04  7.634D-01
 -1.210D-04  7.573D-01
 -1.337D-04  7.655D-01
 -1.486D-04  7.562D-01
 -1.609D-04  7.679D-01
 -1.771D-04  7.547D-01
 -1.889D-04  7.708D-01
 -2.066D-04  7.526D-01
 -2.175D-04  7.739D-01
 -2.375D-04  7.499D-01
 -2.471D-04  7.773D-01
 -2.700D-04  7.464D-01
 -2.778D-04  7.810D-01
 -3.043D-04  7.420D-01
 -3.095D-04  7.849D-01
 -3.407D-04  7.365D-01
 -3.425D-04  7.889D-01
 -3.796D-04  7.297D-01
 -3.768D-04  7.931D-01
 -4.213D-04  7.213D-01
 -4.126D-04  7.973D-01
 -4.666D-04  7.110D-01
 -4.500D-04  8.016D-01
 -5.158D-04  6.985D-01
 -4.890D-04  8.060D-01
 -5.699D-04  6.834D-01
 -5.298D-04  8.104D-01
 -6.300D-04  6.652D-01
 -5.723D-04  8.147D-01
 -6.976D-04  6.432D-01
 -6.168D-04  8.190D-01
 -7.747D-04  6.165D-01
 -6.634D-04  8.233D-01
 -8.646D-04  5.839D-01
 -7.119D-04  8.276D-01
 -9.721D-04  5.439D-01
 -7.626D-04  8.319D-01
 -1.106D-03  4.940D-01
 -8.155D-04  8.361D-01
 -1.281D-03  4.304D-01
 -8.705D-04  8.404D-01
 -1.531D-03  3.463D-01
 -9.277D-04  8.449D-01
 -1.945D-03  2.284D-01
 -9.868D-04  8.497D-01
 -2.902D-03  4.119D-02
 -1.048D-03  8.552D-01
 -2.496D-05  7.574D-01
 -3.910D-05  7.581D-01
 -5.238D-05  7.571D-01
 -6.523D-05  7.591D-01
 -7.825D-05  7.567D-01
 -9.085D-05  7.605D-01
 -1.042D-04  7.560D-01
 -1.166D-04  7.623D-01
 -1.305D-04  7.551D-01
 -1.427D-04  7.644D-01
 -1.576D-04  7.539D-01
 -1.694D-04  7.669D-01
 -1.855D-04  7.522D-01
 -1.968D-04  7.698D-01
 -2.146D-04  7.500D-01
 -2.249D-04  7.729D-01
 -2.450D-04  7.471D-01
 -2.540D-04  7.762D-01
 -2.770D-04  7.435D-01
 -2.841D-04  7.798D-01
 -3.107D-04  7.390D-01
 -3.153D-04  7.835D-01
 -3.466D-04  7.333D-01
 -3.477D-04  7.874D-01
 -3.848D-04  7.264D-01
 -3.815D-04  7.914D-01
 -4.260D-04  7.178D-01
 -4.167D-04  7.955D-01
 -4.704D-04  7.075D-01
 -4.534D-04  7.995D-01
 -5.187D-04  6.950D-01
 -4.917D-04  8.037D-01
 -5.718D-04  6.799D-01
 -5.317D-04  8.078D-01
 -6.306D-04  6.617D-01
 -5.735D-04  8.118D-01
 -6.966D-04  6.398D-01
 -6.172D-04  8.159D-01
 -7.718D-04  6.133D-01
 -6.628D-04  8.198D-01
 -8.592D-04  5.811D-01
 -7.104D-04  8.238D-01
 -9.635D-04  5.415D-01
 -7.600D-04  8.277D-01
 -1.093D-03  4.920D-01
 -8.118D-04  8.316D-01
 -1.262D-03  4.289D-01
 -8.656D-04  8.356D-01
 -1.503D-03  3.453D-01
 -9.215D-04  8.396D-01
 -1.901D-03  2.276D-01
 -9.793D-04  8.440D-01
 -2.818D-03  3.945D-02
 -1.039D-03  8.490D-01
 -2.421D-05  7.559D-01
 -3.796D-05  7.554D-01
 -5.076D-05  7.566D-01
 -6.340D-05  7.550D-01
 -7.572D-05  7.577D-01
 -8.841D-05  7.545D-01
 -1.006D-04  7.592D-01
 -1.137D-04  7.538D-01
 -1.257D-04  7.611D-01
 -1.395D-04  7.528D-01
 -1.512D-04  7.633D-01
 -1.660D-04  7.514D-01
 -1.774D-04  7.658D-01
 -1.935D-04  7.496D-01
 -2.042D-04  7.686D-01
 -2.221D-04  7.472D-01
 -2.319D-04  7.717D-01
 -2.521D-04  7.442D-01
 -2.605D-04  7.749D-01
 -2.835D-04  7.405D-01
 -2.900D-04  7.784D-01
 -3.168D-04  7.358D-01
 -3.207D-04  7.820D-01
 -3.521D-04  7.300D-01
 -3.526D-04  7.857D-01
 -3.898D-04  7.229D-01
 -3.858D-04  7.895D-01
 -4.302D-04  7.142D-01
 -4.204D-04  7.933D-01
 -4.738D-04  7.038D-01
 -4.565D-04  7.972D-01
 -5.213D-04  6.912D-01
 -4.942D-04  8.010D-01
 -5.733D-04  6.762D-01
 -5.335D-04  8.048D-01
 -6.308D-04  6.580D-01
 -5.745D-04  8.086D-01
 -6.953D-04  6.363D-01
 -6.173D-04  8.124D-01
 -7.686D-04  6.100D-01
 -6.621D-04  8.160D-01
 -8.536D-04  5.780D-01
 -7.087D-04  8.197D-01
 -9.548D-04  5.388D-01
 -7.573D-04  8.232D-01
 -1.080D-03  4.899D-01
 -8.080D-04  8.268D-01
 -1.243D-03  4.273D-01
 -8.607D-04  8.304D-01
 -1.475D-03  3.443D-01
 -9.153D-04  8.341D-01
 -1.857D-03  2.269D-01
 -9.719D-04  8.380D-01
 -2.736D-03  3.791D-02
 -1.030D-03  8.425D-01
 -2.351D-05  7.536D-01
 -3.682D-05  7.542D-01
 -4.932D-05  7.533D-01
 -6.143D-05  7.551D-01
 -7.365D-05  7.529D-01
 -8.553D-05  7.563D-01
 -9.798D-05  7.523D-01
 -1.097D-04  7.579D-01
 -1.227D-04  7.515D-01
 -1.343D-04  7.598D-01
 -1.480D-04  7.503D-01
 -1.593D-04  7.621D-01
 -1.741D-04  7.488D-01
 -1.850D-04  7.646D-01
 -2.011D-04  7.468D-01
 -2.113D-04  7.673D-01
 -2.293D-04  7.443D-01
 -2.385D-04  7.703D-01
 -2.587D-04  7.412D-01
 -2.666D-04  7.735D-01
 -2.898D-04  7.372D-01
 -2.957D-04  7.768D-01
 -3.225D-04  7.323D-01
 -3.259D-04  7.802D-01
 -3.573D-04  7.264D-01
 -3.572D-04  7.837D-01
 -3.943D-04  7.191D-01
 -3.899D-04  7.873D-01
 -4.341D-04  7.104D-01
 -4.239D-04  7.909D-01
 -4.770D-04  6.999D-01
 -4.594D-04  7.945D-01
 -5.235D-04  6.873D-01
 -4.964D-04  7.981D-01
 -5.745D-04  6.722D-01
 -5.350D-04  8.016D-01
 -6.308D-04  6.541D-01
 -5.753D-04  8.051D-01
 -6.937D-04  6.325D-01
 -6.173D-04  8.085D-01
 -7.652D-04  6.064D-01
 -6.612D-04  8.119D-01
 -8.478D-04  5.748D-01
 -7.069D-04  8.152D-01
 -9.461D-04  5.359D-01
 -7.545D-04  8.184D-01
 -1.067D-03  4.875D-01
 -8.041D-04  8.216D-01
 -1.225D-03  4.255D-01
 -8.557D-04  8.249D-01
 -1.448D-03  3.431D-01
 -9.091D-04  8.282D-01
 -1.816D-03  2.261D-01
 -9.644D-04  8.317D-01
 -2.658D-03  3.650D-02
 -1.021D-03  8.358D-01
 -2.282D-05  7.520D-01
 -3.578D-05  7.515D-01
 -4.785D-05  7.526D-01
 -5.974D-05  7.512D-01
 -7.136D-05  7.536D-01
 -8.327D-05  7.507D-01
 -9.476D-05  7.549D-01
 -1.070D-04  7.500D-01
 -1.184D-04  7.566D-01
 -1.312D-04  7.490D-01
 -1.424D-04  7.585D-01
 -1.560D-04  7.477D-01
 -1.670D-04  7.607D-01
 -1.817D-04  7.461D-01
 -1.921D-04  7.632D-01
 -2.083D-04  7.439D-01
 -2.180D-04  7.659D-01
 -2.360D-04  7.413D-01
 -2.447D-04  7.687D-01
 -2.651D-04  7.379D-01
 -2.724D-04  7.718D-01
 -2.956D-04  7.338D-01
 -3.010D-04  7.749D-01
 -3.279D-04  7.287D-01
 -3.307D-04  7.782D-01
 -3.621D-04  7.226D-01
 -3.616D-04  7.815D-01
 -3.986D-04  7.152D-01
 -3.937D-04  7.848D-01
 -4.377D-04  7.064D-01
 -4.272D-04  7.882D-01
 -4.798D-04  6.957D-01
 -4.621D-04  7.916D-01
 -5.254D-04  6.831D-01
 -4.984D-04  7.949D-01
 -5.754D-04  6.680D-01
 -5.364D-04  7.981D-01
 -6.304D-04  6.500D-01
 -5.759D-04  8.013D-01
 -6.919D-04  6.285D-01
 -6.172D-04  8.044D-01
 -7.615D-04  6.026D-01
 -6.602D-04  8.075D-01
 -8.419D-04  5.712D-01
 -7.050D-04  8.104D-01
 -9.373D-04  5.328D-01
 -7.516D-04  8.133D-01
 -1.055D-03  4.849D-01
 -8.002D-04  8.162D-01
 -1.207D-03  4.235D-01
 -8.506D-04  8.191D-01
 -1.422D-03  3.417D-01
 -9.029D-04  8.220D-01
 -1.775D-03  2.253D-01
 -9.570D-04  8.251D-01
 -2.583D-03  3.522D-02
 -1.013D-03  8.288D-01
 -2.218D-05  7.496D-01
 -3.474D-05  7.502D-01
 -4.653D-05  7.493D-01
 -5.795D-05  7.510D-01
 -6.945D-05  7.489D-01
 -8.067D-05  7.520D-01
 -9.234D-05  7.483D-01
 -1.035D-04  7.534D-01
 -1.156D-04  7.475D-01
 -1.266D-04  7.551D-01
 -1.393D-04  7.464D-01
 -1.501D-04  7.570D-01
 -1.637D-04  7.450D-01
 -1.742D-04  7.592D-01
 -1.889D-04  7.432D-01
 -1.989D-04  7.616D-01
 -2.151D-04  7.409D-01
 -2.244D-04  7.642D-01
 -2.424D-04  7.380D-01
 -2.507D-04  7.670D-01
 -2.710D-04  7.345D-01
 -2.778D-04  7.699D-01
 -3.011D-04  7.302D-01
 -3.060D-04  7.729D-01
 -3.329D-04  7.249D-01
 -3.353D-04  7.759D-01
 -3.666D-04  7.186D-01
 -3.657D-04  7.790D-01
 -4.025D-04  7.111D-01
 -3.973D-04  7.821D-01
 -4.409D-04  7.021D-01
 -4.302D-04  7.853D-01
 -4.823D-04  6.914D-01
 -4.645D-04  7.883D-01
 -5.271D-04  6.787D-01
 -5.002D-04  7.914D-01
 -5.760D-04  6.636D-01
 -5.375D-04  7.943D-01
 -6.298D-04  6.456D-01
 -5.763D-04  7.972D-01
 -6.898D-04  6.242D-01
 -6.168D-04  8.000D-01
 -7.577D-04  5.986D-01
 -6.590D-04  8.028D-01
 -8.359D-04  5.675D-01
 -7.029D-04  8.054D-01
 -9.285D-04  5.295D-01
 -7.487D-04  8.080D-01
 -1.042D-03  4.820D-01
 -7.962D-04  8.105D-01
 -1.189D-03  4.213D-01
 -8.456D-04  8.130D-01
 -1.396D-03  3.402D-01
 -8.967D-04  8.155D-01
 -1.735D-03  2.243D-01
 -9.496D-04  8.183D-01
 -2.510D-03  3.403D-02
 -1.004D-03  8.215D-01
 -2.155D-05  7.479D-01
 -3.379D-05  7.474D-01
 -4.518D-05  7.484D-01
 -5.639D-05  7.471D-01
 -6.737D-05  7.493D-01
 -7.858D-05  7.466D-01
 -8.944D-05  7.504D-01
 -1.009D-04  7.459D-01
 -1.117D-04  7.519D-01
 -1.237D-04  7.449D-01
 -1.343D-04  7.536D-01
 -1.469D-04  7.437D-01
 -1.574D-04  7.555D-01
 -1.709D-04  7.421D-01
 -1.811D-04  7.576D-01
 -1.958D-04  7.401D-01
 -2.054D-04  7.599D-01
 -2.215D-04  7.376D-01
 -2.304D-04  7.624D-01
 -2.485D-04  7.346D-01
 -2.563D-04  7.651D-01
 -2.767D-04  7.308D-01
 -2.830D-04  7.678D-01
 -3.063D-04  7.263D-01
 -3.108D-04  7.706D-01
 -3.376D-04  7.209D-01
 -3.396D-04  7.734D-01
 -3.708D-04  7.144D-01
 -3.695D-04  7.763D-01
 -4.061D-04  7.067D-01
 -4.006D-04  7.792D-01
 -4.439D-04  6.976D-01
 -4.330D-04  7.820D-01
 -4.845D-04  6.868D-01
 -4.667D-04  7.849D-01
 -5.284D-04  6.740D-01
 -5.018D-04  7.876D-01
 -5.763D-04  6.589D-01
 -5.384D-04  7.903D-01
 -6.290D-04  6.410D-01
 -5.766D-04  7.929D-01
 -6.876D-04  6.197D-01
 -6.163D-04  7.954D-01
 -7.537D-04  5.943D-01
 -6.577D-04  7.978D-01
 -8.298D-04  5.635D-01
 -7.008D-04  8.001D-01
 -9.196D-04  5.259D-01
 -7.456D-04  8.023D-01
 -1.030D-03  4.789D-01
 -7.921D-04  8.045D-01
 -1.172D-03  4.188D-01
 -8.404D-04  8.066D-01
 -1.371D-03  3.385D-01
 -8.905D-04  8.088D-01
 -1.697D-03  2.233D-01
 -9.422D-04  8.112D-01
 -2.440D-03  3.289D-02
 -9.953D-04  8.139D-01
 -2.096D-05  7.455D-01
 -3.284D-05  7.460D-01
 -4.396D-05  7.452D-01
 -5.476D-05  7.467D-01
 -6.561D-05  7.448D-01
 -7.622D-05  7.476D-01
 -8.719D-05  7.441D-01
 -9.774D-05  7.488D-01
 -1.090D-04  7.433D-01
 -1.195D-04  7.502D-01
 -1.313D-04  7.422D-01
 -1.417D-04  7.519D-01
 -1.542D-04  7.408D-01
 -1.644D-04  7.538D-01
 -1.778D-04  7.390D-01
 -1.876D-04  7.558D-01
 -2.023D-04  7.369D-01
 -2.115D-04  7.581D-01
 -2.277D-04  7.342D-01
 -2.361D-04  7.604D-01
 -2.542D-04  7.309D-01
 -2.616D-04  7.629D-01
 -2.820D-04  7.270D-01
 -2.879D-04  7.655D-01
 -3.112D-04  7.223D-01
 -3.152D-04  7.681D-01
 -3.420D-04  7.167D-01
 -3.436D-04  7.707D-01
 -3.747D-04  7.100D-01
 -3.730D-04  7.734D-01
 -4.094D-04  7.022D-01
 -4.037D-04  7.760D-01
 -4.465D-04  6.929D-01
 -4.355D-04  7.786D-01
 -4.864D-04  6.820D-01
 -4.687D-04  7.811D-01
 -5.295D-04  6.692D-01
 -5.032D-04  7.836D-01
 -5.764D-04  6.540D-01
 -5.392D-04  7.860D-01
 -6.279D-04  6.362D-01
 -5.767D-04  7.882D-01
 -6.851D-04  6.150D-01
 -6.157D-04  7.904D-01
 -7.495D-04  5.897D-01
 -6.563D-04  7.925D-01
 -8.235D-04  5.593D-01
 -6.985D-04  7.945D-01
 -9.107D-04  5.220D-01
 -7.424D-04  7.964D-01
 -1.017D-03  4.756D-01
 -7.880D-04  7.982D-01
 -1.154D-03  4.161D-01
 -8.353D-04  8.000D-01
 -1.347D-03  3.365D-01
 -8.842D-04  8.018D-01
 -1.660D-03  2.221D-01
 -9.348D-04  8.038D-01
 -2.373D-03  3.178D-02
 -9.868D-04  8.062D-01
 -2.039D-05  7.437D-01
 -3.195D-05  7.432D-01
 -4.273D-05  7.441D-01
 -5.332D-05  7.429D-01
 -6.371D-05  7.448D-01
 -7.427D-05  7.423D-01
 -8.456D-05  7.458D-01
 -9.534D-05  7.416D-01
 -1.056D-04  7.470D-01
 -1.168D-04  7.406D-01
 -1.269D-04  7.485D-01
 -1.386D-04  7.393D-01
 -1.487D-04  7.501D-01
 -1.611D-04  7.378D-01
 -1.709D-04  7.519D-01
 -1.844D-04  7.358D-01
 -1.938D-04  7.539D-01
 -2.084D-04  7.334D-01
 -2.173D-04  7.560D-01
 -2.335D-04  7.306D-01
 -2.416D-04  7.583D-01
 -2.596D-04  7.271D-01
 -2.666D-04  7.606D-01
 -2.870D-04  7.230D-01
 -2.926D-04  7.629D-01
 -3.158D-04  7.181D-01
 -3.195D-04  7.653D-01
 -3.461D-04  7.122D-01
 -3.474D-04  7.678D-01
 -3.783D-04  7.054D-01
 -3.764D-04  7.702D-01
 -4.124D-04  6.974D-01
 -4.065D-04  7.725D-01
 -4.489D-04  6.880D-01
 -4.379D-04  7.749D-01
 -4.880D-04  6.770D-01
 -4.705D-04  7.771D-01
 -5.303D-04  6.640D-01
 -5.045D-04  7.793D-01
 -5.762D-04  6.489D-01
 -5.398D-04  7.814D-01
 -6.266D-04  6.311D-01
 -5.766D-04  7.833D-01
 -6.824D-04  6.100D-01
 -6.149D-04  7.852D-01
 -7.452D-04  5.849D-01
 -6.547D-04  7.870D-01
 -8.171D-04  5.548D-01
 -6.961D-04  7.886D-01
 -9.017D-04  5.179D-01
 -7.391D-04  7.902D-01
 -1.005D-03  4.720D-01
 -7.837D-04  7.917D-01
 -1.137D-03  4.132D-01
 -8.300D-04  7.932D-01
 -1.323D-03  3.344D-01
 -8.779D-04  7.946D-01
 -1.624D-03  2.208D-01
 -9.274D-04  7.963D-01
 -2.308D-03  3.068D-02
 -9.782D-04  7.982D-01
 -1.984D-05  7.412D-01
 -3.108D-05  7.417D-01
 -4.161D-05  7.409D-01
 -5.183D-05  7.422D-01
 -6.207D-05  7.404D-01
 -7.212D-05  7.430D-01
 -8.246D-05  7.397D-01
 -9.246D-05  7.440D-01
 -1.031D-04  7.389D-01
 -1.130D-04  7.452D-01
 -1.241D-04  7.377D-01
 -1.340D-04  7.466D-01
 -1.456D-04  7.363D-01
 -1.553D-04  7.482D-01
 -1.677D-04  7.345D-01
 -1.772D-04  7.499D-01
 -1.906D-04  7.324D-01
 -1.997D-04  7.518D-01
 -2.143D-04  7.298D-01
 -2.228D-04  7.538D-01
 -2.390D-04  7.267D-01
 -2.467D-04  7.559D-01
 -2.647D-04  7.231D-01
 -2.714D-04  7.580D-01
 -2.917D-04  7.187D-01
 -2.970D-04  7.602D-01
 -3.201D-04  7.136D-01
 -3.235D-04  7.624D-01
 -3.499D-04  7.076D-01
 -3.509D-04  7.646D-01
 -3.816D-04  7.006D-01
 -3.795D-04  7.667D-01
 -4.152D-04  6.924D-01
 -4.092D-04  7.688D-01
 -4.510D-04  6.828D-01
 -4.400D-04  7.709D-01
 -4.894D-04  6.717D-01
 -4.721D-04  7.729D-01
 -5.308D-04  6.587D-01
 -5.055D-04  7.747D-01
 -5.758D-04  6.435D-01
 -5.402D-04  7.765D-01
 -6.250D-04  6.258D-01
 -5.764D-04  7.782D-01
 -6.795D-04  6.048D-01
 -6.139D-04  7.798D-01
 -7.407D-04  5.799D-01
 -6.530D-04  7.812D-01
 -8.107D-04  5.500D-01
 -6.936D-04  7.826D-01
 -8.928D-04  5.136D-01
 -7.357D-04  7.838D-01
 -9.927D-04  4.682D-01
 -7.794D-04  7.850D-01
 -1.121D-03  4.100D-01
 -8.247D-04  7.861D-01
 -1.300D-03  3.320D-01
 -8.716D-04  7.872D-01
 -1.589D-03  2.193D-01
 -9.200D-04  7.885D-01
 -2.246D-03  2.956D-02
 -9.697D-04  7.901D-01
 -1.931D-05  7.392D-01
 -3.027D-05  7.388D-01
 -4.047D-05  7.396D-01
 -5.050D-05  7.384D-01
 -6.034D-05  7.402D-01
 -7.031D-05  7.378D-01
 -8.007D-05  7.411D-01
 -9.022D-05  7.370D-01
 -9.995D-05  7.421D-01
 -1.104D-04  7.360D-01
 -1.201D-04  7.433D-01
 -1.310D-04  7.347D-01
 -1.406D-04  7.446D-01
 -1.522D-04  7.331D-01
 -1.616D-04  7.462D-01
 -1.740D-04  7.312D-01
 -1.832D-04  7.478D-01
 -1.965D-04  7.288D-01
 -2.053D-04  7.496D-01
 -2.199D-04  7.260D-01
 -2.281D-04  7.514D-01
 -2.442D-04  7.227D-01
 -2.516D-04  7.533D-01
 -2.696D-04  7.188D-01
 -2.759D-04  7.552D-01
 -2.962D-04  7.142D-01
 -3.011D-04  7.572D-01
 -3.241D-04  7.089D-01
 -3.272D-04  7.592D-01
 -3.535D-04  7.027D-01
 -3.543D-04  7.611D-01
 -3.846D-04  6.955D-01
 -3.824D-04  7.630D-01
 -4.177D-04  6.871D-01
 -4.116D-04  7.649D-01
 -4.529D-04  6.774D-01
 -4.420D-04  7.667D-01
 -4.906D-04  6.662D-01
 -4.735D-04  7.684D-01
 -5.311D-04  6.531D-01
 -5.063D-04  7.699D-01
 -5.752D-04  6.379D-01
 -5.405D-04  7.714D-01
 -6.233D-04  6.202D-01
 -5.760D-04  7.728D-01
 -6.765D-04  5.993D-01
 -6.128D-04  7.741D-01
 -7.361D-04  5.746D-01
 -6.511D-04  7.752D-01
 -8.041D-04  5.450D-01
 -6.909D-04  7.762D-01
 -8.838D-04  5.089D-01
 -7.322D-04  7.772D-01
 -9.806D-04  4.641D-01
 -7.751D-04  7.780D-01
 -1.104D-03  4.066D-01
 -8.194D-04  7.788D-01
 -1.277D-03  3.294D-01
 -8.653D-04  7.796D-01
 -1.556D-03  2.176D-01
 -9.126D-04  7.805D-01
 -2.186D-03  2.840D-02
 -9.612D-04  7.817D-01
 -1.881D-05  7.367D-01
 -2.946D-05  7.371D-01
 -3.943D-05  7.364D-01
 -4.913D-05  7.376D-01
 -5.882D-05  7.359D-01
 -6.835D-05  7.382D-01
 -7.811D-05  7.351D-01
 -8.760D-05  7.391D-01
 -9.759D-05  7.342D-01
 -1.071D-04  7.401D-01
 -1.174D-04  7.330D-01
 -1.268D-04  7.412D-01
 -1.377D-04  7.315D-01
 -1.470D-04  7.425D-01
 -1.585D-04  7.297D-01
 -1.677D-04  7.440D-01
 -1.799D-04  7.276D-01
 -1.888D-04  7.455D-01
 -2.021D-04  7.250D-01
 -2.106D-04  7.471D-01
 -2.252D-04  7.220D-01
 -2.331D-04  7.488D-01
 -2.491D-04  7.185D-01
 -2.562D-04  7.505D-01
 -2.741D-04  7.143D-01
 -2.802D-04  7.523D-01
 -3.003D-04  7.095D-01
 -3.050D-04  7.540D-01
 -3.278D-04  7.040D-01
 -3.307D-04  7.558D-01
 -3.568D-04  6.976D-01
 -3.574D-04  7.575D-01
 -3.874D-04  6.902D-01
 -3.851D-04  7.591D-01
 -4.199D-04  6.816D-01
 -4.138D-04  7.607D-01
 -4.545D-04  6.718D-01
 -4.437D-04  7.622D-01
 -4.915D-04  6.604D-01
 -4.748D-04  7.636D-01
 -5.312D-04  6.473D-01
 -5.070D-04  7.649D-01
 -5.743D-04  6.321D-01
 -5.406D-04  7.661D-01
 -6.213D-04  6.144D-01
 -5.754D-04  7.672D-01
 -6.732D-04  5.936D-01
 -6.116D-04  7.681D-01
 -7.313D-04  5.691D-01
 -6.492D-04  7.690D-01
 -7.975D-04  5.397D-01
 -6.882D-04  7.697D-01
 -8.749D-04  5.040D-01
 -7.287D-04  7.703D-01
 -9.686D-04  4.597D-01
 -7.706D-04  7.708D-01
 -1.088D-03  4.029D-01
 -8.140D-04  7.713D-01
 -1.254D-03  3.266D-01
 -8.589D-04  7.718D-01
 -1.523D-03  2.157D-01
 -9.052D-04  7.723D-01
 -2.128D-03  2.718D-02
 -9.527D-04  7.731D-01
 -1.832D-05  7.347D-01
 -2.871D-05  7.343D-01
 -3.839D-05  7.350D-01
 -4.789D-05  7.338D-01
 -5.722D-05  7.355D-01
 -6.666D-05  7.332D-01
 -7.592D-05  7.362D-01
 -8.550D-05  7.323D-01
 -9.475D-05  7.370D-01
 -1.046D-04  7.312D-01
 -1.138D-04  7.379D-01
 -1.241D-04  7.298D-01
 -1.332D-04  7.391D-01
 -1.440D-04  7.282D-01
 -1.531D-04  7.403D-01
 -1.645D-04  7.262D-01
 -1.734D-04  7.416D-01
 -1.856D-04  7.238D-01
 -1.942D-04  7.430D-01
 -2.075D-04  7.210D-01
 -2.157D-04  7.445D-01
 -2.302D-04  7.178D-01
 -2.378D-04  7.460D-01
 -2.538D-04  7.140D-01
 -2.606D-04  7.475D-01
 -2.784D-04  7.097D-01
 -2.843D-04  7.491D-01
 -3.042D-04  7.046D-01
 -3.087D-04  7.506D-01
 -3.313D-04  6.989D-01
 -3.340D-04  7.521D-01
 -3.599D-04  6.922D-01
 -3.603D-04  7.536D-01
 -3.900D-04  6.846D-01
 -3.876D-04  7.550D-01
 -4.219D-04  6.759D-01
 -4.159D-04  7.563D-01
 -4.558D-04  6.659D-01
 -4.453D-04  7.575D-01
 -4.921D-04  6.544D-01
 -4.758D-04  7.587D-01
 -5.311D-04  6.412D-01
 -5.075D-04  7.597D-01
 -5.732D-04  6.260D-01
 -5.405D-04  7.606D-01
 -6.192D-04  6.083D-01
 -5.747D-04  7.613D-01
 -6.699D-04  5.877D-01
 -6.102D-04  7.620D-01
 -7.265D-04  5.633D-01
 -6.471D-04  7.625D-01
 -7.908D-04  5.342D-01
 -6.853D-04  7.629D-01
 -8.659D-04  4.989D-01
 -7.250D-04  7.632D-01
 -9.567D-04  4.551D-01
 -7.661D-04  7.635D-01
 -1.072D-03  3.990D-01
 -8.086D-04  7.636D-01
 -1.233D-03  3.235D-01
 -8.525D-04  7.638D-01
 -1.491D-03  2.136D-01
 -8.977D-04  7.640D-01
 -2.072D-03  2.587D-02
 -9.442D-04  7.644D-01
 -1.786D-05  7.321D-01
 -2.797D-05  7.325D-01
 -3.743D-05  7.317D-01
 -4.663D-05  7.328D-01
 -5.581D-05  7.311D-01
 -6.486D-05  7.333D-01
 -7.409D-05  7.304D-01
 -8.311D-05  7.340D-01
 -9.253D-05  7.293D-01
 -1.015D-04  7.348D-01
 -1.113D-04  7.281D-01
 -1.203D-04  7.357D-01
 -1.304D-04  7.265D-01
 -1.393D-04  7.367D-01
 -1.500D-04  7.246D-01
 -1.588D-04  7.379D-01
 -1.702D-04  7.224D-01
 -1.788D-04  7.391D-01
 -1.910D-04  7.199D-01
 -1.994D-04  7.404D-01
 -2.125D-04  7.168D-01
 -2.205D-04  7.417D-01
 -2.349D-04  7.134D-01
 -2.423D-04  7.430D-01
 -2.582D-04  7.094D-01
 -2.648D-04  7.444D-01
 -2.825D-04  7.048D-01
 -2.881D-04  7.457D-01
 -3.079D-04  6.995D-01
 -3.122D-04  7.470D-01
 -3.346D-04  6.935D-01
 -3.371D-04  7.483D-01
 -3.627D-04  6.867D-01
 -3.630D-04  7.495D-01
 -3.923D-04  6.789D-01
 -3.899D-04  7.506D-01
 -4.236D-04  6.700D-01
 -4.177D-04  7.517D-01
 -4.570D-04  6.598D-01
 -4.467D-04  7.526D-01
 -4.926D-04  6.482D-01
 -4.767D-04  7.535D-01
 -5.307D-04  6.350D-01
 -5.079D-04  7.542D-01
 -5.720D-04  6.197D-01
 -5.403D-04  7.548D-01
 -6.169D-04  6.020D-01
 -5.739D-04  7.553D-01
 -6.663D-04  5.814D-01
 -6.087D-04  7.556D-01
 -7.215D-04  5.572D-01
 -6.449D-04  7.559D-01
 -7.841D-04  5.284D-01
 -6.824D-04  7.560D-01
 -8.570D-04  4.935D-01
 -7.212D-04  7.560D-01
 -9.449D-04  4.502D-01
 -7.614D-04  7.559D-01
 -1.057D-03  3.948D-01
 -8.030D-04  7.557D-01
 -1.211D-03  3.202D-01
 -8.460D-04  7.556D-01
 -1.460D-03  2.114D-01
 -8.903D-04  7.554D-01
 -2.018D-03  2.446D-02
 -9.357D-04  7.556D-01
 -1.740D-05  7.300D-01
 -2.727D-05  7.295D-01
 -3.646D-05  7.302D-01
 -4.547D-05  7.290D-01
 -5.434D-05  7.306D-01
 -6.328D-05  7.283D-01
 -7.209D-05  7.311D-01
 -8.114D-05  7.274D-01
 -8.994D-05  7.317D-01
 -9.922D-05  7.262D-01
 -1.080D-04  7.325D-01
 -1.176D-04  7.248D-01
 -1.264D-04  7.334D-01
 -1.364D-04  7.230D-01
 -1.452D-04  7.343D-01
 -1.557D-04  7.209D-01
 -1.644D-04  7.353D-01
 -1.756D-04  7.185D-01
 -1.840D-04  7.364D-01
 -1.961D-04  7.157D-01
 -2.043D-04  7.375D-01
 -2.174D-04  7.124D-01
 -2.251D-04  7.387D-01
 -2.394D-04  7.087D-01
 -2.466D-04  7.398D-01
 -2.624D-04  7.045D-01
 -2.688D-04  7.410D-01
 -2.863D-04  6.996D-01
 -2.917D-04  7.421D-01
 -3.114D-04  6.942D-01
 -3.155D-04  7.432D-01
 -3.376D-04  6.879D-01
 -3.401D-04  7.442D-01
 -3.652D-04  6.809D-01
 -3.656D-04  7.452D-01
 -3.944D-04  6.729D-01
 -3.920D-04  7.460D-01
 -4.252D-04  6.638D-01
 -4.194D-04  7.468D-01
 -4.579D-04  6.535D-01
 -4.479D-04  7.475D-01
 -4.928D-04  6.418D-01
 -4.774D-04  7.481D-01
 -5.302D-04  6.284D-01
 -5.081D-04  7.485D-01
 -5.706D-04  6.131D-01
 -5.399D-04  7.488D-01
 -6.144D-04  5.955D-01
 -5.729D-04  7.490D-01
 -6.627D-04  5.750D-01
 -6.071D-04  7.491D-01
 -7.164D-04  5.509D-01
 -6.426D-04  7.490D-01
 -7.773D-04  5.224D-01
 -6.793D-04  7.488D-01
 -8.480D-04  4.878D-01
 -7.174D-04  7.485D-01
 -9.332D-04  4.450D-01
 -7.568D-04  7.481D-01
 -1.041D-03  3.903D-01
 -7.975D-04  7.477D-01
 -1.191D-03  3.166D-01
 -8.395D-04  7.472D-01
 -1.430D-03  2.088D-01
 -8.828D-04  7.468D-01
 -1.966D-03  2.294D-02
 -9.272D-04  7.465D-01
 -1.697D-05  7.273D-01
 -2.658D-05  7.276D-01
 -3.557D-05  7.269D-01
 -4.431D-05  7.279D-01
 -5.302D-05  7.263D-01
 -6.163D-05  7.283D-01
 -7.037D-05  7.254D-01
 -7.895D-05  7.288D-01
 -8.786D-05  7.243D-01
 -9.644D-05  7.294D-01
 -1.056D-04  7.229D-01
 -1.142D-04  7.301D-01
 -1.237D-04  7.213D-01
 -1.323D-04  7.309D-01
 -1.422D-04  7.193D-01
 -1.507D-04  7.317D-01
 -1.612D-04  7.170D-01
 -1.696D-04  7.326D-01
 -1.808D-04  7.144D-01
 -1.890D-04  7.336D-01
 -2.010D-04  7.113D-01
 -2.089D-04  7.345D-01
 -2.219D-04  7.078D-01
 -2.295D-04  7.355D-01
 -2.437D-04  7.039D-01
 -2.506D-04  7.364D-01
 -2.663D-04  6.994D-01
 -2.725D-04  7.374D-01
 -2.899D-04  6.943D-01
 -2.951D-04  7.383D-01
 -3.146D-04  6.886D-01
 -3.185D-04  7.391D-01
 -3.404D-04  6.821D-01
 -3.428D-04  7.399D-01
 -3.676D-04  6.748D-01
 -3.679D-04  7.406D-01
 -3.962D-04  6.666D-01
 -3.939D-04  7.412D-01
 -4.265D-04  6.574D-01
 -4.209D-04  7.418D-01
 -4.586D-04  6.469D-01
 -4.489D-04  7.422D-01
 -4.928D-04  6.351D-01
 -4.780D-04  7.424D-01
 -5.295D-04  6.217D-01
 -5.081D-04  7.426D-01
 -5.689D-04  6.063D-01
 -5.393D-04  7.426D-01
 -6.118D-04  5.887D-01
 -5.717D-04  7.425D-01
 -6.589D-04  5.683D-01
 -6.053D-04  7.423D-01
 -7.112D-04  5.444D-01
 -6.401D-04  7.420D-01
 -7.704D-04  5.161D-01
 -6.761D-04  7.415D-01
 -8.391D-04  4.819D-01
 -7.134D-04  7.409D-01
 -9.216D-04  4.396D-01
 -7.520D-04  7.402D-01
 -1.026D-03  3.855D-01
 -7.918D-04  7.395D-01
 -1.170D-03  3.127D-01
 -8.330D-04  7.387D-01
 -1.401D-03  2.061D-01
 -8.753D-04  7.379D-01
 -1.916D-03  2.129D-02
 -9.187D-04  7.374D-01
