 -1.813D-03  7.906D-01
 -2.294D-03  7.808D-01
 -1.772D-03  7.822D-01
 -3.735D-04  7.947D-01
 -3.768D-03  7.690D-01
 -1.672D-03  7.719D-01
 -6.068D-04  7.683D-01
 -5.370D-04  7.697D-01
 -4.919D-03  7.565D-01
 -1.557D-03  7.584D-01
 -1.411D-04  7.971D-01
 -1.145D-03  7.439D-01
 -6.399D-04  7.487D-01
 -5.807D-03  7.417D-01
 -1.446D-03  7.416D-01
 -2.538D-04  7.468D-01
 -2.338D-04  7.482D-01
 -1.640D-03  7.227D-01
 -6.966D-04  7.262D-01
 -6.492D-03  7.246D-01
 -1.343D-03  7.212D-01
 -6.954D-05  7.987D-01
 -5.119D-04  7.060D-01
 -3.102D-04  7.139D-01
 -2.070D-03  7.002D-01
 -7.223D-04  7.009D-01
 -7.017D-03  7.050D-01
 -1.248D-03  6.969D-01
 -1.310D-04  7.171D-01
 -1.227D-04  7.186D-01
 -7.704D-04  6.746D-01
 -3.662D-04  6.809D-01
 -2.433D-03  6.755D-01
 -7.275D-04  6.720D-01
 -7.415D-03  6.830D-01
 -1.160D-03  6.686D-01
 -3.986D-05  7.998D-01
 -2.734D-04  6.552D-01
 -1.724D-04  6.677D-01
 -1.009D-03  6.433D-01
 -4.043D-04  6.459D-01
 -2.735D-03  6.484D-01
 -7.192D-04  6.392D-01
 -7.710D-03  6.586D-01
 -1.079D-03  6.359D-01
 -7.625D-05  6.799D-01
 -7.208D-05  6.814D-01
 -4.238D-04  6.117D-01
 -2.134D-04  6.222D-01
 -1.221D-03  6.103D-01
 -4.279D-04  6.075D-01
 -2.981D-03  6.189D-01
 -7.018D-04  6.020D-01
 -7.918D-03  6.321D-01
 -1.004D-03  5.985D-01
 -2.519D-05  8.004D-01
 -1.619D-04  5.912D-01
 -1.045D-04  6.100D-01
 -5.680D-04  5.703D-01
 -2.450D-04  5.759D-01
 -1.404D-03  5.749D-01
 -4.402D-04  5.649D-01
 -3.178D-03  5.870D-01
 -6.785D-04  5.599D-01
 -8.054D-03  6.034D-01
 -9.338D-04  5.559D-01
 -4.801D-05  6.355D-01
 -4.562D-05  6.371D-01
 -2.553D-04  5.327D-01
 -1.332D-04  5.492D-01
 -6.999D-04  5.275D-01
 -2.676D-04  5.262D-01
 -1.559D-03  5.370D-01
 -4.436D-04  5.172D-01
 -3.332D-03  5.527D-01
 -6.511D-04  5.123D-01
 -8.129D-03  5.727D-01
 -8.681D-04  5.076D-01
 -1.704D-05  8.007D-01
 -1.023D-04  5.126D-01
 -6.722D-05  5.402D-01
 -3.473D-04  4.789D-01
 -1.567D-04  4.890D-01
 -8.168D-04  4.824D-01
 -2.826D-04  4.718D-01
 -1.688D-03  4.964D-01
 -4.402D-04  4.638D-01
 -3.447D-03  5.160D-01
 -6.211D-04  4.586D-01
 -8.152D-03  5.400D-01
 -8.065D-04  4.528D-01
 -3.192D-05  5.843D-01
 -3.044D-05  5.860D-01
 -1.631D-04  4.351D-01
 -8.713D-05  4.601D-01
 -4.331D-04  4.243D-01
 -1.748D-04  4.254D-01
 -9.177D-04  4.343D-01
 -2.910D-04  4.113D-01
 -1.791D-03  4.529D-01
 -4.316D-04  4.037D-01
 -3.528D-03  4.769D-01
 -5.894D-04  3.979D-01
 -8.130D-03  5.054D-01
 -7.482D-04  3.905D-01
 -1.213D-05  8.007D-01
 -6.765D-05  4.174D-01
 -4.507D-05  4.571D-01
 -2.238D-04  3.654D-01
 -1.041D-04  3.822D-01
 -5.101D-04  3.669D-01
 -1.878D-04  3.561D-01
 -1.003D-03  3.830D-01
 -2.940D-04  3.436D-01
 -1.872D-03  4.066D-01
 -4.191D-04  3.358D-01
 -3.580D-03  4.354D-01
 -5.567D-04  3.290D-01
 -8.069D-03  4.691D-01
 -6.932D-04  3.195D-01
 -2.208D-05  5.266D-01
 -2.110D-05  5.284D-01
 -1.082D-04  3.145D-01
 -5.894D-05  3.519D-01
 -2.811D-04  2.952D-01
 -1.177D-04  3.005D-01
 -5.773D-04  3.058D-01
 -1.962D-04  2.789D-01
 -1.072D-03  3.281D-01
 -2.925D-04  2.671D-01
 -1.932D-03  3.573D-01
 -4.034D-04  2.587D-01
 -3.605D-03  3.916D-01
 -5.235D-04  2.504D-01
 -7.975D-03  4.311D-01
 -6.409D-04  2.383D-01
 -8.970D-06  8.004D-01
 -4.614D-05  3.024D-01
 -3.114D-05  3.587D-01
 -1.493D-04  2.233D-01
 -7.106D-05  2.505D-01
 -3.329D-04  2.215D-01
 -1.279D-04  2.111D-01
 -6.343D-04  2.403D-01
 -2.006D-04  1.919D-01
 -1.127D-03  2.693D-01
 -2.874D-04  1.800D-01
 -1.974D-03  3.048D-01
 -3.855D-04  1.705D-01
 -3.607D-03  3.455D-01
 -4.903D-04  1.601D-01
 -7.853D-03  3.915D-01
 -5.913D-04  1.446D-01
 -1.574D-05  4.626D-01
 -1.506D-05  4.645D-01
 -7.376D-05  1.640D-01
 -4.082D-05  2.199D-01
 -1.882D-04  1.315D-01
 -8.097D-05  1.437D-01
 -3.783D-04  1.425D-01
 -1.348D-04  1.107D-01
 -6.813D-04  1.697D-01
 -2.015D-04  9.251D-02
 -1.169D-03  2.063D-01
 -2.793D-04  7.981D-02
 -1.998D-03  2.491D-01
 -3.659D-04  6.849D-02
 -3.588D-03  2.969D-01
 -4.572D-04  5.541D-02
 -7.707D-03  3.503D-01
 -5.441D-04  3.533D-02
 -6.843D-06  7.999D-01
 -3.217D-05  1.618D-01
 -2.199D-05  2.422D-01
 -1.018D-04  4.174D-02
 -4.940D-05  8.519D-02
 -2.234D-04  3.417D-02
 -8.854D-05  2.548D-02
 -4.169D-04  5.670D-02
 -1.388D-04 -4.205D-03
 -7.185D-04  9.335D-02
 -1.994D-04 -2.266D-02
 -1.198D-03  1.386D-01
 -2.689D-04 -3.694D-02
 -2.008D-03  1.898D-01
 -3.452D-04 -5.078D-02
 -3.552D-03  2.459D-01
 -4.246D-04 -6.757D-02
 -7.541D-03  3.076D-01
 -4.992D-04 -9.369D-02
 -1.147D-05  3.921D-01
 -1.100D-05  3.941D-01
 -5.115D-05 -2.857D-02
 -2.874D-05  5.594D-02
 -1.285D-04 -8.269D-02
 -5.648D-05 -5.865D-02
 -2.543D-04 -7.188D-02
 -9.382D-05 -1.098D-01
 -4.485D-04 -3.717D-02
 -1.402D-04 -1.385D-01
 -7.466D-04  1.030D-02
 -1.949D-04 -1.583D-01
 -1.216D-03  6.580D-02
 -2.567D-04 -1.751D-01
 -2.004D-03  1.268D-01
 -3.236D-04 -1.925D-01
 -3.501D-03  1.923D-01
 -3.926D-04 -2.144D-01
 -7.357D-03  2.634D-01
 -4.566D-04 -2.488D-01
 -5.352D-06  7.992D-01
 -2.276D-05 -1.346D-02
 -1.578D-05  1.023D-01
 -7.044D-05 -1.995D-01
 -3.475D-05 -1.286D-01
 -1.526D-04 -2.174D-01
 -6.192D-05 -2.217D-01
 -2.803D-04 -1.894D-01
 -9.695D-05 -2.691D-01
 -4.733D-04 -1.408D-01
 -1.393D-04 -2.988D-01
 -7.660D-04 -8.045D-02
 -1.884D-04 -3.213D-01
 -1.224D-03 -1.277D-02
 -2.431D-04 -3.419D-01
 -1.988D-03  5.974D-02
 -3.017D-04 -3.644D-01
 -3.437D-03  1.361D-01
 -3.614D-04 -3.935D-01
 -7.160D-03  2.178D-01
 -4.161D-04 -4.396D-01
 -8.519D-06  3.148D-01
 -8.171D-06  3.170D-01
 -3.584D-05 -2.857D-01
 -2.045D-05 -1.538D-01
 -8.870D-05 -3.781D-01
 -3.971D-05 -3.319D-01
 -1.735D-04 -3.685D-01
 -6.571D-05 -4.150D-01
 -3.014D-04 -3.217D-01
 -9.814D-05 -4.625D-01
 -4.917D-04 -2.563D-01
 -1.365D-04 -4.952D-01
 -7.777D-04 -1.802D-01
 -1.803D-04 -5.223D-01
 -1.223D-03 -9.791D-02
 -2.285D-04 -5.486D-01
 -1.963D-03 -1.185D-02
 -2.796D-04 -5.787D-01
 -3.361D-03  7.705D-02
 -3.312D-04 -6.185D-01
 -6.952D-03  1.707D-01
 -3.779D-04 -6.819D-01
 -4.274D-06  7.982D-01
 -1.626D-05 -2.396D-01
 -1.145D-05 -6.887D-02
 -4.910D-05 -5.409D-01
 -2.461D-05 -4.194D-01
 -1.051D-04 -5.794D-01
 -4.351D-05 -5.730D-01
 -1.910D-04 -5.424D-01
 -6.796D-05 -6.543D-01
 -3.177D-04 -4.728D-01
 -9.766D-05 -7.057D-01
 -5.040D-04 -3.863D-01
 -1.322D-04 -7.445D-01
 -7.822D-04 -2.907D-01
 -1.711D-04 -7.789D-01
 -1.213D-03 -1.906D-01
 -2.134D-04 -8.144D-01
 -1.928D-03 -8.847D-02
 -2.579D-04 -8.563D-01
 -3.276D-03  1.498D-02
 -3.019D-04 -8.954D-01
 -6.735D-03  1.221D-01
 -3.401D-04 -9.361D-01
 -6.416D-06  2.302D-01
 -6.158D-06  2.326D-01
 -2.525D-05 -6.535D-01
 -1.464D-05 -4.352D-01
 -6.161D-05 -8.234D-01
 -2.803D-05 -7.302D-01
 -1.193D-04 -8.178D-01
 -4.616D-05 -8.782D-01
 -2.049D-04 -7.480D-01
 -6.880D-05 -9.584D-01
 -3.295D-04 -6.486D-01
 -9.552D-05 -9.895D-01
 -5.109D-04 -5.346D-01
 -1.261D-04 -1.013D+00
 -7.803D-04 -4.143D-01
 -1.599D-04 -1.035D+00
 -1.197D-03 -2.922D-01
 -1.962D-04 -1.056D+00
 -1.885D-03 -1.708D-01
 -2.338D-04 -1.082D+00
 -3.183D-03 -5.039D-02
 -2.705D-04 -1.118D+00
 -6.511D-03  7.211D-02
 -3.019D-04 -1.177D+00
 -3.474D-06  7.971D-01
 -1.168D-05 -5.475D-01
 -8.362D-06 -2.853D-01
 -3.424D-05 -1.036D+00
 -1.748D-05 -8.492D-01
 -7.232D-05 -1.084D+00
 -3.048D-05 -1.062D+00
 -1.304D-04 -1.053D+00
 -4.717D-05 -1.146D+00
 -2.154D-04 -9.885D-01
 -6.747D-05 -1.197D+00
 -3.370D-04 -8.575D-01
 -9.111D-05 -1.234D+00
 -5.127D-04 -7.064D-01
 -1.178D-04 -1.264D+00
 -7.728D-04 -5.538D-01
 -1.469D-04 -1.290D+00
 -1.174D-03 -4.043D-01
 -1.778D-04 -1.307D+00
 -1.836D-03 -2.596D-01
 -2.093D-04 -1.327D+00
 -3.084D-03 -1.194D-01
 -2.397D-04 -1.355D+00
 -6.282D-03  2.053D-02
 -2.647D-04 -1.403D+00
 -4.887D-06  1.373D-01
 -4.694D-06  1.399D-01
 -1.768D-05 -1.135D+00
 -1.051D-05 -8.430D-01
 -4.202D-05 -1.323D+00
 -1.954D-05 -1.210D+00
 -8.062D-05 -1.327D+00
 -3.165D-05 -1.358D+00
 -1.378D-04 -1.264D+00
 -4.676D-05 -1.417D+00
 -2.205D-04 -1.169D+00
 -6.472D-05 -1.456D+00
 -3.393D-04 -1.059D+00
 -8.529D-05 -1.484D+00
 -5.103D-04 -9.094D-01
 -1.081D-04 -1.508D+00
 -7.604D-04 -7.137D-01
 -1.329D-04 -1.530D+00
 -1.146D-03 -5.291D-01
 -1.588D-04 -1.555D+00
 -1.782D-03 -3.559D-01
 -1.849D-04 -1.585D+00
 -2.980D-03 -1.923D-01
 -2.096D-04 -1.623D+00
 -6.051D-03 -3.267D-02
 -2.296D-04 -1.679D+00
 -2.865D-06  7.957D-01
 -8.411D-06 -1.005D+00
 -6.134D-06 -5.722D-01
 -2.318D-05 -1.505D+00
 -1.219D-05 -1.316D+00
 -4.825D-05 -1.577D+00
 -2.071D-05 -1.532D+00
 -8.641D-05 -1.547D+00
 -3.171D-05 -1.643D+00
 -1.420D-04 -1.473D+00
 -4.510D-05 -1.711D+00
 -2.218D-04 -1.378D+00
 -6.076D-05 -1.751D+00
 -3.360D-04 -1.239D+00
 -7.846D-05 -1.781D+00
 -5.014D-04 -1.089D+00
 -9.791D-05 -1.807D+00
 -7.440D-04 -8.999D-01
 -1.187D-04 -1.833D+00
 -1.113D-03 -6.695D-01
 -1.403D-04 -1.862D+00
 -1.723D-03 -4.611D-01
 -1.619D-04 -1.899D+00
 -2.871D-03 -2.698D-01
 -1.819D-04 -1.953D+00
 -5.818D-03 -8.758D-02
 -1.973D-04 -2.047D+00
 -3.757D-06  3.449D-02
 -3.610D-06  3.743D-02
 -1.202D-05 -1.608D+00
 -7.431D-06 -1.290D+00
 -2.780D-05 -1.858D+00
 -1.321D-05 -1.705D+00
 -5.286D-05 -1.874D+00
 -2.109D-05 -1.894D+00
 -8.987D-05 -1.809D+00
 -3.096D-05 -2.003D+00
 -1.431D-04 -1.702D+00
 -4.271D-05 -2.076D+00
 -2.194D-04 -1.568D+00
 -5.619D-05 -2.129D+00
 -3.287D-04 -1.429D+00
 -7.123D-05 -2.174D+00
 -4.869D-04 -1.261D+00
 -8.758D-05 -2.215D+00
 -7.214D-04 -1.077D+00
 -1.051D-04 -2.258D+00
 -1.077D-03 -8.297D-01
 -1.218D-04 -2.190D+00
 -1.660D-03 -5.768D-01
 -1.368D-04 -2.032D+00
 -2.760D-03 -3.524D-01
 -1.492D-04 -1.855D+00
 -5.585D-03 -1.443D-01
 -1.558D-04 -1.636D+00
 -2.394D-06  7.942D-01
 -5.907D-06 -1.423D+00
 -4.510D-06 -9.824D-01
 -1.532D-05 -2.136D+00
 -8.262D-06 -1.811D+00
 -3.145D-05 -2.297D+00
 -1.373D-05 -2.179D+00
 -5.592D-05 -2.253D+00
 -2.069D-05 -2.288D+00
 -9.141D-05 -2.125D+00
 -2.846D-05 -2.058D+00
 -1.420D-04 -1.965D+00
 -3.754D-05 -1.925D+00
 -2.140D-04 -1.798D+00
 -4.776D-05 -1.830D+00
 -3.176D-04 -1.616D+00
 -5.890D-05 -1.751D+00
 -4.686D-04 -1.438D+00
 -7.070D-05 -1.678D+00
 -6.924D-04 -1.232D+00
 -8.280D-05 -1.605D+00
 -1.038D-03 -1.016D+00
 -9.469D-05 -1.527D+00
 -1.595D-03 -7.053D-01
 -1.058D-04 -1.443D+00
 -2.648D-03 -4.408D-01
 -1.151D-04 -1.349D+00
 -5.354D-03 -2.031D-01
 -1.191D-04 -1.023D+00
 -2.909D-06 -8.027D-02
 -2.797D-06 -7.696D-02
 -8.004D-06 -2.286D+00
 -5.115D-06 -1.758D+00
 -1.666D-05 -1.819D+00
 -8.608D-06 -2.232D+00
 -3.107D-05 -1.768D+00
 -1.258D-05 -1.749D+00
 -5.355D-05 -1.874D+00
 -1.770D-05 -1.578D+00
 -8.800D-05 -2.110D+00
 -2.387D-05 -1.493D+00
 -1.388D-04 -2.316D+00
 -3.096D-05 -1.439D+00
 -2.067D-04 -2.063D+00
 -3.871D-05 -1.298D+00
 -3.040D-04 -1.835D+00
 -4.703D-05 -1.153D+00
 -4.466D-04 -1.613D+00
 -5.572D-05 -1.014D+00
 -6.602D-04 -1.405D+00
 -6.449D-05 -8.710D-01
 -9.902D-04 -1.154D+00
 -7.293D-05 -7.150D-01
 -1.528D-03 -8.495D-01
 -8.044D-05 -5.348D-01
 -2.534D-03 -5.360D-01
 -8.598D-05 -3.128D-01
 -5.124D-03 -2.640D-01
 -8.814D-05 -2.726D-02
 -2.022D-06  7.925D-01
 -4.059D-06 -1.906D+00
 -3.252D-06 -1.376D+00
 -8.557D-06 -1.523D+00
 -5.251D-06 -2.036D+00
 -1.660D-05 -1.169D+00
 -7.637D-06 -1.485D+00
 -2.951D-05 -1.235D+00
 -1.085D-05 -9.417D-01
 -4.938D-05 -1.497D+00
 -1.478D-05 -6.542D-01
 -7.913D-05 -1.636D+00
 -1.936D-05 -4.762D-01
 -1.249D-04 -1.897D+00
 -2.450D-05 -3.454D-01
 -1.970D-04 -2.371D+00
 -3.017D-05 -2.411D-01
 -2.887D-04 -2.092D+00
 -3.622D-05 -1.457D-01
 -4.224D-04 -1.816D+00
 -4.245D-05 -5.029D-02
 -6.245D-04 -1.557D+00
 -4.867D-05  5.130D-02
 -9.395D-04 -1.304D+00
 -5.494D-05  2.251D-01
 -1.460D-03 -1.014D+00
 -6.069D-05  4.477D-01
 -2.420D-03 -6.391D-01
 -6.505D-05  7.254D-01
 -4.897D-03 -3.273D-01
 -6.643D-05  1.113D+00
 -2.265D-06 -2.101D-01
 -2.179D-06 -2.064D-01
 -4.405D-06 -1.382D+00
 -3.428D-06 -2.316D+00
 -8.488D-06 -3.021D-01
 -4.583D-06 -9.301D-01
 -1.559D-05 -1.964D-01
 -6.467D-06 -2.302D-01
 -2.671D-05 -3.225D-01
 -8.977D-06  9.257D-02
 -4.390D-05 -6.053D-01
 -1.210D-05  3.771D-01
 -7.025D-05 -1.045D+00
 -1.567D-05  5.691D-01
 -1.103D-04 -1.547D+00
 -1.962D-05  7.192D-01
 -1.718D-04 -1.830D+00
 -2.389D-05  8.508D-01
 -2.716D-04 -2.391D+00
 -2.838D-05  9.772D-01
 -3.972D-04 -2.046D+00
 -3.300D-05  1.105D+00
 -5.866D-04 -1.739D+00
 -3.765D-05  1.237D+00
 -8.865D-04 -1.457D+00
 -4.205D-05  1.389D+00
 -1.385D-03 -1.149D+00
 -4.582D-05  1.571D+00
 -2.306D-03 -7.517D-01
 -4.924D-05  1.820D+00
 -4.675D-03 -3.932D-01
 -5.168D-05  2.195D+00
 -1.726D-06  7.906D-01
 -2.592D-06 -1.993D+00
 -2.297D-06 -1.793D+00
 -4.364D-06  3.391D-01
 -2.817D-06 -7.161D-01
 -8.334D-06  8.696D-01
 -3.916D-06  4.449D-01
 -1.466D-05  8.415D-01
 -5.522D-06  1.050D+00
 -2.429D-05  5.806D-01
 -7.524D-06  1.348D+00
 -3.853D-05  1.470D-01
 -9.844D-06  1.538D+00
 -6.052D-05 -2.831D-01
 -1.255D-05  1.685D+00
 -9.542D-05 -8.059D-01
 -1.571D-05  1.816D+00
 -1.501D-04 -1.533D+00
 -1.912D-05  1.936D+00
 -2.349D-04 -1.871D+00
 -2.273D-05  2.055D+00
 -3.713D-04 -2.347D+00
 -2.645D-05  2.181D+00
 -5.488D-04 -1.933D+00
 -3.017D-05  2.321D+00
 -8.314D-04 -1.601D+00
 -3.375D-05  2.482D+00
 -1.307D-03 -1.279D+00
 -3.707D-05  2.665D+00
 -2.194D-03 -8.757D-01
 -3.958D-05  2.905D+00
 -4.456D-03 -4.621D-01
 -4.158D-05  3.220D+00
 -1.772D-06 -3.597D-01
 -1.704D-06 -3.553D-01
 -2.284D-06  5.443D-01
 -1.897D-06 -1.158D+00
 -4.395D-06  1.756D+00
 -2.373D-06  1.004D+00
 -8.128D-06  1.940D+00
 -3.405D-06  1.817D+00
 -1.360D-05  1.801D+00
 -4.867D-06  2.246D+00
 -2.153D-05  1.499D+00
 -6.585D-06  2.496D+00
 -3.400D-05  1.099D+00
 -8.574D-06  2.659D+00
 -5.284D-05  5.392D-01
 -1.079D-05  2.787D+00
 -8.105D-05 -1.421D-01
 -1.320D-05  2.899D+00
 -1.281D-04 -7.555D-01
 -1.575D-05  3.006D+00
 -2.039D-04 -1.574D+00
 -1.858D-05  3.104D+00
 -3.266D-04 -2.036D+00
 -2.188D-05  3.189D+00
 -5.104D-04 -2.172D+00
 -2.531D-05  3.288D+00
 -7.753D-04 -1.770D+00
 -2.875D-05  3.407D+00
 -1.229D-03 -1.426D+00
 -3.204D-05  3.559D+00
 -2.083D-03 -1.013D+00
 -3.484D-05  3.767D+00
 -4.243D-03 -5.343D-01
 -3.632D-05  4.089D+00
 -1.485D-06  7.885D-01
 -1.432D-06 -7.422D-01
 -1.605D-06 -2.407D+00
 -2.388D-06  2.432D+00
 -1.484D-06  1.174D+00
 -4.569D-06  2.939D+00
 -2.161D-06  2.503D+00
 -7.955D-06  2.944D+00
 -3.089D-06  3.060D+00
 -1.300D-05  2.741D+00
 -4.501D-06  3.289D+00
 -2.021D-05  2.412D+00
 -6.119D-06  3.445D+00
 -3.049D-05  1.941D+00
 -7.949D-06  3.564D+00
 -4.539D-05  1.378D+00
 -9.979D-06  3.664D+00
 -7.019D-05  7.139D-01
 -1.219D-05  3.757D+00
 -1.080D-04 -1.365D-01
 -1.455D-05  3.849D+00
 -1.737D-04 -8.845D-01
 -1.702D-05  3.945D+00
 -2.817D-04 -1.690D+00
 -1.953D-05  4.054D+00
 -4.720D-04 -2.426D+00
 -2.200D-05  4.180D+00
 -7.211D-04 -1.945D+00
 -2.550D-05  4.231D+00
 -1.150D-03 -1.547D+00
 -2.919D-05  4.303D+00
 -1.971D-03 -1.147D+00
 -3.278D-05  4.419D+00
 -4.035D-03 -6.104D-01
 -3.572D-05  4.627D+00
 -1.390D-06 -5.359D-01
 -1.337D-06 -5.307D-01
 -1.278D-06  2.544D+00
 -1.020D-06  6.324D-01
 -2.787D-06  3.612D+00
 -1.344D-06  2.963D+00
 -5.136D-06  3.791D+00
 -2.175D-06  3.635D+00
 -8.521D-06  3.701D+00
 -3.126D-06  4.009D+00
 -1.316D-05  3.481D+00
 -4.344D-06  4.190D+00
 -1.911D-05  3.186D+00
 -5.943D-06  4.247D+00
 -2.760D-05  2.776D+00
 -7.750D-06  4.299D+00
 -4.096D-05  2.203D+00
 -9.765D-06  4.349D+00
 -5.948D-05  1.488D+00
 -1.198D-05  4.400D+00
 -9.299D-05  6.957D-01
 -1.438D-05  4.454D+00
 -1.462D-04 -2.674D-01
 -1.693D-05  4.515D+00
 -2.422D-04 -1.233D+00
 -1.961D-05  4.586D+00
 -4.057D-04 -1.958D+00
 -2.234D-05  4.673D+00
 -6.673D-04 -2.160D+00
 -2.501D-05  4.785D+00
 -1.071D-03 -1.684D+00
 -2.869D-05  4.819D+00
 -1.855D-03 -1.253D+00
 -3.389D-05  4.772D+00
 -3.833D-03 -6.907D-01
 -3.947D-05  4.773D+00
 -1.289D-06  7.862D-01
 -7.790D-07  1.040D+00
 -9.448D-07 -1.570D+00
 -1.547D-06  4.151D+00
 -8.682D-07  3.065D+00
 -3.430D-06  4.367D+00
 -1.432D-06  4.167D+00
 -5.973D-06  4.383D+00
 -2.388D-06  4.414D+00
 -9.261D-06  4.296D+00
 -3.469D-06  4.606D+00
 -1.314D-05  4.176D+00
 -4.703D-06  4.749D+00
 -1.882D-05  3.874D+00
 -6.168D-06  4.830D+00
 -2.687D-05  3.438D+00
 -8.131D-06  4.793D+00
 -3.610D-05  2.981D+00
 -1.035D-05  4.770D+00
 -5.367D-05  2.291D+00
 -1.284D-05  4.754D+00
 -7.847D-05  1.437D+00
 -1.559D-05  4.745D+00
 -1.250D-04  4.746D-01
 -1.863D-05  4.742D+00
 -2.037D-04 -5.681D-01
 -2.194D-05  4.746D+00
 -3.502D-04 -1.672D+00
 -2.550D-05  4.759D+00
 -6.170D-04 -2.430D+00
 -2.927D-05  4.786D+00
 -9.937D-04 -1.836D+00
 -3.313D-05  4.838D+00
 -1.741D-03 -1.371D+00
 -4.033D-05  4.666D+00
 -3.637D-03 -7.760D-01
 -5.192D-05  4.330D+00
 -1.093D-06 -7.496D-01
 -1.052D-06 -7.431D-01
 -8.608D-07  4.155D+00
 -5.905D-07  2.502D+00
 -2.227D-06  4.791D+00
 -1.023D-06  4.326D+00
 -4.477D-06  4.740D+00
 -1.747D-06  4.792D+00
 -7.188D-06  4.748D+00
 -2.952D-06  4.729D+00
 -1.009D-05  4.804D+00
 -4.345D-06  4.744D+00
 -1.449D-05  4.592D+00
 -5.948D-06  4.773D+00
 -1.989D-05  4.333D+00
 -7.765D-06  4.804D+00
 -2.527D-05  4.121D+00
 -9.794D-06  4.837D+00
 -3.565D-05  3.577D+00
 -1.238D-05  4.786D+00
 -4.759D-05  3.009D+00
 -1.566D-05  4.674D+00
 -7.024D-05  2.203D+00
 -1.944D-05  4.569D+00
 -1.058D-04  1.210D+00
 -2.379D-05  4.465D+00
 -1.722D-04  4.635D-03
 -2.881D-05  4.360D+00
 -2.993D-04 -1.155D+00
 -3.462D-05  4.249D+00
 -5.375D-04 -2.107D+00
 -4.142D-05  4.131D+00
 -9.200D-04 -1.997D+00
 -4.947D-05  4.000D+00
 -1.629D-03 -1.491D+00
 -5.926D-05  3.850D+00
 -3.447D-03 -8.670D-01
 -7.180D-05  3.666D+00
 -1.126D-06  7.838D-01
 -4.610D-07  2.845D+00
 -5.286D-07 -3.219D-02
 -1.542D-06  4.718D+00
 -6.737D-07  4.358D+00
 -3.499D-06  4.798D+00
 -1.427D-06  4.721D+00
 -6.292D-06  4.722D+00
 -2.514D-06  4.735D+00
 -9.251D-06  4.817D+00
 -4.336D-06  4.398D+00
 -1.316D-05  4.741D+00
 -6.520D-06  4.224D+00
 -1.730D-05  4.701D+00
 -9.092D-06  4.113D+00
 -2.076D-05  4.761D+00
 -1.208D-05  4.032D+00
 -2.725D-05  4.464D+00
 -1.550D-05  3.966D+00
 -3.430D-05  4.147D+00
 -1.940D-05  3.908D+00
 -4.614D-05  3.588D+00
 -2.381D-05  3.852D+00
 -6.111D-05  2.915D+00
 -2.879D-05  3.798D+00
 -9.279D-05  1.925D+00
 -3.439D-05  3.741D+00
 -1.468D-04  7.749D-01
 -4.070D-05  3.682D+00
 -2.521D-04 -5.512D-01
 -4.783D-05  3.617D+00
 -4.636D-04 -1.793D+00
 -5.596D-05  3.546D+00
 -8.481D-04 -2.191D+00
 -6.532D-05  3.464D+00
 -1.518D-03 -1.596D+00
 -7.633D-05  3.367D+00
 -3.264D-03 -9.646D-01
 -8.992D-05  3.245D+00
 -8.607D-07 -1.019D+00
 -8.285D-07 -1.011D+00
 -8.539D-07  4.703D+00
 -3.966D-07  4.070D+00
 -3.282D-06  4.059D+00
 -1.026D-06  4.790D+00
 -6.796D-06  3.886D+00
 -2.555D-06  4.077D+00
 -1.090D-05  3.913D+00
 -4.542D-06  3.801D+00
 -1.516D-05  4.041D+00
 -6.960D-06  3.666D+00
 -1.894D-05  4.269D+00
 -9.827D-06  3.583D+00
 -2.128D-05  4.647D+00
 -1.316D-05  3.525D+00
 -2.536D-05  4.712D+00
 -1.698D-05  3.480D+00
 -2.982D-05  4.686D+00
 -2.131D-05  3.440D+00
 -3.552D-05  4.524D+00
 -2.617D-05  3.404D+00
 -4.415D-05  4.126D+00
 -3.161D-05  3.369D+00
 -5.922D-05  3.462D+00
 -3.767D-05  3.333D+00
 -8.141D-05  2.623D+00
 -4.440D-05  3.295D+00
 -1.234D-04  1.429D+00
 -5.189D-05  3.255D+00
 -2.134D-04  4.566D-03
 -6.022D-05  3.210D+00
 -4.005D-04 -1.494D+00
 -6.954D-05  3.160D+00
 -7.821D-04 -2.429D+00
 -8.009D-05  3.102D+00
 -1.411D-03 -1.713D+00
 -9.224D-05  3.033D+00
 -3.087D-03 -1.070D+00
 -1.068D-04  2.943D+00
 -9.894D-07  7.812D-01
 -3.446D-07  4.181D+00
 -3.104D-07  1.739D+00
 -2.408D-06  3.721D+00
 -6.772D-07  4.791D+00
 -6.069D-06  3.431D+00
 -2.235D-06  3.707D+00
 -1.076D-05  3.395D+00
 -4.266D-06  3.424D+00
 -1.618D-05  3.442D+00
 -6.783D-06  3.297D+00
 -2.191D-05  3.544D+00
 -9.799D-06  3.225D+00
 -2.738D-05  3.704D+00
 -1.333D-05  3.177D+00
 -3.178D-05  3.943D+00
 -1.738D-05  3.141D+00
 -3.390D-05  4.313D+00
 -2.198D-05  3.111D+00
 -3.417D-05  4.741D+00
 -2.715D-05  3.085D+00
 -3.945D-05  4.653D+00
 -3.291D-05  3.059D+00
 -4.517D-05  4.490D+00
 -3.929D-05  3.034D+00
 -5.455D-05  4.051D+00
 -4.633D-05  3.008D+00
 -7.559D-05  3.197D+00
 -5.409D-05  2.980D+00
 -1.104D-04  2.134D+00
 -6.262D-05  2.950D+00
 -1.820D-04  7.279D-01
 -7.202D-05  2.916D+00
 -3.389D-04 -8.642D-01
 -8.243D-05  2.878D+00
 -6.898D-04 -2.229D+00
 -9.404D-05  2.834D+00
 -1.308D-03 -1.839D+00
 -1.072D-04  2.781D+00
 -2.918D-03 -1.185D+00
 -1.226D-04  2.712D+00
 -6.728D-07 -1.275D+00
 -6.480D-07 -1.269D+00
 -1.320D-06  3.722D+00
 -3.840D-07  4.665D+00
 -4.756D-06  3.149D+00
 -1.728D-06  3.509D+00
 -9.522D-06  3.061D+00
 -3.705D-06  3.165D+00
 -1.542D-05  3.066D+00
 -6.214D-06  3.032D+00
 -2.215D-05  3.116D+00
 -9.265D-06  2.962D+00
 -2.932D-05  3.201D+00
 -1.287D-05  2.918D+00
 -3.638D-05  3.324D+00
 -1.703D-05  2.887D+00
 -4.259D-05  3.500D+00
 -2.177D-05  2.862D+00
 -4.690D-05  3.752D+00
 -2.711D-05  2.841D+00
 -4.777D-05  4.141D+00
 -3.305D-05  2.821D+00
 -4.382D-05  4.742D+00
 -3.963D-05  2.802D+00
 -4.922D-05  4.630D+00
 -4.687D-05  2.783D+00
 -5.657D-05  4.357D+00
 -5.481D-05  2.762D+00
 -6.964D-05  3.772D+00
 -6.349D-05  2.741D+00
 -9.586D-05  2.779D+00
 -7.297D-05  2.717D+00
 -1.534D-04  1.347D+00
 -8.334D-05  2.690D+00
 -2.867D-04 -3.700D-01
 -9.470D-05  2.660D+00
 -5.964D-04 -1.911D+00
 -1.073D-04  2.625D+00
 -1.211D-03 -1.968D+00
 -1.213D-04  2.583D+00
 -2.745D-03 -1.266D+00
 -1.375D-04  2.527D+00
 -8.747D-07  7.785D-01
 -3.405D-07  4.664D+00
 -2.090D-07  3.267D+00
 -3.237D-06  2.992D+00
 -1.143D-06  3.489D+00
 -7.730D-06  2.829D+00
 -2.991D-06  2.988D+00
 -1.364D-05  2.804D+00
 -5.407D-06  2.832D+00
 -2.076D-05  2.824D+00
 -8.400D-06  2.759D+00
 -2.880D-05  2.871D+00
 -1.198D-05  2.716D+00
 -3.738D-05  2.943D+00
 -1.615D-05  2.687D+00
 -4.596D-05  3.044D+00
 -2.092D-05  2.665D+00
 -5.386D-05  3.181D+00
 -2.631D-05  2.647D+00
 -6.011D-05  3.372D+00
 -3.233D-05  2.631D+00
 -6.337D-05  3.648D+00
 -3.900D-05  2.616D+00
 -6.156D-05  4.080D+00
 -4.634D-05  2.600D+00
 -5.442D-05  4.696D+00
 -5.436D-05  2.585D+00
 -5.801D-05  4.631D+00
 -6.311D-05  2.568D+00
 -6.924D-05  4.146D+00
 -7.263D-05  2.551D+00
 -9.123D-05  3.287D+00
 -8.296D-05  2.531D+00
 -1.367D-04  2.012D+00
 -9.419D-05  2.509D+00
 -2.454D-04  2.554D-01
 -1.064D-04  2.485D+00
 -5.192D-04 -1.708D+00
 -1.198D-04  2.455D+00
 -1.117D-03 -2.117D+00
 -1.346D-04  2.420D+00
 -2.578D-03 -1.350D+00
 -1.515D-04  2.374D+00
 -5.209D-07 -1.519D+00
 -5.019D-07 -1.513D+00
 -1.767D-06  2.999D+00
 -5.576D-07  3.874D+00
 -5.738D-06  2.668D+00
 -2.219D-06  2.884D+00
 -1.133D-05  2.610D+00
 -4.474D-06  2.682D+00
 -1.841D-05  2.609D+00
 -7.334D-06  2.598D+00
 -2.675D-05  2.634D+00
 -1.081D-05  2.553D+00
 -3.608D-05  2.678D+00
 -1.490D-05  2.525D+00
 -4.602D-05  2.740D+00
 -1.962D-05  2.505D+00
 -5.607D-05  2.824D+00
 -2.497D-05  2.488D+00
 -6.556D-05  2.937D+00
 -3.098D-05  2.474D+00
 -7.361D-05  3.088D+00
 -3.764D-05  2.462D+00
 -7.897D-05  3.300D+00
 -4.497D-05  2.449D+00
 -7.985D-05  3.612D+00
 -5.300D-05  2.437D+00
 -7.335D-05  4.125D+00
 -6.175D-05  2.423D+00
 -6.555D-05  4.616D+00
 -7.124D-05  2.410D+00
 -6.768D-05  4.538D+00
 -8.151D-05  2.395D+00
 -8.241D-05  3.859D+00
 -9.260D-05  2.378D+00
 -1.192D-04  2.626D+00
 -1.046D-04  2.360D+00
 -2.092D-04  8.867D-01
 -1.176D-04  2.339D+00
 -4.439D-04 -1.167D+00
 -1.317D-04  2.314D+00
 -1.028D-03 -2.292D+00
 -1.472D-04  2.284D+00
 -2.417D-03 -1.440D+00
 -1.647D-04  2.245D+00
 -7.773D-07  7.755D-01
 -5.167D-07  3.699D+00
 -1.665D-07  4.346D+00
 -3.793D-06  2.573D+00
 -1.459D-06  2.877D+00
 -8.834D-06  2.463D+00
 -3.500D-06  2.572D+00
 -1.555D-05  2.443D+00
 -6.169D-06  2.470D+00
 -2.379D-05  2.453D+00
 -9.474D-06  2.420D+00
 -3.334D-05  2.479D+00
 -1.342D-05  2.390D+00
 -4.393D-05  2.519D+00
 -1.801D-05  2.370D+00
 -5.519D-05  2.574D+00
 -2.325D-05  2.355D+00
 -6.665D-05  2.646D+00
 -2.916D-05  2.343D+00
 -7.766D-05  2.740D+00
 -3.574D-05  2.331D+00
 -8.739D-05  2.865D+00
 -4.299D-05  2.321D+00
 -9.468D-05  3.035D+00
 -5.095D-05  2.310D+00
 -9.788D-05  3.276D+00
 -5.961D-05  2.300D+00
 -9.454D-05  3.646D+00
 -6.901D-05  2.288D+00
 -8.030D-05  4.307D+00
 -7.917D-05  2.276D+00
 -7.519D-05  4.552D+00
 -9.011D-05  2.263D+00
 -8.372D-05  4.152D+00
 -1.019D-04  2.249D+00
 -1.114D-04  3.127D+00
 -1.146D-04  2.233D+00
 -1.794D-04  1.475D+00
 -1.282D-04  2.215D+00
 -3.780D-04 -6.647D-01
 -1.429D-04  2.193D+00
 -9.479D-04 -2.502D+00
 -1.591D-04  2.168D+00
 -2.262D-03 -1.532D+00
 -1.770D-04  2.134D+00
 -3.992D-07 -1.756D+00
 -3.848D-07 -1.748D+00
 -2.069D-06  2.580D+00
 -7.635D-07  3.090D+00
 -6.385D-06  2.356D+00
 -2.550D-06  2.506D+00
 -1.252D-05  2.313D+00
 -4.982D-06  2.368D+00
 -2.035D-05  2.309D+00
 -8.067D-06  2.309D+00
 -2.974D-05  2.323D+00
 -1.181D-05  2.277D+00
 -4.048D-05  2.349D+00
 -1.621D-05  2.256D+00
 -5.229D-05  2.386D+00
 -2.128D-05  2.242D+00
 -6.483D-05  2.434D+00
 -2.703D-05  2.230D+00
 -7.763D-05  2.497D+00
 -3.345D-05  2.220D+00
 -9.009D-05  2.578D+00
 -4.056D-05  2.210D+00
 -1.014D-04  2.683D+00
 -4.838D-05  2.201D+00
 -1.105D-04  2.823D+00
 -5.690D-05  2.192D+00
 -1.158D-04  3.018D+00
 -6.615D-05  2.183D+00
 -1.151D-04  3.304D+00
 -7.614D-05  2.173D+00
 -1.049D-04  3.771D+00
 -8.689D-05  2.162D+00
 -8.022D-05  4.647D+00
 -9.844D-05  2.151D+00
 -8.034D-05  4.552D+00
 -1.108D-04  2.138D+00
 -1.018D-04  3.651D+00
 -1.241D-04  2.124D+00
 -1.594D-04  2.088D+00
 -1.383D-04  2.108D+00
 -3.216D-04 -2.141D-01
 -1.536D-04  2.089D+00
 -8.353D-04 -2.275D+00
 -1.702D-04  2.066D+00
 -2.113D-03 -1.607D+00
 -1.886D-04  2.037D+00
 -6.941D-07  7.724D-01
 -6.819D-07  3.002D+00
 -1.688D-07  4.671D+00
 -4.156D-06  2.290D+00
 -1.673D-06  2.503D+00
 -9.539D-06  2.210D+00
 -3.832D-06  2.291D+00
 -1.676D-05  2.193D+00
 -6.658D-06  2.217D+00
 -2.571D-05  2.197D+00
 -1.015D-05  2.180D+00
 -3.623D-05  2.213D+00
 -1.432D-05  2.158D+00
 -4.812D-05  2.238D+00
 -1.917D-05  2.143D+00
 -6.111D-05  2.271D+00
 -2.470D-05  2.132D+00
 -7.487D-05  2.314D+00
 -3.091D-05  2.123D+00
 -8.896D-05  2.369D+00
 -3.782D-05  2.114D+00
 -1.028D-04  2.440D+00
 -4.544D-05  2.106D+00
 -1.156D-04  2.530D+00
 -5.376D-05  2.098D+00
 -1.263D-04  2.649D+00
 -6.280D-05  2.090D+00
 -1.336D-04  2.811D+00
 -7.258D-05  2.082D+00
 -1.353D-04  3.041D+00
 -8.311D-05  2.073D+00
 -1.282D-04  3.398D+00
 -9.440D-05  2.063D+00
 -1.068D-04  4.045D+00
 -1.065D-04  2.053D+00
 -9.027D-05  4.504D+00
 -1.194D-04  2.041D+00
 -9.920D-05  4.007D+00
 -1.332D-04  2.028D+00
 -1.383D-04  2.661D+00
 -1.479D-04  2.014D+00
 -2.773D-04  4.243D-01
 -1.637D-04  1.997D+00
 -7.289D-04 -1.994D+00
 -1.807D-04  1.977D+00
 -1.969D-03 -1.688D+00
 -1.995D-04  1.951D+00
 -3.041D-07 -2.028D+00
 -2.932D-07 -2.020D+00
 -2.267D-06  2.297D+00
 -9.036D-07  2.644D+00
 -6.787D-06  2.132D+00
 -2.765D-06  2.244D+00
 -1.324D-05  2.098D+00
 -5.301D-06  2.142D+00
 -2.154D-05  2.094D+00
 -8.516D-06  2.098D+00
 -3.157D-05  2.101D+00
 -1.241D-05  2.073D+00
 -4.319D-05  2.117D+00
 -1.699D-05  2.058D+00
 -5.619D-05  2.141D+00
 -2.227D-05  2.046D+00
 -7.032D-05  2.171D+00
 -2.823D-05  2.037D+00
 -8.525D-05  2.210D+00
 -3.489D-05  2.029D+00
 -1.006D-04  2.259D+00
 -4.226D-05  2.022D+00
 -1.157D-04  2.320D+00
 -5.033D-05  2.015D+00
 -1.299D-04  2.399D+00
 -5.912D-05  2.008D+00
 -1.422D-04  2.501D+00
 -6.864D-05  2.000D+00
 -1.512D-04  2.639D+00
 -7.890D-05  1.993D+00
 -1.551D-04  2.830D+00
 -8.991D-05  1.984D+00
 -1.508D-04  3.116D+00
 -1.017D-04  1.976D+00
 -1.336D-04  3.597D+00
 -1.142D-04  1.966D+00
 -9.489D-05  4.610D+00
 -1.276D-04  1.955D+00
 -9.718D-05  4.337D+00
 -1.419D-04  1.944D+00
 -1.310D-04  3.111D+00
 -1.570D-04  1.930D+00
 -2.376D-04  9.719D-01
 -1.732D-04  1.915D+00
 -6.386D-04 -1.799D+00
 -1.906D-04  1.896D+00
 -1.832D-03 -1.775D+00
 -2.096D-04  1.873D+00
 -6.224D-07  7.692D-01
 -7.946D-07  2.589D+00
 -2.649D-07  3.544D+00
 -4.378D-06  2.083D+00
 -1.812D-06  2.243D+00
 -9.948D-06  2.021D+00
 -4.036D-06  2.085D+00
 -1.745D-05  2.006D+00
 -6.944D-06  2.028D+00
 -2.681D-05  2.008D+00
 -1.054D-05  1.999D+00
 -3.791D-05  2.017D+00
 -1.483D-05  1.982D+00
 -5.058D-05  2.033D+00
 -1.981D-05  1.970D+00
 -6.466D-05  2.055D+00
 -2.548D-05  1.961D+00
 -7.987D-05  2.083D+00
 -3.186D-05  1.954D+00
 -9.591D-05  2.118D+00
 -3.894D-05  1.947D+00
 -1.124D-04  2.161D+00
 -4.672D-05  1.940D+00
 -1.287D-04  2.216D+00
 -5.523D-05  1.934D+00
 -1.442D-04  2.285D+00
 -6.445D-05  1.927D+00
 -1.580D-04  2.374D+00
 -7.440D-05  1.920D+00
 -1.687D-04  2.492D+00
 -8.509D-05  1.913D+00
 -1.745D-04  2.655D+00
 -9.652D-05  1.906D+00
 -1.728D-04  2.891D+00
 -1.087D-04  1.897D+00
 -1.591D-04  3.269D+00
 -1.217D-04  1.888D+00
 -1.254D-04  4.001D+00
 -1.355D-04  1.879D+00
 -1.013D-04  4.467D+00
 -1.501D-04  1.868D+00
 -1.190D-04  3.610D+00
 -1.657D-04  1.855D+00
 -2.076D-04  1.525D+00
 -1.822D-04  1.841D+00
 -5.530D-04 -1.401D+00
 -1.999D-04  1.824D+00
 -1.703D-03 -1.863D+00
 -2.191D-04  1.803D+00
 -2.308D-07 -2.416D+00
 -2.225D-07 -2.403D+00
 -2.389D-06  2.089D+00
 -9.976D-07  2.346D+00
 -7.008D-06  1.961D+00
 -2.893D-06  2.049D+00
 -1.362D-05  1.933D+00
 -5.477D-06  1.970D+00
 -2.216D-05  1.928D+00
 -8.751D-06  1.935D+00
 -3.255D-05  1.933D+00
 -1.272D-05  1.915D+00
 -4.466D-05  1.943D+00
 -1.738D-05  1.903D+00
 -5.836D-05  1.958D+00
 -2.274D-05  1.893D+00
 -7.345D-05  1.978D+00
 -2.880D-05  1.886D+00
 -8.970D-05  2.004D+00
 -3.556D-05  1.879D+00
 -1.068D-04  2.035D+00
 -4.303D-05  1.873D+00
 -1.243D-04  2.075D+00
 -5.121D-05  1.867D+00
 -1.418D-04  2.123D+00
 -6.010D-05  1.861D+00
 -1.586D-04  2.185D+00
 -6.972D-05  1.855D+00
 -1.737D-04  2.263D+00
 -8.006D-05  1.849D+00
 -1.860D-04  2.366D+00
 -9.113D-05  1.842D+00
 -1.936D-04  2.506D+00
 -1.029D-04  1.835D+00
 -1.941D-04  2.706D+00
 -1.155D-04  1.827D+00
 -1.835D-04  3.015D+00
 -1.289D-04  1.819D+00
 -1.548D-04  3.567D+00
 -1.430D-04  1.809D+00
 -1.095D-04  4.479D+00
 -1.580D-04  1.799D+00
 -1.160D-04  3.934D+00
 -1.738D-04  1.787D+00
 -1.843D-04  2.076D+00
 -1.907D-04  1.774D+00
 -4.761D-04 -9.263D-01
 -2.086D-04  1.759D+00
 -1.581D-03 -1.951D+00
 -2.280D-04  1.739D+00
 -5.604D-07  7.658D-01
 -8.699D-07  2.307D+00
 -3.363D-07  2.931D+00
 -4.493D-06  1.923D+00
 -1.896D-06  2.048D+00
 -1.014D-05  1.872D+00
 -4.142D-06  1.924D+00
 -1.777D-05  1.860D+00
 -7.079D-06  1.879D+00
 -2.732D-05  1.859D+00
 -1.071D-05  1.856D+00
 -3.870D-05  1.865D+00
 -1.503D-05  1.842D+00
 -5.180D-05  1.876D+00
 -2.006D-05  1.832D+00
 -6.647D-05  1.890D+00
 -2.578D-05  1.825D+00
 -8.253D-05  1.909D+00
 -3.220D-05  1.818D+00
 -9.975D-05  1.932D+00
 -3.932D-05  1.812D+00
 -1.178D-04  1.961D+00
 -4.715D-05  1.807D+00
 -1.364D-04  1.996D+00
 -5.569D-05  1.801D+00
 -1.549D-04  2.040D+00
 -6.494D-05  1.796D+00
 -1.728D-04  2.095D+00
 -7.491D-05  1.790D+00
 -1.892D-04  2.165D+00
 -8.560D-05  1.784D+00
 -2.029D-04  2.255D+00
 -9.702D-05  1.777D+00
 -2.123D-04  2.377D+00
 -1.092D-04  1.770D+00
 -2.149D-04  2.549D+00
 -1.221D-04  1.763D+00
 -2.071D-04  2.808D+00
 -1.357D-04  1.755D+00
 -1.824D-04  3.247D+00
 -1.502D-04  1.746D+00
 -1.278D-04  4.227D+00
 -1.654D-04  1.736D+00
 -1.133D-04  4.240D+00
 -1.816D-04  1.725D+00
 -1.601D-04  2.607D+00
 -1.986D-04  1.713D+00
 -4.093D-04 -5.293D-01
 -2.167D-04  1.698D+00
 -1.464D-03 -2.048D+00
 -2.362D-04  1.680D+00
 -1.568D-07 -1.762D+00
 -1.516D-07 -1.773D+00
 -2.454D-06  1.928D+00
 -1.057D-06  2.127D+00
 -7.093D-06  1.824D+00
 -2.958D-06  1.896D+00
 -1.375D-05  1.801D+00
 -5.547D-06  1.832D+00
 -2.237D-05  1.796D+00
 -8.829D-06  1.803D+00
 -3.289D-05  1.798D+00
 -1.280D-05  1.787D+00
 -4.523D-05  1.805D+00
 -1.747D-05  1.777D+00
 -5.926D-05  1.815D+00
 -2.284D-05  1.769D+00
 -7.486D-05  1.829D+00
 -2.890D-05  1.763D+00
 -9.184D-05  1.846D+00
 -3.566D-05  1.757D+00
 -1.100D-04  1.867D+00
 -4.312D-05  1.752D+00
 -1.290D-04  1.894D+00
 -5.128D-05  1.746D+00
 -1.485D-04  1.926D+00
 -6.015D-05  1.741D+00
 -1.680D-04  1.965D+00
 -6.973D-05  1.736D+00
 -1.870D-04  2.014D+00
 -8.001D-05  1.730D+00
 -2.046D-04  2.077D+00
 -9.102D-05  1.725D+00
 -2.196D-04  2.157D+00
 -1.027D-04  1.718D+00
 -2.306D-04  2.265D+00
 -1.152D-04  1.712D+00
 -2.351D-04  2.414D+00
 -1.284D-04  1.704D+00
 -2.297D-04  2.635D+00
 -1.423D-04  1.697D+00
 -2.087D-04  2.996D+00
 -1.570D-04  1.688D+00
 -1.608D-04  3.724D+00
 -1.725D-04  1.679D+00
 -1.153D-04  4.406D+00
 -1.888D-04  1.668D+00
 -1.523D-04  3.014D+00
 -2.060D-04  1.656D+00
 -3.544D-04 -3.366D-02
 -2.243D-04  1.643D+00
 -1.353D-03 -2.156D+00
 -2.438D-04  1.626D+00
 -5.064D-07  7.622D-01
 -9.172D-07  2.097D+00
 -3.857D-07  2.548D+00
 -4.529D-06  1.793D+00
 -1.938D-06  1.895D+00
 -1.017D-05  1.751D+00
 -4.175D-06  1.795D+00
 -1.780D-05  1.740D+00
 -7.100D-06  1.757D+00
 -2.738D-05  1.739D+00
 -1.071D-05  1.738D+00
 -3.884D-05  1.742D+00
 -1.502D-05  1.727D+00
 -5.209D-05  1.750D+00
 -2.002D-05  1.718D+00
 -6.702D-05  1.759D+00
 -2.570D-05  1.712D+00
 -8.349D-05  1.772D+00
 -3.209D-05  1.706D+00
 -1.013D-04  1.788D+00
 -3.916D-05  1.701D+00
 -1.203D-04  1.808D+00
 -4.693D-05  1.696D+00
 -1.402D-04  1.832D+00
 -5.541D-05  1.691D+00
 -1.606D-04  1.861D+00
 -6.457D-05  1.686D+00
 -1.811D-04  1.897D+00
 -7.445D-05  1.681D+00
 -2.010D-04  1.941D+00
 -8.502D-05  1.676D+00
 -2.197D-04  1.997D+00
 -9.630D-05  1.670D+00
 -2.359D-04  2.069D+00
 -1.083D-04  1.664D+00
 -2.483D-04  2.164D+00
 -1.210D-04  1.657D+00
 -2.547D-04  2.296D+00
 -1.344D-04  1.650D+00
 -2.516D-04  2.487D+00
 -1.486D-04  1.643D+00
 -2.337D-04  2.792D+00
 -1.635D-04  1.634D+00
 -1.911D-04  3.366D+00
 -1.792D-04  1.625D+00
 -1.248D-04  4.390D+00
 -1.957D-04  1.615D+00
 -1.387D-04  3.472D+00
 -2.130D-04  1.604D+00
 -3.082D-04  4.931D-01
 -2.313D-04  1.591D+00
 -1.252D-03 -2.275D+00
 -2.509D-04  1.575D+00
 -1.051D-07 -9.094D-01
 -1.017D-07 -9.344D-01
 -2.476D-06  1.797D+00
 -1.091D-06  1.957D+00
 -7.078D-06  1.711D+00
 -2.973D-06  1.771D+00
 -1.369D-05  1.691D+00
 -5.539D-06  1.718D+00
 -2.227D-05  1.686D+00
 -8.789D-06  1.694D+00
 -3.277D-05  1.687D+00
 -1.272D-05  1.681D+00
 -4.512D-05  1.692D+00
 -1.734D-05  1.672D+00
 -5.924D-05  1.699D+00
 -2.265D-05  1.665D+00
 -7.502D-05  1.708D+00
 -2.865D-05  1.659D+00
 -9.232D-05  1.720D+00
 -3.533D-05  1.654D+00
 -1.110D-04  1.735D+00
 -4.270D-05  1.650D+00
 -1.308D-04  1.753D+00
 -5.076D-05  1.645D+00
 -1.515D-04  1.775D+00
 -5.951D-05  1.640D+00
 -1.727D-04  1.801D+00
 -6.895D-05  1.635D+00
 -1.940D-04  1.834D+00
 -7.909D-05  1.630D+00
 -2.149D-04  1.874D+00
 -8.991D-05  1.625D+00
 -2.345D-04  1.924D+00
 -1.014D-04  1.619D+00
 -2.519D-04  1.989D+00
 -1.137D-04  1.613D+00
 -2.656D-04  2.074D+00
 -1.266D-04  1.607D+00
 -2.736D-04  2.191D+00
 -1.402D-04  1.600D+00
 -2.727D-04  2.358D+00
 -1.546D-04  1.593D+00
 -2.577D-04  2.620D+00
 -1.696D-04  1.585D+00
 -2.196D-04  3.090D+00
 -1.855D-04  1.576D+00
 -1.367D-04  4.302D+00
 -2.021D-04  1.566D+00
 -1.329D-04  3.801D+00
 -2.195D-04  1.555D+00
 -2.653D-04  9.723D-01
 -2.379D-04  1.543D+00
 -1.157D-03 -2.410D+00
 -2.574D-04  1.527D+00
 -4.592D-07  7.584D-01
 -9.434D-07  1.934D+00
 -4.191D-07  2.280D+00
 -4.507D-06  1.685D+00
 -1.949D-06  1.770D+00
 -1.007D-05  1.650D+00
 -4.155D-06  1.687D+00
 -1.762D-05  1.640D+00
 -7.038D-06  1.655D+00
 -2.711D-05  1.638D+00
 -1.060D-05  1.639D+00
 -3.850D-05  1.640D+00
 -1.484D-05  1.629D+00
 -5.170D-05  1.645D+00
 -1.976D-05  1.622D+00
 -6.664D-05  1.652D+00
 -2.536D-05  1.616D+00
 -8.322D-05  1.660D+00
 -3.164D-05  1.611D+00
 -1.013D-04  1.672D+00
 -3.861D-05  1.607D+00
 -1.207D-04  1.685D+00
 -4.625D-05  1.602D+00
 -1.413D-04  1.702D+00
 -5.457D-05  1.598D+00
 -1.627D-04  1.722D+00
 -6.358D-05  1.593D+00
 -1.846D-04  1.746D+00
 -7.327D-05  1.588D+00
 -2.068D-04  1.775D+00
 -8.363D-05  1.583D+00
 -2.284D-04  1.812D+00
 -9.469D-05  1.578D+00
 -2.490D-04  1.858D+00
 -1.064D-04  1.572D+00
 -2.675D-04  1.916D+00
 -1.188D-04  1.566D+00
 -2.824D-04  1.993D+00
 -1.320D-04  1.560D+00
 -2.919D-04  2.097D+00
 -1.457D-04  1.553D+00
 -2.929D-04  2.245D+00
 -1.602D-04  1.546D+00
 -2.806D-04  2.472D+00
 -1.755D-04  1.538D+00
 -2.465D-04  2.868D+00
 -1.914D-04  1.529D+00
 -1.723D-04  3.775D+00
 -2.081D-04  1.520D+00
 -1.306D-04  4.063D+00
 -2.256D-04  1.509D+00
 -2.354D-04  1.473D+00
 -2.440D-04  1.497D+00
 -1.067D-03 -2.568D+00
 -2.634D-04  1.483D+00
 -6.981D-08  1.168D-01
 -6.751D-08  8.574D-02
 -2.466D-06  1.688D+00
 -1.105D-06  1.821D+00
 -6.989D-06  1.616D+00
 -2.953D-06  1.667D+00
 -1.349D-05  1.599D+00
 -5.472D-06  1.622D+00
 -2.194D-05  1.594D+00
 -8.662D-06  1.602D+00
 -3.231D-05  1.594D+00
 -1.252D-05  1.590D+00
 -4.453D-05  1.596D+00
 -1.706D-05  1.582D+00
 -5.854D-05  1.601D+00
 -2.226D-05  1.576D+00
 -7.426D-05  1.608D+00
 -2.814D-05  1.571D+00
 -9.158D-05  1.616D+00
 -3.469D-05  1.567D+00
 -1.104D-04  1.626D+00
 -4.191D-05  1.562D+00
 -1.305D-04  1.639D+00
 -4.980D-05  1.558D+00
 -1.517D-04  1.654D+00
 -5.837D-05  1.553D+00
 -1.738D-04  1.672D+00
 -6.760D-05  1.549D+00
 -1.965D-04  1.694D+00
 -7.751D-05  1.544D+00
 -2.193D-04  1.721D+00
 -8.808D-05  1.539D+00
 -2.418D-04  1.755D+00
 -9.933D-05  1.534D+00
 -2.632D-04  1.796D+00
 -1.112D-04  1.528D+00
 -2.826D-04  1.849D+00
 -1.238D-04  1.523D+00
 -2.987D-04  1.919D+00
 -1.371D-04  1.516D+00
 -3.096D-04  2.012D+00
 -1.510D-04  1.509D+00
 -3.124D-04  2.144D+00
 -1.656D-04  1.502D+00
 -3.025D-04  2.344D+00
 -1.809D-04  1.494D+00
 -2.720D-04  2.682D+00
 -1.970D-04  1.486D+00
 -2.045D-04  3.404D+00
 -2.137D-04  1.476D+00
 -1.257D-04  4.351D+00
 -2.312D-04  1.466D+00
 -2.106D-04  1.953D+00
 -2.496D-04  1.454D+00
 -9.485D-04 -2.338D+00
 -2.690D-04  1.440D+00
 -4.178D-07  7.545D-01
 -9.534D-07  1.801D+00
 -4.402D-07  2.077D+00
 -4.441D-06  1.594D+00
 -1.937D-06  1.665D+00
 -9.894D-06  1.563D+00
 -4.094D-06  1.595D+00
 -1.730D-05  1.554D+00
 -6.915D-06  1.568D+00
 -2.661D-05  1.552D+00
 -1.040D-05  1.554D+00
 -3.781D-05  1.553D+00
 -1.455D-05  1.545D+00
 -5.083D-05  1.556D+00
 -1.936D-05  1.539D+00
 -6.560D-05  1.560D+00
 -2.483D-05  1.534D+00
 -8.205D-05  1.567D+00
 -3.096D-05  1.529D+00
 -1.001D-04  1.574D+00
 -3.776D-05  1.525D+00
 -1.195D-04  1.584D+00
 -4.522D-05  1.521D+00
 -1.403D-04  1.595D+00
 -5.334D-05  1.516D+00
 -1.622D-04  1.609D+00
 -6.213D-05  1.512D+00
 -1.849D-04  1.626D+00
 -7.157D-05  1.508D+00
 -2.082D-04  1.646D+00
 -8.167D-05  1.503D+00
 -2.317D-04  1.671D+00
 -9.243D-05  1.498D+00
 -2.548D-04  1.701D+00
 -1.038D-04  1.493D+00
 -2.770D-04  1.739D+00
 -1.159D-04  1.487D+00
 -2.973D-04  1.788D+00
 -1.286D-04  1.481D+00
 -3.144D-04  1.851D+00
 -1.420D-04  1.475D+00
 -3.265D-04  1.935D+00
 -1.561D-04  1.468D+00
 -3.310D-04  2.054D+00
 -1.708D-04  1.461D+00
 -3.234D-04  2.231D+00
 -1.861D-04  1.453D+00
 -2.962D-04  2.524D+00
 -2.022D-04  1.445D+00
 -2.344D-04  3.119D+00
 -2.189D-04  1.435D+00
 -1.379D-04  4.275D+00
 -2.364D-04  1.425D+00
 -1.846D-04  2.425D+00
 -2.547D-04  1.414D+00
 -8.429D-04 -2.109D+00
 -2.740D-04  1.400D+00
 -4.695D-08  1.257D+00
 -4.545D-08  1.233D+00
 -2.432D-06  1.596D+00
 -1.104D-06  1.707D+00
 -6.845D-06  1.534D+00
 -2.907D-06  1.577D+00
 -1.319D-05  1.518D+00
 -5.362D-06  1.539D+00
 -2.146D-05  1.514D+00
 -8.472D-06  1.521D+00
 -3.160D-05  1.513D+00
 -1.224D-05  1.511D+00
 -4.359D-05  1.514D+00
 -1.665D-05  1.504D+00
 -5.736D-05  1.518D+00
 -2.173D-05  1.499D+00
 -7.285D-05  1.522D+00
 -2.745D-05  1.494D+00
 -8.998D-05  1.528D+00
 -3.383D-05  1.490D+00
 -1.087D-04  1.535D+00
 -4.086D-05  1.486D+00
 -1.287D-04  1.544D+00
 -4.854D-05  1.482D+00
 -1.501D-04  1.554D+00
 -5.687D-05  1.478D+00
 -1.726D-04  1.567D+00
 -6.584D-05  1.473D+00
 -1.959D-04  1.582D+00
 -7.547D-05  1.469D+00
 -2.197D-04  1.601D+00
 -8.574D-05  1.464D+00
 -2.438D-04  1.623D+00
 -9.665D-05  1.459D+00
 -2.676D-04  1.651D+00
 -1.082D-04  1.454D+00
 -2.904D-04  1.686D+00
 -1.204D-04  1.448D+00
 -3.115D-04  1.730D+00
 -1.332D-04  1.442D+00
 -3.295D-04  1.788D+00
 -1.467D-04  1.436D+00
 -3.429D-04  1.864D+00
 -1.608D-04  1.429D+00
 -3.489D-04  1.971D+00
 -1.756D-04  1.422D+00
 -3.433D-04  2.129D+00
 -1.910D-04  1.414D+00
 -3.192D-04  2.387D+00
 -2.070D-04  1.406D+00
 -2.623D-04  2.889D+00
 -2.238D-04  1.396D+00
 -1.415D-04  4.362D+00
 -2.412D-04  1.386D+00
 -1.741D-04  2.797D+00
 -2.595D-04  1.375D+00
 -7.487D-04 -1.930D+00
 -2.786D-04  1.362D+00
 -3.812D-07  7.505D-01
 -9.514D-07  1.690D+00
 -4.521D-07  1.916D+00
 -4.344D-06  1.514D+00
 -1.907D-06  1.575D+00
 -9.651D-06  1.487D+00
 -4.005D-06  1.515D+00
 -1.686D-05  1.479D+00
 -6.747D-06  1.492D+00
 -2.595D-05  1.477D+00
 -1.013D-05  1.480D+00
 -3.687D-05  1.477D+00
 -1.416D-05  1.472D+00
 -4.961D-05  1.479D+00
 -1.884D-05  1.466D+00
 -6.408D-05  1.482D+00
 -2.416D-05  1.461D+00
 -8.025D-05  1.486D+00
 -3.011D-05  1.457D+00
 -9.801D-05  1.491D+00
 -3.672D-05  1.453D+00
 -1.173D-04  1.498D+00
 -4.396D-05  1.449D+00
 -1.380D-04  1.506D+00
 -5.184D-05  1.445D+00
 -1.599D-04  1.515D+00
 -6.035D-05  1.441D+00
 -1.828D-04  1.527D+00
 -6.951D-05  1.436D+00
 -2.067D-04  1.541D+00
 -7.929D-05  1.432D+00
 -2.310D-04  1.558D+00
 -8.971D-05  1.427D+00
 -2.556D-04  1.579D+00
 -1.008D-04  1.422D+00
 -2.800D-04  1.604D+00
 -1.124D-04  1.417D+00
 -3.034D-04  1.636D+00
 -1.247D-04  1.411D+00
 -3.252D-04  1.677D+00
 -1.376D-04  1.405D+00
 -3.441D-04  1.729D+00
 -1.512D-04  1.399D+00
 -3.585D-04  1.799D+00
 -1.654D-04  1.392D+00
 -3.659D-04  1.896D+00
 -1.801D-04  1.385D+00
 -3.623D-04  2.038D+00
 -1.955D-04  1.377D+00
 -3.409D-04  2.267D+00
 -2.116D-04  1.368D+00
 -2.886D-04  2.698D+00
 -2.283D-04  1.359D+00
 -1.725D-04  3.915D+00
 -2.457D-04  1.349D+00
 -1.606D-04  3.194D+00
 -2.638D-04  1.338D+00
 -6.630D-04 -1.765D+00
 -2.828D-04  1.326D+00
 -3.438D-08  2.354D+00
 -3.322D-08  2.330D+00
 -2.381D-06  1.515D+00
 -1.093D-06  1.610D+00
 -6.664D-06  1.461D+00
 -2.841D-06  1.499D+00
 -1.283D-05  1.448D+00
 -5.222D-06  1.466D+00
 -2.086D-05  1.443D+00
 -8.238D-06  1.451D+00
 -3.073D-05  1.442D+00
 -1.189D-05  1.441D+00
 -4.240D-05  1.443D+00
 -1.617D-05  1.435D+00
 -5.583D-05  1.445D+00
 -2.109D-05  1.430D+00
 -7.098D-05  1.448D+00
 -2.663D-05  1.426D+00
 -8.776D-05  1.451D+00
 -3.281D-05  1.422D+00
 -1.061D-04  1.456D+00
 -3.962D-05  1.418D+00
 -1.259D-04  1.462D+00
 -4.705D-05  1.414D+00
 -1.471D-04  1.470D+00
 -5.511D-05  1.410D+00
 -1.695D-04  1.479D+00
 -6.380D-05  1.406D+00
 -1.930D-04  1.489D+00
 -7.311D-05  1.402D+00
 -2.173D-04  1.502D+00
 -8.303D-05  1.397D+00
 -2.421D-04  1.518D+00
 -9.358D-05  1.392D+00
 -2.672D-04  1.537D+00
 -1.047D-04  1.387D+00
 -2.920D-04  1.560D+00
 -1.165D-04  1.382D+00
 -3.160D-04  1.589D+00
 -1.289D-04  1.376D+00
 -3.384D-04  1.626D+00
 -1.419D-04  1.370D+00
 -3.581D-04  1.674D+00
 -1.554D-04  1.363D+00
 -3.735D-04  1.738D+00
 -1.696D-04  1.356D+00
 -3.821D-04  1.826D+00
 -1.844D-04  1.349D+00
 -3.803D-04  1.955D+00
 -1.998D-04  1.341D+00
 -3.615D-04  2.160D+00
 -2.158D-04  1.333D+00
 -3.133D-04  2.536D+00
 -2.324D-04  1.324D+00
 -2.063D-04  3.505D+00
 -2.497D-04  1.314D+00
 -1.468D-04  3.586D+00
 -2.677D-04  1.303D+00
 -5.829D-04 -1.344D+00
 -2.865D-04  1.291D+00
 -3.487D-07  7.463D-01
 -9.402D-07  1.595D+00
 -4.568D-07  1.785D+00
 -4.224D-06  1.444D+00
 -1.865D-06  1.497D+00
 -9.364D-06  1.420D+00
 -3.895D-06  1.445D+00
 -1.635D-05  1.413D+00
 -6.549D-06  1.424D+00
 -2.516D-05  1.410D+00
 -9.825D-06  1.413D+00
 -3.577D-05  1.410D+00
 -1.372D-05  1.406D+00
 -4.814D-05  1.411D+00
 -1.824D-05  1.401D+00
 -6.223D-05  1.412D+00
 -2.339D-05  1.397D+00
 -7.800D-05  1.415D+00
 -2.915D-05  1.393D+00
 -9.537D-05  1.419D+00
 -3.553D-05  1.389D+00
 -1.143D-04  1.423D+00
 -4.252D-05  1.385D+00
 -1.346D-04  1.429D+00
 -5.014D-05  1.381D+00
 -1.563D-04  1.435D+00
 -5.836D-05  1.377D+00
 -1.791D-04  1.443D+00
 -6.719D-05  1.373D+00
 -2.030D-04  1.453D+00
 -7.664D-05  1.368D+00
 -2.277D-04  1.465D+00
 -8.668D-05  1.364D+00
 -2.529D-04  1.479D+00
 -9.733D-05  1.359D+00
 -2.784D-04  1.497D+00
 -1.086D-04  1.354D+00
 -3.037D-04  1.518D+00
 -1.204D-04  1.348D+00
 -3.282D-04  1.545D+00
 -1.329D-04  1.342D+00
 -3.511D-04  1.579D+00
 -1.459D-04  1.336D+00
 -3.715D-04  1.623D+00
 -1.595D-04  1.330D+00
 -3.878D-04  1.682D+00
 -1.737D-04  1.323D+00
 -3.976D-04  1.762D+00
 -1.884D-04  1.315D+00
 -3.974D-04  1.879D+00
 -2.038D-04  1.307D+00
 -3.810D-04  2.063D+00
 -2.197D-04  1.299D+00
 -3.366D-04  2.395D+00
 -2.363D-04  1.290D+00
 -2.372D-04  3.197D+00
 -2.534D-04  1.280D+00
 -1.469D-04  3.776D+00
 -2.713D-04  1.269D+00
 -5.125D-04 -9.837D-01
 -2.899D-04  1.257D+00
 -2.692D-08  3.278D+00
 -2.597D-08  3.257D+00
 -2.317D-06  1.444D+00
 -1.072D-06  1.527D+00
 -6.455D-06  1.397D+00
 -2.761D-06  1.430D+00
 -1.241D-05  1.385D+00
 -5.061D-06  1.401D+00
 -2.018D-05  1.380D+00
 -7.973D-06  1.387D+00
 -2.973D-05  1.379D+00
 -1.150D-05  1.379D+00
 -4.104D-05  1.379D+00
 -1.563D-05  1.373D+00
 -5.407D-05  1.380D+00
 -2.038D-05  1.369D+00
 -6.878D-05  1.382D+00
 -2.573D-05  1.365D+00
 -8.512D-05  1.384D+00
 -3.169D-05  1.361D+00
 -1.030D-04  1.388D+00
 -3.826D-05  1.357D+00
 -1.224D-04  1.392D+00
 -4.542D-05  1.353D+00
 -1.432D-04  1.397D+00
 -5.320D-05  1.350D+00
 -1.653D-04  1.403D+00
 -6.156D-05  1.345D+00
 -1.886D-04  1.410D+00
 -7.053D-05  1.341D+00
 -2.128D-04  1.419D+00
 -8.009D-05  1.337D+00
 -2.379D-04  1.429D+00
 -9.024D-05  1.332D+00
 -2.635D-04  1.443D+00
 -1.010D-04  1.327D+00
 -2.893D-04  1.459D+00
 -1.123D-04  1.322D+00
 -3.150D-04  1.478D+00
 -1.242D-04  1.316D+00
 -3.399D-04  1.503D+00
 -1.367D-04  1.310D+00
 -3.633D-04  1.534D+00
 -1.497D-04  1.304D+00
 -3.843D-04  1.575D+00
 -1.633D-04  1.297D+00
 -4.014D-04  1.629D+00
 -1.775D-04  1.290D+00
 -4.123D-04  1.703D+00
 -1.922D-04  1.283D+00
 -4.136D-04  1.809D+00
 -2.075D-04  1.275D+00
 -3.994D-04  1.976D+00
 -2.233D-04  1.266D+00
 -3.585D-04  2.271D+00
 -2.398D-04  1.257D+00
 -2.657D-04  2.950D+00
 -2.568D-04  1.248D+00
 -1.404D-04  4.058D+00
 -2.745D-04  1.237D+00
 -4.484D-04 -6.611D-01
 -2.929D-04  1.225D+00
 -3.199D-07  7.419D-01
 -9.223D-07  1.513D+00
 -4.560D-07  1.674D+00
 -4.089D-06  1.381D+00
 -1.814D-06  1.427D+00
 -9.047D-06  1.360D+00
 -3.771D-06  1.382D+00
 -1.579D-05  1.353D+00
 -6.329D-06  1.364D+00
 -2.430D-05  1.350D+00
 -9.487D-06  1.354D+00
 -3.455D-05  1.350D+00
 -1.324D-05  1.347D+00
 -4.651D-05  1.350D+00
 -1.760D-05  1.343D+00
 -6.016D-05  1.351D+00
 -2.256D-05  1.338D+00
 -7.545D-05  1.352D+00
 -2.810D-05  1.335D+00
 -9.232D-05  1.355D+00
 -3.425D-05  1.331D+00
 -1.107D-04  1.358D+00
 -4.098D-05  1.327D+00
 -1.306D-04  1.361D+00
 -4.831D-05  1.323D+00
 -1.518D-04  1.366D+00
 -5.622D-05  1.319D+00
 -1.743D-04  1.371D+00
 -6.472D-05  1.315D+00
 -1.979D-04  1.378D+00
 -7.380D-05  1.311D+00
 -2.225D-04  1.386D+00
 -8.346D-05  1.306D+00
 -2.478D-04  1.396D+00
 -9.369D-05  1.301D+00
 -2.738D-04  1.407D+00
 -1.045D-04  1.296D+00
 -2.999D-04  1.422D+00
 -1.159D-04  1.291D+00
 -3.259D-04  1.440D+00
 -1.278D-04  1.285D+00
 -3.511D-04  1.463D+00
 -1.403D-04  1.279D+00
 -3.750D-04  1.492D+00
 -1.533D-04  1.273D+00
 -3.966D-04  1.529D+00
 -1.669D-04  1.266D+00
 -4.143D-04  1.579D+00
 -1.810D-04  1.259D+00
 -4.262D-04  1.647D+00
 -1.957D-04  1.251D+00
 -4.289D-04  1.745D+00
 -2.109D-04  1.243D+00
 -4.168D-04  1.896D+00
 -2.267D-04  1.235D+00
 -3.791D-04  2.160D+00
 -2.430D-04  1.226D+00
 -2.922D-04  2.747D+00
 -2.598D-04  1.216D+00
 -1.429D-04  4.154D+00
 -2.773D-04  1.205D+00
 -3.939D-04 -2.798D-01
 -2.955D-04  1.193D+00
 -2.303D-08  3.951D+00
 -2.215D-08  3.938D+00
 -2.245D-06  1.380D+00
 -1.046D-06  1.453D+00
 -6.229D-06  1.339D+00
 -2.672D-06  1.368D+00
 -1.197D-05  1.328D+00
 -4.886D-06  1.342D+00
 -1.945D-05  1.324D+00
 -7.689D-06  1.330D+00
 -2.866D-05  1.322D+00
 -1.108D-05  1.323D+00
 -3.957D-05  1.322D+00
 -1.506D-05  1.318D+00
 -5.216D-05  1.322D+00
 -1.962D-05  1.313D+00
 -6.638D-05  1.323D+00
 -2.477D-05  1.309D+00
 -8.220D-05  1.324D+00
 -3.050D-05  1.306D+00
 -9.957D-05  1.326D+00
 -3.682D-05  1.302D+00
 -1.184D-04  1.329D+00
 -4.371D-05  1.298D+00
 -1.387D-04  1.332D+00
 -5.117D-05  1.295D+00
 -1.603D-04  1.336D+00
 -5.922D-05  1.290D+00
 -1.831D-04  1.341D+00
 -6.783D-05  1.286D+00
 -2.070D-04  1.347D+00
 -7.700D-05  1.282D+00
 -2.319D-04  1.354D+00
 -8.674D-05  1.277D+00
 -2.575D-04  1.363D+00
 -9.704D-05  1.272D+00
 -2.837D-04  1.374D+00
 -1.079D-04  1.267D+00
 -3.101D-04  1.387D+00
 -1.193D-04  1.261D+00
 -3.364D-04  1.404D+00
 -1.312D-04  1.256D+00
 -3.620D-04  1.425D+00
 -1.437D-04  1.249D+00
 -3.862D-04  1.451D+00
 -1.568D-04  1.243D+00
 -4.082D-04  1.486D+00
 -1.703D-04  1.236D+00
 -4.266D-04  1.532D+00
 -1.844D-04  1.229D+00
 -4.394D-04  1.594D+00
 -1.990D-04  1.221D+00
 -4.434D-04  1.684D+00
 -2.141D-04  1.213D+00
 -4.331D-04  1.822D+00
 -2.297D-04  1.205D+00
 -3.985D-04  2.061D+00
 -2.459D-04  1.195D+00
 -3.170D-04  2.574D+00
 -2.626D-04  1.186D+00
 -1.514D-04  4.132D+00
 -2.799D-04  1.175D+00
 -3.507D-04  1.436D-01
 -2.978D-04  1.163D+00
 -2.941D-07  7.374D-01
 -8.994D-07  1.440D+00
 -4.511D-07  1.578D+00
 -3.944D-06  1.324D+00
 -1.756D-06  1.365D+00
 -8.711D-06  1.305D+00
 -3.637D-06  1.325D+00
 -1.520D-05  1.299D+00
 -6.096D-06  1.308D+00
 -2.338D-05  1.296D+00
 -9.131D-06  1.300D+00
 -3.325D-05  1.295D+00
 -1.274D-05  1.294D+00
 -4.479D-05  1.295D+00
 -1.693D-05  1.289D+00
 -5.795D-05  1.295D+00
 -2.169D-05  1.285D+00
 -7.271D-05  1.296D+00
 -2.702D-05  1.282D+00
 -8.902D-05  1.297D+00
 -3.292D-05  1.278D+00
 -1.068D-04  1.299D+00
 -3.938D-05  1.274D+00
 -1.261D-04  1.301D+00
 -4.642D-05  1.271D+00
 -1.467D-04  1.304D+00
 -5.401D-05  1.267D+00
 -1.687D-04  1.308D+00
 -6.216D-05  1.263D+00
 -1.918D-04  1.312D+00
 -7.087D-05  1.258D+00
 -2.160D-04  1.317D+00
 -8.013D-05  1.254D+00
 -2.411D-04  1.324D+00
 -8.994D-05  1.249D+00
 -2.670D-04  1.332D+00
 -1.003D-04  1.244D+00
 -2.934D-04  1.342D+00
 -1.112D-04  1.239D+00
 -3.200D-04  1.354D+00
 -1.226D-04  1.233D+00
 -3.464D-04  1.369D+00
 -1.345D-04  1.227D+00
 -3.723D-04  1.388D+00
 -1.470D-04  1.221D+00
 -3.969D-04  1.413D+00
 -1.600D-04  1.214D+00
 -4.193D-04  1.445D+00
 -1.735D-04  1.207D+00
 -4.383D-04  1.487D+00
 -1.875D-04  1.200D+00
 -4.518D-04  1.545D+00
 -2.020D-04  1.192D+00
 -4.570D-04  1.628D+00
 -2.170D-04  1.184D+00
 -4.485D-04  1.754D+00
 -2.325D-04  1.175D+00
 -4.167D-04  1.971D+00
 -2.485D-04  1.166D+00
 -3.402D-04  2.425D+00
 -2.650D-04  1.156D+00
 -1.525D-04  4.233D+00
 -2.821D-04  1.145D+00
 -3.094D-04  5.412D-01
 -2.998D-04  1.134D+00
 -2.242D-08  4.226D+00
 -2.148D-08  4.225D+00
 -2.167D-06  1.323D+00
 -1.016D-06  1.386D+00
 -5.993D-06  1.286D+00
 -2.576D-06  1.312D+00
 -1.151D-05  1.276D+00
 -4.702D-06  1.289D+00
 -1.870D-05  1.272D+00
 -7.392D-06  1.278D+00
 -2.755D-05  1.270D+00
 -1.065D-05  1.271D+00
 -3.804D-05  1.269D+00
 -1.446D-05  1.266D+00
 -5.016D-05  1.269D+00
 -1.884D-05  1.262D+00
 -6.386D-05  1.269D+00
 -2.378D-05  1.259D+00
 -7.911D-05  1.270D+00
 -2.928D-05  1.255D+00
 -9.588D-05  1.271D+00
 -3.534D-05  1.252D+00
 -1.141D-04  1.273D+00
 -4.194D-05  1.248D+00
 -1.337D-04  1.275D+00
 -4.910D-05  1.244D+00
 -1.547D-04  1.277D+00
 -5.681D-05  1.240D+00
 -1.770D-04  1.280D+00
 -6.506D-05  1.236D+00
 -2.003D-04  1.284D+00
 -7.385D-05  1.231D+00
 -2.248D-04  1.289D+00
 -8.317D-05  1.227D+00
 -2.501D-04  1.294D+00
 -9.303D-05  1.222D+00
 -2.761D-04  1.302D+00
 -1.034D-04  1.217D+00
 -3.027D-04  1.311D+00
 -1.143D-04  1.211D+00
 -3.295D-04  1.322D+00
 -1.257D-04  1.205D+00
 -3.561D-04  1.336D+00
 -1.377D-04  1.199D+00
 -3.822D-04  1.353D+00
 -1.501D-04  1.193D+00
 -4.070D-04  1.376D+00
 -1.630D-04  1.186D+00
 -4.298D-04  1.405D+00
 -1.765D-04  1.179D+00
 -4.493D-04  1.445D+00
 -1.904D-04  1.172D+00
 -4.635D-04  1.498D+00
 -2.048D-04  1.164D+00
 -4.697D-04  1.575D+00
 -2.196D-04  1.155D+00
 -4.629D-04  1.691D+00
 -2.350D-04  1.147D+00
 -4.337D-04  1.888D+00
 -2.508D-04  1.137D+00
 -3.618D-04  2.293D+00
 -2.671D-04  1.127D+00
 -1.860D-04  3.751D+00
 -2.840D-04  1.117D+00
 -2.701D-04  9.245D-01
 -3.014D-04  1.105D+00
 -2.710D-07  7.327D-01
 -8.731D-07  1.374D+00
 -4.431D-07  1.495D+00
 -3.792D-06  1.272D+00
 -1.694D-06  1.309D+00
 -8.366D-06  1.255D+00
 -3.498D-06  1.272D+00
 -1.459D-05  1.249D+00
 -5.856D-06  1.258D+00
 -2.244D-05  1.247D+00
 -8.766D-06  1.250D+00
 -3.192D-05  1.245D+00
 -1.223D-05  1.245D+00
 -4.300D-05  1.245D+00
 -1.624D-05  1.240D+00
 -5.566D-05  1.244D+00
 -2.080D-05  1.237D+00
 -6.986D-05  1.245D+00
 -2.591D-05  1.233D+00
 -8.557D-05  1.245D+00
 -3.156D-05  1.230D+00
 -1.028D-04  1.246D+00
 -3.775D-05  1.226D+00
 -1.214D-04  1.247D+00
 -4.449D-05  1.222D+00
 -1.413D-04  1.249D+00
 -5.176D-05  1.218D+00
 -1.626D-04  1.251D+00
 -5.956D-05  1.214D+00
 -1.851D-04  1.253D+00
 -6.790D-05  1.210D+00
 -2.087D-04  1.257D+00
 -7.675D-05  1.205D+00
 -2.333D-04  1.261D+00
 -8.613D-05  1.201D+00
 -2.588D-04  1.266D+00
 -9.603D-05  1.196D+00
 -2.850D-04  1.272D+00
 -1.064D-04  1.190D+00
 -3.117D-04  1.281D+00
 -1.173D-04  1.185D+00
 -3.386D-04  1.291D+00
 -1.288D-04  1.179D+00
 -3.654D-04  1.304D+00
 -1.407D-04  1.173D+00
 -3.916D-04  1.320D+00
 -1.530D-04  1.166D+00
 -4.167D-04  1.341D+00
 -1.659D-04  1.159D+00
 -4.397D-04  1.368D+00
 -1.793D-04  1.152D+00
 -4.596D-04  1.404D+00
 -1.931D-04  1.144D+00
 -4.745D-04  1.454D+00
 -2.073D-04  1.136D+00
 -4.817D-04  1.524D+00
 -2.221D-04  1.128D+00
 -4.763D-04  1.632D+00
 -2.373D-04  1.119D+00
 -4.496D-04  1.813D+00
 -2.529D-04  1.110D+00
 -3.820D-04  2.177D+00
 -2.690D-04  1.100D+00
 -2.172D-04  3.382D+00
 -2.856D-04  1.089D+00
 -2.468D-04  1.326D+00
 -3.028D-04  1.077D+00
 -2.657D-08  3.858D+00
 -2.531D-08  3.876D+00
 -2.085D-06  1.270D+00
 -9.829D-07  1.326D+00
 -5.751D-06  1.237D+00
 -2.477D-06  1.260D+00
 -1.103D-05  1.228D+00
 -4.513D-06  1.240D+00
 -1.793D-05  1.224D+00
 -7.090D-06  1.230D+00
 -2.641D-05  1.222D+00
 -1.021D-05  1.224D+00
 -3.648D-05  1.221D+00
 -1.386D-05  1.219D+00
 -4.811D-05  1.221D+00
 -1.806D-05  1.215D+00
 -6.127D-05  1.221D+00
 -2.279D-05  1.212D+00
 -7.593D-05  1.221D+00
 -2.805D-05  1.208D+00
 -9.206D-05  1.221D+00
 -3.384D-05  1.205D+00
 -1.096D-04  1.221D+00
 -4.016D-05  1.201D+00
 -1.286D-04  1.222D+00
 -4.701D-05  1.197D+00
 -1.488D-04  1.224D+00
 -5.438D-05  1.193D+00
 -1.704D-04  1.225D+00
 -6.227D-05  1.189D+00
 -1.931D-04  1.227D+00
 -7.067D-05  1.185D+00
 -2.169D-04  1.230D+00
 -7.959D-05  1.180D+00
 -2.416D-04  1.234D+00
 -8.900D-05  1.175D+00
 -2.673D-04  1.238D+00
 -9.892D-05  1.170D+00
 -2.936D-04  1.244D+00
 -1.093D-04  1.165D+00
 -3.203D-04  1.252D+00
 -1.202D-04  1.159D+00
 -3.473D-04  1.261D+00
 -1.316D-04  1.153D+00
 -3.742D-04  1.272D+00
 -1.435D-04  1.146D+00
 -4.005D-04  1.287D+00
 -1.558D-04  1.140D+00
 -4.258D-04  1.307D+00
 -1.686D-04  1.133D+00
 -4.491D-04  1.332D+00
 -1.819D-04  1.125D+00
 -4.693D-04  1.365D+00
 -1.955D-04  1.118D+00
 -4.848D-04  1.411D+00
 -2.097D-04  1.110D+00
 -4.929D-04  1.477D+00
 -2.243D-04  1.101D+00
 -4.889D-04  1.576D+00
 -2.393D-04  1.092D+00
 -4.644D-04  1.742D+00
 -2.547D-04  1.083D+00
 -4.008D-04  2.072D+00
 -2.706D-04  1.072D+00
 -2.455D-04  3.096D+00
 -2.870D-04  1.062D+00
 -2.239D-04  1.702D+00
 -3.039D-04  1.050D+00
 -2.503D-07  7.278D-01
 -8.444D-07  1.315D+00
 -4.327D-07  1.421D+00
 -3.639D-06  1.224D+00
 -1.630D-06  1.257D+00
 -8.016D-06  1.209D+00
 -3.357D-06  1.224D+00
 -1.397D-05  1.203D+00
 -5.612D-06  1.211D+00
 -2.150D-05  1.201D+00
 -8.397D-06  1.204D+00
 -3.058D-05  1.199D+00
 -1.171D-05  1.199D+00
 -4.120D-05  1.198D+00
 -1.555D-05  1.195D+00
 -5.333D-05  1.198D+00
 -1.991D-05  1.191D+00
 -6.696D-05  1.197D+00
 -2.479D-05  1.188D+00
 -8.205D-05  1.197D+00
 -3.020D-05  1.184D+00
 -9.857D-05  1.197D+00
 -3.612D-05  1.181D+00
 -1.165D-04  1.198D+00
 -4.256D-05  1.177D+00
 -1.357D-04  1.198D+00
 -4.951D-05  1.173D+00
 -1.562D-04  1.199D+00
 -5.696D-05  1.169D+00
 -1.780D-04  1.201D+00
 -6.492D-05  1.165D+00
 -2.009D-04  1.202D+00
 -7.338D-05  1.160D+00
 -2.248D-04  1.205D+00
 -8.234D-05  1.156D+00
 -2.497D-04  1.208D+00
 -9.178D-05  1.151D+00
 -2.754D-04  1.212D+00
 -1.017D-04  1.145D+00
 -3.018D-04  1.217D+00
 -1.121D-04  1.140D+00
 -3.286D-04  1.223D+00
 -1.230D-04  1.134D+00
 -3.557D-04  1.232D+00
 -1.343D-04  1.128D+00
 -3.826D-04  1.242D+00
 -1.462D-04  1.121D+00
 -4.090D-04  1.256D+00
 -1.584D-04  1.114D+00
 -4.344D-04  1.274D+00
 -1.711D-04  1.107D+00
 -4.579D-04  1.297D+00
 -1.843D-04  1.100D+00
 -4.785D-04  1.328D+00
 -1.978D-04  1.092D+00
 -4.945D-04  1.371D+00
 -2.118D-04  1.083D+00
 -5.033D-04  1.432D+00
 -2.262D-04  1.075D+00
 -5.006D-04  1.524D+00
 -2.411D-04  1.066D+00
 -4.782D-04  1.677D+00
 -2.563D-04  1.056D+00
 -4.184D-04  1.977D+00
 -2.720D-04  1.046D+00
 -2.715D-04  2.864D+00
 -2.881D-04  1.035D+00
 -2.002D-04  2.080D+00
 -3.047D-04  1.023D+00
