 51 2002.115000 1.292E-25 2.885E+01.0457.0470 3579.97510.670.000000              2              1                    P 27      466620 2 2 2 2 1 0    53.0   55.0
 51 2003.667900 1.485E-22 1.446E+01.0430.0418 2023.37150.67-.003500              1              0                    P 32      466623 2 2 2 2 1 1    63.0   65.0
 51 2006.783600 2.052E-25 2.908E+01.0464.0483 3477.58510.670.000000              2              1                    P 26      467620 2 2 2 2 1 0    51.0   53.0
 51 2008.525400 2.612E-22 1.457E+01.0436.0426 1901.13080.67-.003500              1              0                    P 31      466623 2 2 2 2 1 1    61.0   63.0
 51 2011.421100 3.193E-25 2.929E+01.0469.0495 3378.95360.670.000000              2              1                    P 25      467620 2 2 2 2 1 0    49.0   51.0
 51 2013.352400 4.506E-22 1.468E+01.0441.0435 1782.66240.67-.003500              1              0                    P 30      466623 2 2 2 2 1 1    59.0   61.0
 51 2016.027200 4.870E-25 2.951E+01.0475.0508 3284.08450.670.000000              2              1                    P 24      467620 2 2 2 2 1 0    47.0   49.0
 51 2018.148800 7.622E-22 1.479E+01.0446.0446 1667.97090.67-.003500              1              0                    P 29      466623 2 2 2 2 1 1    57.0   59.0
 51 2020.601800 7.283E-25 2.973E+01.0483.0520 3192.98140.670.000000              2              1                    P 23      467620 2 2 2 2 1 0    45.0   47.0
 51 2022.914400 1.264E-21 1.490E+01.0451.0458 1557.06070.67-.003500              1              0                    P 28      466623 2 2 2 2 1 1    55.0   57.0
 51 2025.144700 1.067E-24 2.995E+01.0491.0531 3105.64790.670.000000              2              1                    P 22      467620 2 2 2 2 1 0    43.0   45.0
 51 2027.649100 2.057E-21 1.502E+01.0457.0470 1449.93590.67-.003500              1              0                    P 27      466623 2 2 2 2 1 1    53.0   55.0
 51 2029.655900 1.532E-24 3.018E+01.0500.0543 3022.08730.670.000000              2              1                    P 21      467620 2 2 2 2 1 0    41.0   43.0
 51 2032.352800 3.280E-21 1.513E+01.0464.0483 1346.60080.67-.003500              1              0                    P 26      467623 2 2 2 2 1 1    51.0   53.0
 51 2034.135200 2.155E-24 3.042E+01.0510.0553 2942.30280.670.000000              2              1                    P 20      467660 2 2 2 2 1 0    39.0   41.0
 51 2037.025300 5.127E-21 1.524E+01.0469.0495 1247.05920.67-.003500              1              0                    P 25      467623 2 2 2 2 1 1    49.0   51.0
 51 2038.582400 2.969E-24 3.066E+01.0519.0563 2866.29750.670.000000              2              1                    P 19      467660 2 2 2 2 1 0    37.0   39.0
 51 2041.666400 7.855E-21 1.536E+01.0475.0508 1151.31500.67-.003500              1              0                    P 24      467623 2 2 2 2 1 1    47.0   49.0
 51 2042.997400 4.004E-24 3.091E+01.0527.0572 2794.07430.680.000000              2              1                    P 18      467660 2 2 2 2 1 0    35.0   37.0
 51 2046.276100 1.179E-20 1.547E+01.0483.0520 1059.37180.67-.002980              1              0                    P 23      467623 2 2 2 2 1 1    45.0   47.0
 51 2047.380000 5.284E-24 3.115E+01.0535.0581 2725.63610.690.000000              2              1                    P 17      467660 2 2 2 2 1 0    33.0   35.0
 51 2050.854100 1.735E-20 1.559E+01.0491.0531  971.23320.67-.003350              1              0                    P 22      467623 2 2 2 2 1 1    43.0   45.0
 51 2051.730100 6.823E-24 3.140E+01.0542.0589 2660.98550.700.000000              2              1                    P 16      467660 2 2 2 2 1 0    31.0   33.0
 51 2055.400300 2.501E-20 1.571E+01.0500.0543  886.90240.67-.003630              1              0                    P 21      467623 2 2 2 2 1 1    41.0   43.0
 51 2056.047600 8.618E-24 3.168E+01.0549.0598 2600.12490.710.000000              2              1                    P 15      467660 2 2 2 2 1 0    29.0   31.0
 51 2059.914700 3.531E-20 1.584E+01.0510.0553  806.38280.67-.003050              1              0                    P 20      467663 2 2 2 2 1 1    39.0   41.0
 51 2060.332200 1.064E-23 3.196E+01.0555.0606 2543.05670.720.000000              2              1                    P 14      467660 2 2 2 2 1 0    27.0   29.0
 51 2064.396900 4.880E-20 1.596E+01.0519.0563  729.67740.67-.003410              1              0                    P 19      467663 2 2 2 2 1 1    37.0   39.0
 51 2064.583900 1.282E-23 3.224E+01.0561.0614 2489.78310.730.000000              2              1                    P 13      467660 2 2 2 2 1 0    25.0   27.0
 51 2068.802500 1.508E-23 3.254E+01.0567.0623 2440.30620.740.000000              2              1                    P 12      467660 2 2 2 2 1 0    23.0   25.0
 51 2068.846900 6.601E-20 1.608E+01.0527.0572  656.78920.68-.003500              1              0                    P 18      467663 2 2 2 2 1 1    35.0   37.0
 51 2072.987900 1.730E-23 3.288E+01.0573.0632 2394.62790.750.000000              2              1                    P 11      467660 2 2 2 2 1 0    21.0   23.0
 51 2073.264600 8.739E-20 1.621E+01.0535.0581  587.72090.69-.003350              1              0                    P 17      467663 2 2 2 2 1 1    33.0   35.0
 51 2077.139900 1.931E-23 3.322E+01.0580.0643 2352.74990.750.000000              2              1                    P 10      467660 2 2 2 2 1 0    19.0   21.0
 51 2077.649700 1.132E-19 1.635E+01.0542.0589  522.47510.70-.003290              1              0                    P 16      467663 2 2 2 2 1 1    31.0   33.0
 51 2081.258300 2.096E-23 3.363E+01.0589.0655 2314.67390.750.000000              2              1                    P  9      467660 2 2 2 2 1 0    17.0   19.0
 51 2082.002200 1.433E-19 1.648E+01.0549.0598  461.05450.71-.003260              1              0                    P 15      467663 2 2 2 2 1 1    29.0   31.0
 51 2085.343100 2.205E-23 3.407E+01.0599.0669 2280.40120.750.000000              2              1                    P  8      467660 2 2 2 2 1 0    15.0   17.0
 51 2086.321900 1.774E-19 1.663E+01.0555.0606  403.46120.72-.003350              1              0                    P 14      467663 2 2 2 2 1 1    27.0   29.0
 51 2089.394000 2.242E-23 3.461E+01.0612.0685 2249.93340.750.000000              2              1                    P  7      467660 2 2 2 2 1 0    13.0   15.0
 51 2090.608700 2.144E-19 1.678E+01.0561.0614  349.69760.73-.003510              1              0                    P 13      467663 2 2 2 2 1 1    25.0   27.0
 51 2093.411000 2.191E-23 3.524E+01.0629.0704 2223.27140.740.000000              2              1                    P  6      467660 2 2 2 2 1 0    11.0   13.0
 51 2094.862300 2.528E-19 1.694E+01.0567.0623  299.76560.74-.003410              1              0                    P 12      467663 2 2 2 2 1 1    23.0   25.0
 51 2097.393800 2.045E-23 3.612E+01.0650.0727 2200.41640.740.000000              2              1                    P  5      467660 2 2 2 2 1 0     9.0   11.0
 51 2099.082700 2.905E-19 1.711E+01.0573.0632  253.66720.75-.003620              1              0                    P 11      467663 2 2 2 2 1 1    21.0   23.0
 51 2101.342400 1.798E-23 3.736E+01.0676.0753 2181.36920.740.000000              2              1                    P  4      467660 2 2 2 2 1 0     7.0    9.0
 51 2103.269700 3.250E-19 1.730E+01.0580.0643  211.40410.75-.003570              1              0                    P 10      467663 2 2 2 2 1 1    19.0   21.0
 51 2105.256600 1.455E-23 3.945E+01.0709.0785 2166.13050.740.000000              2              1                    P  3      467660 2 2 2 2 1 0     5.0    7.0
 51 2107.423200 3.531E-19 1.750E+01.0589.0655  172.97800.75-.003590              1              0                    P  9      467663 2 2 2 2 1 1    17.0   19.0
 51 2109.136200 1.028E-23 4.410E+01.0748.0821 2154.70100.750.000000              2              1                    P  2      467660 2 2 2 2 1 0     3.0    5.0
 51 2111.543000 3.722E-19 1.774E+01.0599.0669  138.39040.75-.003580              1              0                    P  8      467663 2 2 2 2 1 1    15.0   17.0
 51 2112.981000 5.342E-24 6.649E+01.0797.0864 2147.08110.760.000000              2              1                    P  1      467660 2 2 2 2 1 0     1.0    3.0
 51 2115.629000 3.789E-19 1.801E+01.0612.0685  107.64240.75-.003490              1              0                    P  7      467663 2 2 2 2 1 1    13.0   15.0
 51 2119.681000 3.709E-19 1.835E+01.0629.0704   80.73540.74-.003440              1              0                    P  6      467663 2 2 2 2 1 1    11.0   13.0
 51 2120.566100 5.463E-24 2.241E+01.0797.0864 2143.27110.760.000000              2              1                    R  0      467660 2 2 2 2 1 0     3.0    1.0
 51 2123.698800 3.464E-19 1.880E+01.0650.0727   57.67040.74-.003310              1              0                    P  5      467663 2 2 2 2 1 1     9.0   11.0
 51 2124.306000 1.075E-23 2.705E+01.0748.0821 2147.08110.750.000000              2              1                    R  1      467660 2 2 2 2 1 0     5.0    3.0
 51 2127.682400 3.049E-19 1.945E+01.0676.0753   38.44810.74-.003090              1              0                    P  4      467663 2 2 2 2 1 1     7.0    9.0
 51 2128.010500 1.556E-23 2.912E+01.0709.0785 2154.70100.740.000000              2              1                    R  2      467660 2 2 2 2 1 0     7.0    5.0
 51 2131.631600 2.469E-19 2.054E+01.0709.0785   23.06950.74-.002030              1              0                    P  3      467663 2 2 2 2 1 1     5.0    7.0
 51 2131.679700 1.967E-23 3.037E+01.0676.0753 2166.13050.740.000000              2              1                    R  3      467660 2 2 2 2 1 0     9.0    7.0
 51 2135.313200 2.288E-23 3.124E+01.0650.0727 2181.36920.740.000000              2              1                    R  4      467660 2 2 2 2 1 0    11.0    9.0
 51 2135.546200 1.745E-19 2.295E+01.0748.0821   11.53500.75-.002660              1              0                    P  2      467663 2 2 2 2 1 1     3.0    5.0
 51 2138.911000 2.507E-23 3.188E+01.0629.0704 2200.41640.740.000000              2              1                    R  5      467660 2 2 2 2 1 0    13.0   11.0
 51 2139.426100 9.072E-20 3.461E+01.0797.0864    3.84500.76-.003010              1              0                    P  1      467663 2 2 2 2 1 1     1.0    3.0
 51 2142.472900 2.623E-23 3.241E+01.0612.0685 2223.27140.750.000000              2              1                    R  6      467660 2 2 2 2 1 0    15.0   13.0
 51 2145.998800 2.637E-23 3.283E+01.0599.0669 2249.93340.750.000000              2              1                    R  7      467660 2 2 2 2 1 0    17.0   15.0
 51 2147.081100 9.284E-20 1.167E+01.0797.0864    0.00000.76-.002100              1              0                    R  0      467663 2 2 2 2 1 1     3.0    1.0
 51 2149.488500 2.563E-23 3.322E+01.0589.0655 2280.40120.750.000000              2              1                    R  8      467660 2 2 2 2 1 0    19.0   17.0
 51 2150.856000 1.826E-19 1.408E+01.0748.0821    3.84500.75-.002400              1              0                    R  1      467663 2 2 2 2 1 1     5.0    3.0
 51 2152.941900 2.415E-23 3.356E+01.0580.0643 2314.67390.750.000000              2              1                    R  9      467660 2 2 2 2 1 0    21.0   19.0
 51 2154.595600 2.643E-19 1.517E+01.0709.0785   11.53500.74-.002620              1              0                    R  2      467663 2 2 2 2 1 1     7.0    5.0
 51 2156.358900 2.212E-23 3.388E+01.0573.0632 2352.74990.750.000000              2              1                    R 10      467660 2 2 2 2 1 0    23.0   21.0
 51 2158.299700 3.339E-19 1.582E+01.0676.0753   23.06950.74-.002530              1              0                    R  3      467663 2 2 2 2 1 1     9.0    7.0
 51 2159.739200 1.973E-23 3.419E+01.0567.0623 2394.62790.740.000000              2              1                    R 11      467660 2 2 2 2 1 0    25.0   23.0
 51 2161.968200 3.880E-19 1.626E+01.0650.0727   38.44810.74-.002660              1              0                    R  4      467663 2 2 2 2 1 1    11.0    9.0
 51 2163.082700 1.715E-23 3.446E+01.0561.0614 2440.30620.730.000000              2              1                    R 12      467660 2 2 2 2 1 0    27.0   25.0
 51 2165.601000 4.249E-19 1.660E+01.0629.0704   57.67040.74-.002590              1              0                    R  5      467663 2 2 2 2 1 1    13.0   11.0
 51 2166.389300 1.455E-23 3.473E+01.0555.0606 2489.78310.720.000000              2              1                    R 13      467660 2 2 2 2 1 0    29.0   27.0
 51 2169.197900 4.440E-19 1.687E+01.0612.0685   80.73540.75-.002540              1              0                    R  6      467663 2 2 2 2 1 1    15.0   13.0
 51 2169.658900 1.205E-23 3.496E+01.0549.0598 2543.05670.710.000000              2              1                    R 14      467660 2 2 2 2 1 0    31.0   29.0
 51 2172.758800 4.461E-19 1.710E+01.0599.0669  107.64240.75-.002600              1              0                    R  7      467663 2 2 2 2 1 1    17.0   15.0
 51 2172.891200 9.758E-24 3.520E+01.0542.0589 2600.12490.700.000000              2              1                    R 15      467660 2 2 2 2 1 0    33.0   31.0
 51 2176.086200 7.726E-24 3.543E+01.0535.0581 2660.98550.690.000000              2              1                    R 16      467660 2 2 2 2 1 0    35.0   33.0
 51 2176.283500 4.331E-19 1.731E+01.0589.0655  138.39040.75-.002420              1              0                    R  8      467663 2 2 2 2 1 1    19.0   17.0
 51 2179.243800 5.985E-24 3.565E+01.0527.0572 2725.63610.680.000000              2              1                    R 17      467660 2 2 2 2 1 0    37.0   35.0
 51 2179.771900 4.075E-19 1.749E+01.0580.0643  172.97800.75-.002550              1              0                    R  9      467663 2 2 2 2 1 1    21.0   19.0
 51 2182.363600 4.538E-24 3.587E+01.0519.0563 2794.07430.670.000000              2              1                    R 18      467660 2 2 2 2 1 0    39.0   37.0
 51 2183.223800 3.724E-19 1.764E+01.0573.0632  211.40410.75-.002540              1              0                    R 10      467663 2 2 2 2 1 1    23.0   21.0
 51 2185.445700 3.368E-24 3.608E+01.0510.0553 2866.29750.670.000000              2              1                    R 19      467660 2 2 2 2 1 0    41.0   39.0
 51 2186.639000 3.314E-19 1.779E+01.0567.0623  253.66720.74-.002500              1              0                    R 11      467663 2 2 2 2 1 1    25.0   23.0
 51 2188.489900 2.449E-24 3.629E+01.0500.0543 2942.30280.670.000000              2              1                    R 20      467620 2 2 2 2 1 0    43.0   41.0
 51 2190.017500 2.876E-19 1.795E+01.0561.0614  299.76560.73-.002580              1              0                    R 12      467663 2 2 2 2 1 1    27.0   25.0
 51 2191.495900 1.744E-24 3.649E+01.0491.0531 3022.08730.670.000000              2              1                    R 21      467620 2 2 2 2 1 0    45.0   43.0
 51 2193.359100 2.435E-19 1.809E+01.0555.0606  349.69760.72-.002590              1              0                    R 13      467663 2 2 2 2 1 1    29.0   27.0
 51 2194.463800 1.217E-24 3.670E+01.0483.0520 3105.64790.670.000000              2              1                    R 22      467620 2 2 2 2 1 0    47.0   45.0
 51 2196.663700 2.012E-19 1.821E+01.0549.0598  403.46120.71-.002640              1              0                    R 14      467663 2 2 2 2 1 1    31.0   29.0
 51 2197.393200 8.318E-25 3.688E+01.0475.0508 3192.98140.670.000000              2              1                    R 23      467620 2 2 2 2 1 0    49.0   47.0
 51 2199.931000 1.625E-19 1.833E+01.0542.0589  461.05450.70-.002690              1              0                    R 15      467663 2 2 2 2 1 1    33.0   31.0
 51 2200.284200 5.574E-25 3.707E+01.0469.0495 3284.08450.670.000000              2              1                    R 24      467620 2 2 2 2 1 0    51.0   49.0
 51 2203.136500 3.662E-25 3.726E+01.0464.0483 3378.95360.670.000000              2              1                    R 25      467620 2 2 2 2 1 0    53.0   51.0
 51 2203.161000 1.283E-19 1.845E+01.0535.0581  522.47510.69-.002740              1              0                    R 16      467663 2 2 2 2 1 1    35.0   33.0
 51 2205.950000 2.358E-25 3.744E+01.0457.0470 3477.58510.670.000000              2              1                    R 26      466620 2 2 2 2 1 0    55.0   53.0
 51 2206.353500 9.917E-20 1.858E+01.0527.0572  587.72090.68-.002870              1              0                    R 17      467663 2 2 2 2 1 1    37.0   35.0
 51 2208.724500 1.489E-25 3.762E+01.0451.0458 3579.97510.670.000000              2              1                    R 27      466620 2 2 2 2 1 0    57.0   55.0
 51 2209.508300 7.496E-20 1.869E+01.0519.0563  656.78920.67-.002650              1              0                    R 18      467663 2 2 2 2 1 1    39.0   37.0
 51 2211.459900 9.223E-26 3.781E+01.0446.0446 3686.11970.670.000000              2              1                    R 28      466620 2 2 2 2 1 0    59.0   57.0
 51 2212.625300 5.546E-20 1.880E+01.0510.0553  729.67740.67-.002790              1              0                    R 19      467663 2 2 2 2 1 1    41.0   39.0
 51 2214.156100 5.602E-26 3.798E+01.0441.0435 3796.01480.670.000000              2              1                    R 29      466620 2 2 2 2 1 0    61.0   59.0
 51 2215.704400 4.018E-20 1.891E+01.0500.0543  806.38280.67-.003130              1              0                    R 20      467623 2 2 2 2 1 1    43.0   41.0
 51 2216.812800 3.337E-26 3.815E+01.0436.0426 3909.65620.670.000000              2              1                    R 30      466620 2 2 2 2 1 0    63.0   61.0
 51 2218.745500 2.851E-20 1.901E+01.0491.0531  886.90240.67-.003140              1              0                    R 21      467623 2 2 2 2 1 1    45.0   43.0
 51 2219.430100 1.950E-26 3.832E+01.0430.0418 4027.03940.670.000000              2              1                    R 31      466620 2 2 2 2 1 0    65.0   63.0
 51 2221.748300 1.982E-20 1.912E+01.0483.0520  971.23320.67-.002780              1              0                    R 22      467623 2 2 2 2 1 1    47.0   45.0
 51 2222.007600 1.118E-26 3.849E+01.0425.0412 4148.16000.670.000000              2              1                    R 32      466620 2 2 2 2 1 0    67.0   65.0
 51 2224.545400 6.289E-27 3.866E+01.0420.0409 4273.01320.670.000000              2              1                    R 33      466620 2 2 2 2 1 0    69.0   67.0
 51 2224.712700 1.350E-20 1.922E+01.0475.0508 1059.37180.67-.002880              1              0                    R 23      467623 2 2 2 2 1 1    49.0   47.0
 51 2227.043100 3.471E-27 3.883E+01.0420.0409 4401.59430.670.000000              2              1                    R 34      466620 2 2 2 2 1 0    71.0   69.0
 51 2227.638600 9.011E-21 1.933E+01.0469.0495 1151.31500.67-.002680              1              0                    R 24      467623 2 2 2 2 1 1    51.0   49.0
 51 2229.500800 1.880E-27 3.900E+01.0420.0413 4533.89820.670.000000              2              1                    R 35      466220 2 2 2 2 1 0    73.0   71.0
 51 2230.525800 5.895E-21 1.943E+01.0464.0483 1247.05920.67-.003000              1              0                    R 25      467623 2 2 2 2 1 1    53.0   51.0
 51 2231.918200 9.990E-28 3.916E+01.0420.0413 4669.91990.670.000000              2              1                    R 36      466220 2 2 2 2 1 0    75.0   73.0
 51 2233.374300 3.780E-21 1.952E+01.0457.0470 1346.60080.67-.003000              1              0                    R 26      466623 2 2 2 2 1 1    55.0   53.0
 51 2234.295100 5.210E-28 3.932E+01.0420.0413 4809.65400.670.000000              2              1                    R 37      466220 2 2 2 2 1 0    77.0   75.0
 51 2236.183800 2.376E-21 1.962E+01.0451.0458 1449.93590.67-.003000              1              0                    R 27      466623 2 2 2 2 1 1    57.0   55.0
 51 2236.631500 2.667E-28 3.948E+01.0420.0413 4953.09530.670.000000              2              1                    R 38      466220 2 2 2 2 1 0    79.0   77.0
 51 2238.927200 1.340E-28 3.963E+01.0420.0413 5100.23810.670.000000              2              1                    R 39      466220 2 2 2 2 1 0    81.0   79.0
 51 2238.954100 1.465E-21 1.972E+01.0446.0446 1557.06070.67-.003000              1              0                    R 28      466623 2 2 2 2 1 1    59.0   57.0
 51 2241.182100 6.607E-29 3.978E+01.0420.0413 5251.07680.670.000000              2              1                    R 40      466220 2 2 2 2 1 0    83.0   81.0
 51 2241.685300 8.851E-22 1.980E+01.0441.0435 1667.97090.67-.003000              1              0                    R 29      466623 2 2 2 2 1 1    61.0   59.0
 51 2243.396000 3.199E-29 3.994E+01.0420.0413 5405.60550.670.000000              2              1                    R 41      466220 2 2 2 2 1 0    85.0   83.0
 51 2244.377000 5.247E-22 1.990E+01.0436.0426 1782.66240.67-.003000              1              0                    R 30      466623 2 2 2 2 1 1    63.0   61.0
 51 2245.568800 1.521E-29 4.011E+01.0420.0413 5563.81820.670.000000              2              1                    R 42      466220 2 2 2 2 1 0    87.0   85.0
 51 2247.029200 3.051E-22 1.999E+01.0430.0418 1901.13080.67-.003000              1              0                    R 31      466623 2 2 2 2 1 1    65.0   63.0
 51 2247.700200 7.089E-30 4.022E+01.0420.0413 5725.70890.670.000000              2              1                    R 43      466220 2 2 2 2 1 0    89.0   87.0
 51 2249.641700 1.739E-22 2.007E+01.0425.0412 2023.37150.67-.003000              1              0                    R 32      466623 2 2 2 2 1 1    67.0   65.0
 51 2249.790300 3.248E-30 4.037E+01.0420.0413 5891.27120.670.000000              2              1                    R 44      466220 2 2 2 2 1 0    91.0   89.0
 51 2251.838800 1.461E-30 4.052E+01.0420.0413 6060.49880.670.000000              2              1                    R 45      466220 2 2 2 2 1 0    93.0   91.0
 51 2252.214400 9.730E-23 2.017E+01.0420.0409 2149.37980.67-.003000              1              0                    R 33      466623 2 2 2 2 1 1    69.0   67.0
 51 2253.845600 6.450E-31 4.065E+01.0420.0413 6233.38510.670.000000              2              1                    R 46      466220 2 2 2 2 1 0    95.0   93.0
 51 2254.747200 5.340E-23 2.026E+01.0420.0409 2279.15100.67-.003000              1              0                    R 34      466623 2 2 2 2 1 1    71.0   69.0
 51 2255.810500 2.797E-31 4.080E+01.0420.0413 6409.92340.670.000000              2              1                    R 47      466220 2 2 2 2 1 0    97.0   95.0
 51 2257.239800 2.875E-23 2.034E+01.0420.0413 2412.68010.67-.003000              1              0                    R 35      466223 2 2 2 2 1 1    73.0   71.0
 51 2257.733400 1.191E-31 4.093E+01.0420.0413 6590.10690.670.000000              2              1                    R 48      466220 2 2 2 2 1 0    99.0   97.0
 51 2259.614200 4.979E-32 4.106E+01.0420.0413 6773.92860.670.000000              2              1                    R 49      466220 2 2 2 2 1 0   101.0   99.0
 51 2259.692100 1.519E-23 2.043E+01.0420.0413 2549.96190.67-.003000              1              0                    R 36      466223 2 2 2 2 1 1    75.0   73.0
 51 2261.452700 2.045E-32 4.119E+01.0420.0413 6961.38130.670.000000              2              1                    R 50      466220 2 2 2 2 1 0   103.0  101.0
 51 2262.104100 7.870E-24 2.051E+01.0420.0413 2690.99120.67-.003000              1              0                    R 37      466223 2 2 2 2 1 1    77.0   75.0
 51 2263.248800 8.246E-33 4.131E+01.0420.0413 7152.45790.670.000000              2              1                    R 51      466220 2 2 2 2 1 0   105.0  103.0
 51 2264.475500 4.003E-24 2.060E+01.0420.0413 2835.76270.67-.003000              1              0                    R 38      466223 2 2 2 2 1 1    79.0   77.0
 51 2265.002300 3.269E-33 4.147E+01.0420.0413 7347.15090.670.000000              2              1                    R 52      466220 2 2 2 2 1 0   107.0  105.0
 51 2266.713100 1.272E-33 4.159E+01.0420.0413 7545.45270.670.000000              2              1                    R 53      466220 2 2 2 2 1 0   109.0  107.0
 51 2266.806200 1.998E-24 2.068E+01.0420.0413 2984.27060.67-.003000              1              0                    R 39      466223 2 2 2 2 1 1    81.0   79.0
 51 2268.381000 4.859E-34 4.169E+01.0420.0413 7747.35570.670.000000              2              1                    R 54      466220 2 2 2 2 1 0   111.0  109.0
 51 2269.096000 9.787E-25 2.076E+01.0420.0413 3136.50950.67-.003000              1              0                    R 40      466223 2 2 2 2 1 1    83.0   81.0
 51 2270.005900 1.825E-34 4.182E+01.0420.0413 7952.85210.670.000000              2              1                    R 55      466220 2 2 2 2 1 0   113.0  111.0
 51 2271.344900 4.705E-25 2.084E+01.0420.0413 3292.47330.67-.003000              1              0                    R 41      466223 2 2 2 2 1 1    85.0   83.0
 51 2271.587700 6.731E-35 4.194E+01.0420.0413 8161.93380.670.000000              2              1                    R 56      466220 2 2 2 2 1 0   115.0  113.0
 51 2273.126100 2.440E-35 4.207E+01.0420.0413 8374.59270.670.000000              2              1                    R 57      466220 2 2 2 2 1 0   117.0  115.0
 51 2273.552700 2.220E-25 2.092E+01.0420.0413 3452.15620.67-.003000              1              0                    R 42      466223 2 2 2 2 1 1    87.0   85.0
 51 2274.621200 8.686E-36 4.217E+01.0420.0413 8590.82070.670.000000              2              1                    R 58      466220 2 2 2 2 1 0   119.0  117.0
 51 2275.719200 1.028E-25 2.099E+01.0420.0413 3615.55210.67-.003000              1              0                    R 43      466223 2 2 2 2 1 1    89.0   87.0
 51 2276.072600 3.040E-36 4.230E+01.0420.0413 8810.60930.670.000000              2              1                    R 59      466220 2 2 2 2 1 0   121.0  119.0
 51 2277.480300 1.044E-36 4.237E+01.0420.0413 9033.94990.670.000000              2              1                    R 60      466220 2 2 2 2 1 0   123.0  121.0
 51 2277.844200 4.675E-26 2.107E+01.0420.0413 3782.65460.67-.003000              1              0                    R 44      466223 2 2 2 2 1 1    91.0   89.0
 51 2279.927800 2.087E-26 2.115E+01.0420.0413 3953.45740.67-.003000              1              0                    R 45      466223 2 2 2 2 1 1    93.0   91.0
 51 2281.969600 9.142E-27 2.122E+01.0420.0413 4127.95390.67-.003000              1              0                    R 46      466223 2 2 2 2 1 1    95.0   93.0
 51 2283.969500 3.933E-27 2.130E+01.0420.0413 4306.13740.67-.003000              1              0                    R 47      466223 2 2 2 2 1 1    97.0   95.0
 51 2285.927500 1.661E-27 2.137E+01.0420.0413 4488.00110.67-.003000              1              0                    R 48      466223 2 2 2 2 1 1    99.0   97.0
 51 2287.843400 6.890E-28 2.145E+01.0420.0413 4673.53800.67-.003000              1              0                    R 49      466223 2 2 2 2 1 1   101.0   99.0
 51 2289.716900 2.805E-28 2.151E+01.0420.0413 4862.74100.67-.003000              1              0                    R 50      466223 2 2 2 2 1 1   103.0  101.0
 51 2291.548100 1.122E-28 2.159E+01.0420.0413 5055.60280.67-.003000              1              0                    R 51      466223 2 2 2 2 1 1   105.0  103.0
 51 2293.336700 4.406E-29 2.166E+01.0420.0413 5252.11600.67-.003000              1              0                    R 52      466223 2 2 2 2 1 1   107.0  105.0
 51 2295.082600 1.699E-29 2.172E+01.0420.0413 5452.27320.67-.003000              1              0                    R 53      466223 2 2 2 2 1 1   109.0  107.0
 51 2296.785600 6.436E-30 2.179E+01.0420.0413 5656.06650.67-.003000              1              0                    R 54      466223 2 2 2 2 1 1   111.0  109.0
 51 2298.445600 2.394E-30 2.185E+01.0420.0413 5863.48810.67-.003000              1              0                    R 55      466223 2 2 2 2 1 1   113.0  111.0
